3.839796425520693255e-03
2.008891836964350319e-03
1.024641622867815752e-02
1.970995757886249977e-02
2.876678472437311368e-02
4.599920191020754473e-02
7.391410730820473229e-02
1.038820491656096412e-01
1.875356832444536048e-01
3.337110339276824766e-01
4.842062319714127150e-01
7.064084963421282115e-01
1.074083733794201079e+00
1.483742272881536151e+00
1.841109005675615418e+00
2.039078990509556988e+00
2.108113117031112704e+00
2.142729396063970171e+00
2.128132310613996214e+00
2.124105306169627116e+00
2.004254132175503855e+00
2.110458953262857040e+00
2.217609551621222863e+00
2.382724022061916802e+00
2.508985603537353004e+00
2.852734848556968572e+00
3.146201577688039652e+00
3.665549161214466611e+00
4.561382629737242844e+00
5.298433731851665662e+00
5.850586839433027819e+00
5.463411953733614546e+00
4.954651877983524244e+00
4.567743004042661426e+00
5.199153058404190730e+00
6.286770406116889198e+00
7.279720038849370134e+00
7.858190743771048759e+00
9.006651218036779483e+00
9.653124952747532461e+00
9.264447588192730620e+00
8.830221020022037237e+00
8.550692886845075336e+00
8.939957161379327388e+00
9.296116655863663425e+00
9.100037395287987607e+00
8.479227631205938920e+00
8.891918120249705737e+00
1.013541656947875325e+01
1.247571109842720105e+01
1.515805949689439736e+01
1.853006394145783631e+01
2.091986846527672839e+01
2.056760827127538604e+01
1.893198852558697709e+01
1.778440569153217155e+01
1.756271329702055439e+01
1.802226063168553694e+01
1.842587827839235004e+01
1.990812966925848215e+01
2.204618153768556255e+01
2.365502054236968732e+01
2.489930053216068018e+01
2.528755572574839050e+01
2.423977046473034846e+01
2.263988308250079484e+01
2.156152455796112832e+01
2.050210774395996438e+01
2.127076356085905573e+01
2.217634123934148249e+01
2.567528826480032222e+01
3.003853457060463938e+01
3.247314327629168673e+01
3.388591353386475191e+01
3.186406991388709287e+01
3.087512696038417204e+01
3.154262104464384819e+01
3.331984659819015349e+01
3.703551643492100709e+01
4.014102692843539444e+01
4.381796802868693419e+01
4.567617992936628468e+01
4.751547229512078019e+01
4.949741876191219347e+01
4.910709602950503694e+01
5.004987042760579641e+01
5.333357157322010522e+01
5.092565911213455365e+01
5.027506678830168596e+01
5.153424802320900255e+01
5.169651525742470710e+01
5.006624729522225437e+01
4.477089704990194008e+01
4.166640525198351952e+01
4.088800868638673336e+01
4.546600267601592549e+01
4.994057344406066790e+01
5.373180117614811024e+01
5.901634132882974626e+01
5.647774536603747464e+01
5.351121190677822170e+01
4.745375134671241568e+01
4.609509494832747833e+01
4.787590155224143729e+01
5.176588498939939598e+01
6.036146054830025065e+01
6.012190123867438984e+01
5.862493918570314122e+01
5.695635376386633197e+01
5.724421686135695353e+01
5.907714302035510912e+01
5.843766484525762905e+01
5.613538551780306562e+01
5.024653823861511626e+01
4.661395395184894852e+01
4.448366349365812766e+01
4.096052150141318293e+01
4.014797104352336277e+01
4.029332447247882243e+01
3.886732270344076312e+01
3.680908120431409003e+01
3.570697928315362901e+01
3.603888475779992007e+01
3.628366612186582074e+01
4.091109532419099537e+01
5.005229756925825058e+01
5.841995442023991103e+01
6.439243900881487548e+01
6.965915814527254213e+01
7.450860457047043894e+01
8.022568081853469835e+01
8.089250092230537348e+01
8.266144290025421526e+01
8.437259138854756202e+01
8.674197741959694952e+01
9.120174582608019875e+01
9.569303778492565016e+01
1.003842427369540218e+02
1.073778627115603541e+02
1.147316466675430746e+02
1.241821021952459176e+02
1.304446299988890701e+02
1.318101954326085945e+02
1.320492301885307427e+02
1.312005249204911195e+02
1.283931949133484522e+02
1.268579352594676948e+02
1.260287153474061483e+02
1.263823831619225047e+02
1.233988911348973687e+02
1.214499507386462653e+02
1.223121509440604910e+02
1.202609884082335299e+02
1.140063290553362378e+02
1.059528707966030794e+02
9.630000751115699131e+01
8.768431585560696817e+01
8.009148037355974736e+01
7.763515730020610306e+01
7.680738024320575619e+01
7.746694928706018857e+01
8.065739759958637478e+01
8.498126178715065748e+01
8.488249278620118332e+01
8.411153074407606312e+01
8.616780173419743960e+01
8.672821825865695189e+01
8.809051796564043002e+01
9.007571081893482301e+01
9.361152564157660549e+01
9.339224605512418975e+01
9.493694964213206333e+01
9.412238230926168114e+01
9.145707946473113736e+01
8.989199087429061308e+01
9.020875657497262523e+01
8.885884703012169439e+01
8.904749144908413427e+01
8.989682341179215541e+01
9.027128338722748424e+01
9.601268285140942282e+01
9.997352166344737157e+01
1.010566212791490557e+02
1.049478511629356348e+02
1.124365019680179500e+02
1.231219884260632682e+02
1.289615550015757606e+02
1.313594943398885562e+02
1.266025599102250254e+02
1.209946919126598317e+02
1.145942886004276460e+02
1.099311764062612440e+02
1.076054441356429550e+02
1.055655499039520180e+02
1.086241188142648895e+02
1.112549423988122328e+02
1.102933554602514192e+02
1.104616345105213355e+02
1.102291729278721846e+02
1.113294197000524122e+02
1.107162363946305277e+02
1.066499419536558975e+02
1.004776716492467585e+02
9.334450323768659530e+01
8.554667493445188597e+01
8.088352308589303163e+01
7.804849155773467828e+01
7.422799527657221574e+01
7.157292411513229524e+01
7.162178108556422274e+01
7.271738809138759052e+01
7.420251397193813148e+01
7.774093168774676599e+01
8.071856695413065097e+01
8.527850310926267241e+01
8.716133156786736436e+01
8.700306882941497122e+01
8.551415546961843006e+01
8.285677413675141167e+01
8.361249007291503688e+01
8.288216383188603231e+01
8.303122060918303760e+01
9.011674096888981467e+01
9.799287057598856165e+01
1.035504224762070606e+02
1.055910683204999003e+02
1.050188847831109626e+02
1.036345802259606756e+02
1.022019779181623136e+02
9.684043190722034922e+01
9.406440224908573100e+01
9.136065538680054487e+01
9.134123055287196280e+01
9.289827640432854139e+01
9.874178207590168199e+01
1.074019938822240192e+02
1.140455178492720449e+02
1.163161094928215533e+02
1.187376662149201394e+02
1.194757375471568537e+02
1.149399844356266414e+02
1.089325023324673936e+02
1.042407964854642870e+02
1.009127299358167988e+02
1.012100792079152001e+02
9.865630724418264208e+01
9.612038665176541485e+01
9.332174160107722116e+01
9.204918447405600546e+01
9.484681613743541106e+01
9.816472343258377009e+01
1.001690040651656233e+02
1.033751380416942425e+02
1.079490443838966343e+02
1.097737755980368490e+02
1.141845529130581838e+02
1.140249777864905099e+02
1.124665154552548216e+02
1.131230955920792809e+02
1.142969491160644395e+02
1.154391555050621605e+02
1.168546045100023036e+02
1.186982748817569870e+02
1.150152518898892566e+02
1.106756560118866020e+02
1.055991384923480041e+02
9.882455768724865663e+01
9.329613686633575753e+01
8.955140752945233373e+01
9.051332728137330719e+01
9.417082810867320575e+01
9.521932869420311363e+01
9.407357611357745952e+01
9.399026168564077466e+01
9.316855773594204493e+01
9.381138352655055712e+01
9.720691664642315288e+01
1.000729627760564995e+02
1.042360315342534562e+02
1.091881637816569111e+02
1.123601242733876546e+02
1.113821943601434157e+02
1.114409888846935246e+02
1.167191070012707570e+02
1.230178525476419651e+02
1.259130433276524030e+02
1.198493413361682798e+02
1.088167352998713113e+02
1.008750086960923795e+02
9.482317294927962337e+01
9.254449736064167098e+01
9.083548608760597176e+01
8.675234363162944362e+01
8.632113866692840531e+01
8.638472405795219800e+01
8.616643416474971673e+01
8.614414036575378475e+01
8.533310361655219367e+01
8.447599050331974979e+01
8.389317287721640071e+01
8.325883434287447926e+01
8.362714376203375366e+01
8.267007504122088335e+01
8.127918695749251299e+01
7.759984350244720019e+01
7.437062458644086860e+01
7.283524402122733932e+01
7.290146472077221063e+01
7.246316695352402348e+01
7.110584092707311754e+01
7.176011705157245046e+01
7.203635867894624312e+01
7.276308131353297881e+01
7.057580222788294577e+01
6.746650754720759835e+01
6.680854643516748581e+01
6.714614118599322978e+01
6.709389068101602049e+01
6.754816670386968269e+01
6.880979294906744315e+01
7.196552412667821841e+01
7.104694016094624942e+01
6.937041691688693845e+01
6.877272682976347085e+01
6.620507217425165436e+01
6.354685096786482035e+01
6.465518490861285272e+01
6.456188474413934841e+01
6.534613222326989046e+01
6.586978645067294735e+01
6.453706400469071980e+01
6.658277904780945278e+01
6.919971948489725833e+01
7.421617508588889223e+01
7.722491429358957760e+01
7.718984849741281096e+01
7.681651984757129981e+01
7.505243106816284637e+01
7.413843311216173504e+01
7.233397561013060795e+01
7.140235753116581918e+01
6.896187261108667599e+01
6.798970409656372738e+01
6.628479349157201739e+01
6.640213099290841114e+01
6.974551943167678303e+01
7.343099257062455365e+01
7.763265352137250375e+01
7.999090702251798746e+01
7.875361204150046035e+01
7.846361824660318973e+01
8.062671246044764928e+01
8.134506545678000577e+01
8.342633879933671892e+01
8.660989613583878111e+01
8.693962617062126697e+01
8.796820549086385199e+01
8.884772280145030265e+01
8.851264855425742439e+01
8.644323766728759040e+01
8.245393547527930878e+01
8.021125891856344481e+01
7.806289257427731343e+01
7.846839618381433468e+01
8.102999374571139413e+01
8.306630913178612730e+01
8.248056851540593470e+01
8.043023969701293652e+01
7.826892172434349959e+01
7.567659841008530464e+01
7.475732302549633346e+01
7.536142286425024395e+01
7.773443714149030370e+01
8.104712986479857761e+01
8.550718359440422489e+01
8.949635787317971847e+01
9.261493529462586594e+01
8.959058642705888076e+01
8.144352630969655138e+01
7.299097823338718172e+01
6.428140417394804729e+01
6.032672148624094177e+01
5.823431091036864871e+01
5.716564649082899052e+01
5.845979667120109013e+01
6.160273023737902776e+01
6.442773443198279892e+01
6.762701545476028286e+01
6.746776792282042834e+01
6.708473342201834555e+01
6.804558111667952858e+01
7.132851123228552126e+01
7.070434913495503793e+01
7.452789189067405573e+01
7.498764896550824233e+01
7.559015148884967061e+01
7.494257071450874719e+01
6.989376139978109848e+01
6.686344785672041269e+01
6.880685574593273657e+01
6.759373444356295124e+01
7.015887503784831836e+01
7.036281986271299616e+01
7.058617033492615178e+01
7.364720015594566860e+01
7.636958768398869779e+01
7.664378437004207001e+01
7.515305335733226855e+01
7.759925607711592477e+01
8.100640692955261102e+01
8.345891240865802274e+01
8.162122017115318329e+01
7.760094502098183966e+01
7.219840043163421228e+01
7.074390056009171701e+01
6.847944750821147863e+01
6.896512292945857325e+01
7.061093392870995444e+01
6.959869343380485418e+01
7.086692247189519378e+01
6.899073076984726072e+01
6.782652752493764581e+01
6.609681944224995220e+01
6.582265788753750257e+01
6.602217302070714311e+01
6.742991254952384850e+01
6.646120856425154955e+01
6.578718775129627261e+01
6.160977143282892143e+01
5.816441613329601523e+01
5.586227459077279178e+01
5.466463354729220470e+01
5.319647763398744900e+01
5.048491540844311487e+01
4.802363186281376528e+01
4.588357956055020992e+01
4.467477331346283620e+01
4.360667767136804684e+01
4.376292559445413133e+01
4.463427473921986177e+01
4.504681240681627941e+01
4.569669229951124834e+01
4.610812068985278955e+01
4.667242708803790663e+01
4.781555601848430825e+01
4.655411125084722812e+01
4.574062128572924024e+01
4.706368623177121435e+01
4.713947328982778373e+01
4.722611570545169002e+01
4.800376472587390708e+01
4.891530568259289424e+01
4.774984821630118859e+01
4.653138815237742421e+01
4.530785006337428911e+01
4.472035313278980340e+01
4.360268781368430524e+01
4.413829948038621609e+01
4.664858358888314172e+01
5.075419384638590259e+01
5.341130373228789807e+01
5.611507866751806262e+01
6.046806447086812852e+01
6.157493261736242118e+01
6.161112119149295552e+01
6.304902050488681198e+01
6.201544133869847286e+01
6.137295219088312592e+01
5.955648141008038721e+01
5.504491422614572116e+01
5.089264437530259499e+01
4.813650637460921189e+01
4.757411479657277908e+01
4.888971911897106537e+01
4.954653856950168489e+01
4.953902517887212298e+01
5.143845115393799006e+01
5.637426252781894931e+01
5.906508703361658519e+01
5.990294854660794499e+01
6.010327507927339497e+01
5.840944886111299184e+01
5.768447033090877341e+01
5.687787852911689868e+01
5.532797400763335105e+01
5.347149019545243220e+01
4.874576484952236655e+01
4.535145723657493733e+01
4.440152746555566665e+01
4.498829902117007151e+01
4.547012010374435675e+01
4.625754000607335570e+01
4.597095389011912658e+01
4.424353745260960835e+01
4.392555110350746617e+01
4.429787836780799637e+01
4.475047600718095708e+01
4.454454150301479842e+01
4.265175771064623689e+01
4.012360405224115567e+01
3.755704168093638629e+01
3.612825196964030283e+01
3.384072605206714712e+01
3.124060002602681152e+01
2.920349341537378862e+01
2.870040606406844219e+01
3.138091760915103023e+01
3.551170056504599870e+01
3.968944004785288371e+01
4.069510096128512089e+01
3.750549994732350001e+01
3.527862527822145466e+01
3.364781234704167190e+01
3.334960104569496764e+01
3.307180985874541790e+01
3.315101602334453190e+01
3.294773403784919452e+01
3.199014063359733484e+01
3.071072748530994900e+01
2.909761026416724761e+01
2.816691616552932231e+01
2.906768618476011667e+01
3.166341477680003536e+01
3.366804649114266113e+01
3.607890193851673644e+01
3.827333516182726925e+01
3.978951203094317179e+01
4.216423030593696097e+01
4.230731123640194369e+01
4.329696761221767787e+01
4.528666096043553324e+01
4.800980019859133563e+01
4.965363937041066578e+01
5.070247417393062506e+01
5.191565397685979377e+01
5.151710052539252871e+01
5.019882961282909406e+01
4.753115759423542386e+01
4.657219159004802123e+01
4.575491919746579583e+01
4.424622178118473670e+01
4.309576667495340274e+01
4.183469375012028735e+01
4.081272279305507311e+01
3.996532910703572128e+01
3.891690760987660269e+01
3.877826378427179321e+01
3.869861345380180495e+01
3.866464306497118031e+01
3.851310677909293645e+01
3.902431881693931359e+01
3.909585053599056437e+01
4.147159284111238264e+01
4.110085224346329369e+01
3.851629425690475728e+01
3.606066577252634175e+01
3.199671600638452418e+01
3.060967272878771794e+01
3.191032584835210173e+01
3.329682530431988852e+01
3.489402779121885345e+01
3.578159741940233118e+01
3.596934846362791660e+01
3.609177165948015897e+01
3.600440922037464730e+01
3.543768554234915058e+01
3.495619422098236839e+01
3.462221894156954960e+01
3.441037118405324691e+01
3.454684794882838617e+01
3.436956407792907697e+01
3.363322994561131907e+01
3.456319056380894494e+01
3.619538802177158487e+01
3.699840354737419545e+01
3.676478495732663276e+01
3.587325514282660066e+01
3.732777892406315345e+01
3.878123443983969310e+01
4.026617428273892330e+01
4.220650902589898834e+01
4.262617177444652583e+01
4.068363985115301773e+01
3.859989463983261970e+01
3.787089289001522019e+01
3.663648646850682411e+01
3.496071164272719045e+01
3.295681649321628726e+01
3.047367324622561213e+01
2.841487967781995394e+01
2.647323649630580533e+01
2.564752453855307479e+01
2.474875198328308556e+01
2.452149966348835974e+01
2.370856848600998745e+01
2.335404591609064440e+01
2.323333550383353341e+01
2.261234475863882665e+01
2.281148086010516352e+01
2.329140205359702875e+01
2.484471239545507260e+01
3.138238525090473630e+01
3.595000997054465586e+01
3.912903852032980723e+01
3.891862703168278870e+01
3.491068858959960863e+01
3.072442459600253173e+01
3.116161193665817208e+01
3.277862982700460037e+01
3.343737130817589787e+01
3.460892157820223503e+01
3.245367041729738133e+01
3.058992202797029236e+01
3.003042784897677109e+01
3.126961535647923895e+01
3.218571014688994580e+01
3.269943083604679401e+01
3.307008309533572543e+01
3.112379872572194373e+01
2.928175812409731904e+01
2.814111213460769534e+01
2.873775132642754926e+01
3.013842559023976619e+01
3.147119240763899484e+01
3.291363316933414751e+01
3.620796503950705869e+01
3.833959561134510352e+01
3.871180404117172458e+01
3.798328657673987152e+01
3.620040170392497458e+01
3.386932901770608595e+01
3.298500963895980931e+01
3.216936915341964465e+01
3.117925904115771729e+01
2.996878632438553325e+01
3.024302480911730129e+01
3.227681610352428265e+01
3.502851463782717190e+01
3.595441164340349616e+01
3.708589275027410537e+01
3.761861750305438079e+01
3.897528706953622901e+01
4.049080716252813517e+01
4.222718586963534904e+01
4.355399105983185848e+01
4.399987862546466033e+01
4.376801216469745270e+01
4.482964166212065038e+01
4.597189027921832860e+01
4.601591932384221906e+01
4.562685868248932053e+01
4.488497382234844935e+01
4.470158880525488598e+01
4.458678799591720576e+01
4.381922644990437732e+01
4.113660796292128907e+01
3.957390583527502059e+01
3.867224386671509251e+01
3.830902368813278969e+01
3.760564582285802970e+01
3.717904166968416035e+01
3.651593162284526528e+01
3.686399001375923490e+01
3.833116680778267948e+01
4.077177242221995357e+01
4.182336682064442357e+01
4.175486860038331116e+01
4.031007553967950940e+01
3.846558712107836442e+01
3.635290844652085696e+01
3.545303289612169095e+01
3.501410933119588975e+01
3.484618381031450696e+01
3.409907327130451904e+01
3.382362149956642128e+01
3.377137861165559229e+01
3.371254681295215505e+01
3.369233909399137161e+01
3.335694341947290553e+01
3.229158555690956689e+01
3.123818401245387477e+01
3.013218357790803026e+01
2.901293438614807485e+01
2.774550407918686545e+01
2.533392909055016062e+01
2.397377463838276412e+01
2.383687260580900968e+01
2.439688535252517454e+01
2.572144668124309419e+01
2.632997075111235930e+01
2.606472238899609195e+01
2.544830677302172717e+01
2.534519608564024296e+01
2.623253615675696793e+01
2.596743219821438231e+01
2.529800972792960323e+01
2.490513426891518378e+01
2.501843879518375857e+01
2.534818452361515284e+01
2.687578807592208108e+01
2.811007421742577250e+01
2.888457067854881188e+01
3.000826498840500278e+01
3.183663339886874155e+01
3.335715237400712141e+01
3.451010493513621924e+01
3.531778494708214566e+01
3.477350864104867156e+01
3.217597573558319368e+01
3.143261171993889747e+01
3.091336289068826204e+01
3.062691491197174898e+01
3.010387877362969888e+01
3.021973879279766351e+01
3.048678689469469205e+01
3.121270853458166528e+01
3.225768941898049036e+01
3.367089216250735006e+01
3.448467875046664943e+01
3.472751151829282179e+01
3.460155614927423784e+01
3.433821331639584429e+01
3.323563956782807338e+01
3.089681990752139384e+01
2.972940046274992909e+01
2.893559174923501942e+01
2.902230310541633074e+01
2.918238007372197629e+01
3.089582622786375055e+01
3.251003012832064343e+01
3.391925347553003434e+01
3.588835018398600596e+01
3.656275662649211711e+01
3.699871944535832569e+01
3.722963211535280692e+01
3.760578684075633760e+01
3.882392662887199464e+01
4.112229379163969867e+01
4.377616084593913115e+01
4.529610699206576641e+01
4.595587962053448194e+01
4.696683858625362973e+01
4.818111012122964354e+01
4.804279115458667349e+01
4.670915108699228568e+01
4.473980304330784463e+01
4.304403227248630515e+01
4.147209091832667127e+01
4.055617348285546342e+01
3.899350107701080503e+01
3.771604251829214860e+01
3.635082410306745260e+01
3.518568983094038316e+01
3.403641283232283143e+01
3.264483594658391041e+01
3.111081816341121709e+01
2.925350360296152630e+01
2.747119427964050686e+01
2.732415098699071976e+01
2.718449131061190371e+01
2.793285951549150781e+01
2.847258037976401468e+01
2.965603302209230208e+01
3.261404186827913776e+01
3.502524044780641788e+01
3.728933446002834984e+01
3.975958681485452928e+01
4.181503528704432426e+01
4.000515166709063664e+01
3.863073663241792843e+01
3.718196546148296022e+01
3.587579128082683155e+01
3.448217985699924526e+01
3.154598638984645120e+01
2.889349527403416573e+01
2.604649553442963494e+01
2.330645786514990547e+01
2.031411404462319581e+01
2.013265324889959729e+01
1.997099706149552389e+01
2.013462328071953422e+01
1.958770553889370092e+01
1.824344937615052231e+01
1.773656471256143874e+01
1.752564913479819708e+01
1.742973491572201539e+01
1.735741026236605933e+01
1.751944688345432866e+01
1.961987594063831608e+01
2.155217008537387713e+01
2.383223194477888285e+01
2.647219939062431493e+01
2.883963929916678026e+01
2.848463748673553297e+01
2.877297193521565433e+01
2.918015887507558048e+01
2.944719920154835435e+01
2.809623886342392751e+01
2.857766801566419801e+01
2.901495730094783809e+01
2.972050946198751831e+01
3.030409695770600464e+01
3.097863042287001889e+01
3.127553097487162859e+01
3.143206557909372378e+01
3.154174953353224709e+01
3.166445078198287533e+01
3.187323905835821947e+01
2.998790121911478579e+01
2.809101170058776376e+01
2.602210259726030372e+01
2.349176786082607293e+01
2.118494338647316511e+01
2.086754258196515366e+01
2.077856938540811527e+01
2.076890982037054201e+01
2.210002483779873117e+01
2.362379504695118371e+01
2.260165212411216018e+01
2.087219080190002884e+01
1.880062560559925799e+01
1.660047245169396035e+01
1.471144155349993810e+01
1.491283754336881628e+01
1.592002644187476612e+01
1.700064590430377720e+01
1.825163463629048621e+01
1.911888748972086205e+01
2.006540771773509491e+01
2.104172224449607853e+01
2.209608262257978240e+01
2.336301954294054184e+01
2.480002640215434084e+01
2.360408420006019625e+01
2.165791892018384956e+01
1.991697744759882482e+01
1.790292092297295667e+01
1.621393148437074672e+01
1.714314664966132895e+01
1.923089601148499739e+01
2.145613850634295972e+01
2.325685955811202987e+01
2.501514785999798107e+01
2.468492445100654109e+01
2.397801715954306445e+01
2.322376312719283220e+01
2.241841237430234557e+01
2.130270385882725392e+01
2.074372021224809259e+01
2.063815893434771809e+01
2.046432900300327873e+01
2.028313152597314328e+01
2.054424791644213855e+01
2.124562795898042822e+01
2.243833355943456098e+01
2.381105268429388389e+01
2.494581693878157225e+01
2.552535738378837848e+01
2.679753016674099797e+01
2.807028370376412951e+01
2.927556982969511168e+01
2.899532975102881238e+01
2.758277660787111429e+01
2.545166943836612461e+01
2.393032796223024050e+01
2.346595375526220550e+01
2.276233230161947674e+01
2.251417735628196226e+01
2.211366132810395513e+01
2.113078056561932883e+01
1.996928766898717456e+01
1.859995508537205922e+01
1.732849636544382932e+01
1.658586027330007440e+01
1.673163099473512361e+01
1.698237704188801089e+01
1.752601179168447132e+01
1.795582471614937248e+01
1.895901706886776950e+01
2.002829752201766311e+01
2.111627441581544318e+01
2.222814415976811731e+01
2.328331076430603019e+01
2.338403360718177737e+01
2.255829179653818528e+01
2.118675912683725571e+01
1.946024719896194100e+01
1.749029908660866184e+01
1.736537368005600257e+01
1.838856762399043632e+01
1.907184551124597505e+01
2.012758748283762955e+01
2.142983427371807537e+01
2.119296048510701169e+01
1.986994306629346951e+01
1.829426926312569179e+01
1.694400584307341262e+01
1.566335680086952209e+01
1.545172127391297856e+01
1.644726537361837870e+01
1.748876006294129226e+01
1.817576352736241319e+01
1.838356626349278500e+01
1.840046133871950573e+01
1.800466597271674019e+01
1.768702517127224283e+01
1.761850162556558885e+01
1.783444247987884523e+01
1.863944552617521211e+01
1.990467503599007770e+01
2.124761538095513203e+01
2.256707716401969677e+01
2.406067156931224460e+01
2.487672465879058947e+01
2.483227580611849561e+01
2.422104477692657198e+01
2.351511128082943713e+01
2.293830322024130552e+01
2.204346956468449648e+01
2.052026562122790665e+01
1.897123996795985335e+01
1.741890311778305644e+01
1.618159710621320357e+01
1.540260135238441563e+01
1.543360683291120239e+01
1.535723480177990474e+01
1.473233536264780064e+01
1.414831214024212258e+01
1.385499245589096518e+01
1.434901949772686613e+01
1.503655863770790013e+01
1.563836556041539083e+01
1.630963671715510444e+01
1.775776441993114574e+01
1.953583189598579750e+01
2.027774083893283219e+01
2.066503250032301153e+01
2.099534422089493191e+01
2.157653090003390162e+01
2.211508360844093701e+01
2.251908569138970861e+01
2.277821811122090878e+01
2.286709346008727906e+01
2.273422667491094273e+01
2.215457734301902093e+01
2.178184686243285384e+01
2.116023859940802154e+01
1.999743452975862468e+01
1.876131982823566702e+01
1.684466152501249425e+01
1.502383178112025419e+01
1.342769471163154371e+01
1.176743192398922666e+01
1.074377587550961266e+01
1.328068838903070592e+01
1.609286585972645156e+01
1.930751168139173402e+01
2.285762924473583979e+01
2.617244144730489097e+01
2.582039589156344661e+01
2.536326247702801595e+01
2.485289869084244074e+01
2.438756242727147949e+01
2.387517946425856863e+01
2.132597805436925142e+01
1.859816287311938154e+01
1.613678963658620802e+01
1.387016628353748970e+01
1.166626890756131729e+01
1.249034758740793905e+01
1.341474629248438788e+01
1.471652503372153120e+01
1.642525144209948706e+01
1.788879978931722192e+01
1.738110773829096090e+01
1.674602291583746805e+01
1.598739934399968909e+01
1.511966984639975919e+01
1.425486078070426821e+01
1.448471525837989837e+01
1.449685017415364996e+01
1.425085202276222418e+01
1.406343084153913559e+01
1.388820244893608447e+01
1.383147730454684243e+01
1.379602317087440966e+01
1.352133083364493338e+01
1.320995091931848364e+01
1.324664597695958435e+01
1.342016795992596379e+01
1.345468770763534216e+01
1.355991411810675373e+01
1.328407024973449602e+01
1.360076105715157802e+01
1.495745633935137953e+01
1.653679397816628338e+01
1.780257623917681897e+01
1.864631754528646823e+01
1.809304483674971920e+01
1.749664224297464443e+01
1.738130886532530184e+01
1.777323079076809265e+01
1.849168104541151436e+01
1.867391148197068063e+01
1.681435875263224489e+01
1.483325508027916051e+01
1.303501264308772534e+01
1.133931670221534027e+01
9.656955821684110930e+00
9.832933638176047708e+00
1.048106567757310792e+01
1.132741717446798013e+01
1.269233736225168485e+01
1.406638948926894628e+01
1.608553274158123259e+01
1.821729444896400807e+01
2.024177296358880795e+01
2.224863754770850122e+01
2.381690983087664293e+01
2.336644345631424713e+01
2.164559885210154278e+01
1.975342781973607131e+01
1.801326166802565254e+01
1.638918812994899099e+01
1.577053411368638081e+01
1.527755872391260006e+01
1.524032571264559444e+01
1.576541597402849959e+01
1.640524503114221844e+01
1.612613217129556276e+01
1.543581215139045426e+01
1.489936479957974846e+01
1.472082908785126421e+01
1.441755831326228510e+01
1.516483619398681171e+01
1.640279968476003702e+01
1.763904347107618875e+01
1.828446979928823879e+01
1.857656698115011196e+01
1.883784798777298164e+01
1.911996862224546589e+01
1.964400666149880337e+01
2.005048833882085901e+01
2.054132613875140834e+01
2.014265157559520247e+01
1.964588170248197230e+01
1.893158557057914138e+01
1.839194617252809394e+01
1.817449282317809889e+01
1.950936462357608647e+01
2.153651404361351851e+01
2.353709705300326860e+01
2.556712816408881395e+01
2.765481268010601568e+01
2.842643703442066538e+01
2.848131212633941800e+01
2.844223739345403246e+01
2.826865758104061044e+01
2.740431710146466671e+01
2.676118418448138669e+01
2.594019066993617884e+01
2.455105212876344467e+01
2.326065854718730108e+01
2.177897222447394654e+01
2.050940454763064835e+01
1.925059337867459774e+01
1.810969480561483991e+01
1.689501187240631452e+01
1.571090567319837916e+01
1.558436939331414273e+01
1.632975481506404947e+01
1.729794611605215593e+01
1.824436965251923937e+01
1.902406973719026340e+01
1.887879880711576419e+01
1.778518262897658886e+01
1.673329419672523954e+01
1.475245375518499458e+01
1.260558944069123299e+01
1.091166334843858543e+01
9.925657493896324013e+00
8.996937295836739068e+00
8.139840950945785636e+00
7.936966373775562467e+00
8.031070052065908627e+00
8.323842195314801629e+00
8.980381093691844896e+00
9.517056920474221471e+00
1.002199773649556747e+01
1.080079128087992402e+01
1.151981506862691162e+01
1.184268652160469770e+01
1.245583294225021653e+01
1.328019806935266622e+01
1.390705130776701104e+01
1.429144299154683928e+01
1.533992314613070107e+01
1.617648055404034579e+01
1.703848851917324225e+01
1.701259837489498139e+01
1.553394960864363483e+01
1.389162503300681806e+01
1.228155723480767847e+01
1.028174511243472899e+01
8.965948802905543857e+00
9.016815698531342349e+00
8.989524076386803841e+00
9.060712904345161078e+00
8.827580666893835470e+00
8.851086570920299934e+00
9.226978527903886729e+00
9.471140943096628462e+00
9.920723409803143156e+00
1.047976686861108497e+01
1.077119721413385989e+01
1.047492569211668290e+01
1.002702439442649762e+01
9.332872485001967533e+00
8.459297056022053951e+00
7.505527137381209357e+00
6.944856046105273073e+00
6.992118205607453341e+00
6.839185891748329915e+00
6.642219289557859341e+00
6.356215502309827237e+00
6.156394036788267243e+00
5.969434610560771404e+00
5.893252644133510465e+00
5.868457469071743482e+00
6.042042842168221739e+00
6.500793044891015171e+00
6.950544741751111921e+00
7.383574442359130074e+00
7.819946275388037549e+00
8.232950189557064036e+00
8.200387712252039663e+00
8.267560360052803148e+00
8.033703672998880663e+00
8.415254473591975426e+00
8.904479432582851572e+00
8.773075479824244738e+00
8.508425311499832944e+00
7.389770495022027319e+00
6.308664649779076150e+00
5.481419374831895119e+00
6.141142046166327084e+00
6.948156908653610131e+00
7.786202117543632895e+00
8.566674223331800064e+00
9.375447492551330697e+00
9.415112647766303411e+00
9.230485766243479162e+00
9.148347168005631858e+00
8.929505979588306275e+00
8.658972229016301370e+00
8.622427149080172271e+00
8.335679476244587605e+00
8.006743482232881348e+00
7.942184574743331282e+00
7.963573390528488893e+00
8.019388107221868012e+00
8.357951043399520330e+00
8.793951332852969927e+00
9.060083394230492360e+00
9.137835081489111388e+00
8.835579970822591278e+00
8.268610846376901691e+00
7.708183365832870670e+00
7.342998249848991854e+00
7.059901123010886792e+00
7.526003880055832873e+00
8.682939440259374919e+00
9.802253678200715470e+00
1.075388463765717439e+01
1.149279087824598200e+01
1.111256130096590944e+01
1.069703594833001681e+01
9.975159055005816455e+00
9.164252382165576805e+00
8.241200610837173812e+00
7.547998395724435206e+00
6.911000927256773174e+00
6.247485194371947159e+00
6.039745950612837255e+00
6.194557311361710283e+00
7.314108402881099202e+00
8.500423356410985676e+00
9.626957814844157468e+00
1.105571780577853502e+01
1.145658808644400573e+01
1.105084343280655368e+01
1.068596727750278674e+01
1.026286671414536400e+01
9.872951836318248908e+00
9.363447602191854457e+00
8.432936643718402792e+00
7.454532503761772233e+00
6.425184774647420660e+00
5.321886273129963207e+00
4.765791616765187477e+00
4.872447127697800084e+00
5.129648840058362858e+00
5.446708471636806159e+00
5.813359837064585811e+00
6.299204907997797420e+00
7.257074283617231281e+00
7.853000932522268052e+00
8.600878368866926138e+00
9.392562523413785058e+00
1.015742255710931552e+01
1.020944429080164717e+01
1.032783307506745096e+01
1.070350066522427568e+01
1.083477119582023285e+01
1.113320261645366038e+01
1.088241784208325313e+01
1.027955250121394393e+01
9.741486659474949406e+00
9.246480914029588050e+00
8.819545389733608687e+00
8.970166196127413727e+00
9.497449081355634704e+00
9.663258906720136210e+00
9.757584688235938941e+00
9.655857041122233753e+00
9.291393892537039179e+00
8.979599613806742653e+00
8.544701409238388834e+00
8.189594683308305534e+00
8.287245365160575972e+00
8.465796154062669387e+00
8.625312142863359455e+00
8.876854625708322288e+00
9.606027049737528856e+00
1.008939475152604182e+01
1.059825300540832593e+01
1.092067170855253622e+01
1.073996895756135039e+01
1.039138163690423866e+01
1.026673147161756816e+01
1.068062221629216424e+01
1.082905534265177572e+01
1.072655855294115845e+01
1.029600762782056655e+01
9.746278311542665662e+00
9.218765125975114216e+00
8.973553190777968425e+00
9.025364006836225528e+00
8.955887371614089432e+00
8.984056955871452033e+00
8.813829616356969154e+00
8.536718204917502106e+00
8.259551750006767890e+00
7.650799295994860749e+00
6.862173484164232562e+00
6.290073290696422070e+00
5.836504153360965397e+00
5.644590780997540413e+00
5.407920018118188565e+00
5.556923178398190721e+00
6.265644195945237804e+00
7.327360973939993194e+00
7.917960544152780500e+00
8.639566729016475932e+00
9.061172954100076282e+00
8.764967908584893053e+00
8.311490024731137183e+00
7.848025043259919009e+00
7.532876289402195447e+00
7.195012775639995972e+00
6.627251718901204569e+00
6.274910769573470937e+00
6.165167194377910498e+00
6.258541824535470255e+00
6.247987515399124447e+00
6.062242522135951717e+00
5.798965098102294213e+00
5.302346936133312205e+00
5.082057168310421424e+00
4.948818711641073342e+00
5.061691985773443037e+00
5.442891074705836552e+00
5.917220143917769626e+00
6.200964333280540863e+00
6.419520725387085847e+00
6.413157564960911827e+00
6.331290373911167002e+00
6.230014669540002714e+00
6.013451791143837433e+00
5.836674352737644789e+00
5.604677783535466418e+00
5.545490494126242176e+00
5.714937859168482959e+00
5.972220891128939613e+00
6.492664482947057891e+00
6.773448674724161123e+00
7.041938831194028303e+00
6.941275463178096850e+00
6.594429648904387875e+00
6.179029380122363690e+00
6.053253617077550608e+00
6.018976178588380854e+00
6.087715703844126303e+00
6.197744182271879509e+00
6.313859861396914575e+00
6.278417796850733090e+00
6.141554117073951602e+00
5.796976011998785872e+00
5.376054622138497940e+00
5.228731657225553775e+00
5.173018264186623583e+00
5.350286689120383521e+00
5.427432865971038467e+00
5.791832119948799651e+00
6.325446784657562382e+00
6.659665036118171955e+00
6.657097737810848237e+00
6.301366255541745787e+00
6.046742147375076648e+00
5.579437018837612783e+00
5.229588192199641661e+00
4.700805756857184825e+00
4.462686562945051172e+00
4.582553265134686526e+00
4.720807869475210694e+00
4.862800669867295866e+00
4.850796067926424371e+00
4.994362451916968482e+00
5.526781028632321124e+00
6.244440044641487830e+00
7.331391787666532878e+00
7.534428334711654962e+00
7.356314901936343631e+00
7.256873914918728907e+00
7.191926181423066389e+00
6.844348816416298220e+00
7.135146520100044576e+00
7.218726743504141119e+00
7.402740141764983406e+00
7.814849438378205448e+00
7.977083585168768920e+00
7.788127519039178992e+00
7.566510788928149545e+00
7.313135001917685507e+00
7.041480524393414875e+00
7.038781679439152228e+00
7.018377654666394072e+00
7.263165909689448085e+00
7.711562077531721293e+00
8.218772105736851685e+00
8.133659934052433371e+00
7.842557215843846130e+00
7.489042372981061568e+00
6.872067075568435435e+00
6.216630025037122032e+00
5.633404783082681000e+00
5.449988353467058566e+00
5.397622287226250926e+00
5.346102191459498165e+00
5.298886458577824143e+00
5.539584984216834762e+00
5.623486230705603717e+00
5.488654942361142375e+00
5.258603252814403994e+00
5.170224480713010884e+00
5.244066799334105689e+00
5.225181685222096029e+00
5.121020626869319692e+00
5.045093746307284022e+00
5.185191616241914936e+00
5.481863845832173787e+00
5.198739796330365870e+00
4.875327825199215148e+00
4.723991207728022168e+00
4.794268017590773923e+00
4.560988261021383217e+00
4.542006769775849939e+00
4.470796427849710319e+00
4.581508728855449242e+00
4.737909435584863438e+00
5.078193868102651720e+00
5.402264583922685048e+00
5.638100286196508826e+00
5.913954182544940430e+00
5.926198855591948700e+00
5.617838154943880724e+00
4.981360704203078527e+00
4.492512198170596882e+00
4.371519098192940156e+00
4.314110609889155512e+00
4.198719828506371599e+00
4.858260721443145691e+00
5.353858909382113396e+00
5.723379427258613816e+00
5.959810723375301045e+00
6.441431033035105891e+00
6.716984814764768608e+00
6.881228278683493293e+00
7.014007184217359026e+00
7.056051854274336677e+00
7.151093773797554398e+00
7.108811970874065800e+00
7.158973016101758624e+00
7.106499582522218361e+00
6.803344304329081105e+00
6.586533905501873676e+00
5.967184750823689932e+00
5.259221987212843175e+00
4.589557226675731627e+00
3.945486736271835326e+00
3.367038659068936735e+00
3.164716077740363342e+00
3.034678757073006050e+00
2.901439366915312235e+00
2.805912681529080910e+00
2.552301283269009513e+00
2.621752377814358326e+00
2.834882741783158355e+00
3.068184009373597476e+00
3.347770552108836117e+00
3.567539881219931264e+00
3.591818164400169433e+00
3.515645167518062220e+00
3.468318384569658352e+00
3.576696697844039541e+00
3.644029095396756013e+00
3.604578800234567115e+00
3.385041096568487617e+00
3.094595590499677140e+00
2.910339427119147615e+00
2.772967322689430247e+00
2.730042540917172023e+00
2.702822390031636601e+00
2.664735334582103210e+00
2.664428499608761047e+00
2.876060720671862025e+00
3.074496523584909102e+00
3.264494284195457396e+00
3.555934612830880859e+00
3.636159753237860670e+00
3.688701628700147950e+00
3.682603400268009697e+00
3.723279396417526144e+00
3.937262689908709312e+00
4.053337485369512549e+00
4.122277757270156329e+00
4.169139614104016900e+00
4.193713721845433007e+00
4.555523612574786441e+00
4.982968165725494281e+00
5.482473038862110570e+00
5.967582722485062163e+00
6.216631693494982791e+00
6.193953816477542063e+00
6.043826563196949664e+00
5.989521382799742888e+00
5.906144052765835539e+00
5.548734137294655255e+00
4.994211964119160463e+00
4.463962503851772290e+00
4.131946211961811777e+00
3.788151933412064576e+00
3.391706672356105567e+00
3.089208962080558507e+00
2.904532922742319112e+00
2.838594711259025960e+00
2.868239526481678237e+00
2.886092236787776599e+00
2.891656850684283686e+00
2.949451587271836317e+00
2.996161887568253412e+00
3.116246395495632981e+00
3.409119801607202849e+00
3.710729481342609937e+00
4.030016710856894946e+00
4.221502096452342201e+00
4.234735730037137991e+00
4.308070870804737496e+00
4.408694064038304994e+00
4.451314076279352605e+00
4.423273952910927953e+00
4.245929066380531580e+00
3.794321507994996789e+00
3.499510009543758571e+00
3.210871481337221667e+00
3.018915014807243669e+00
2.951536572079590304e+00
2.975402905382934726e+00
2.950885730579931643e+00
2.866413986647563306e+00
2.797648051595298835e+00
2.836268697790965465e+00
2.861418108756591305e+00
2.875488999823728964e+00
2.845043183057045511e+00
2.787688173091594113e+00
2.767945044592197146e+00
2.748049422204243974e+00
2.673778220398293382e+00
2.624829174139954535e+00
2.618416693690949870e+00
2.620319107448757290e+00
2.769836045604547881e+00
2.775333178786404620e+00
2.829684871588702411e+00
2.818836879994554678e+00
2.763895791276231417e+00
2.708931699419513173e+00
2.675003904976590796e+00
2.567191170972834779e+00
2.593946186891511463e+00
2.694321013550582400e+00
2.629509974637819880e+00
2.542043628195715499e+00
2.520875475047839043e+00
2.524985055445447379e+00
2.558241036133748647e+00
2.692080075008816298e+00
2.826334573862581578e+00
3.005335161680150247e+00
3.222689923169946624e+00
3.451093406005145248e+00
3.486138603547539461e+00
3.271527150150339569e+00
3.194508012570180799e+00
3.208614537802439326e+00
3.314258993154638233e+00
3.244723960779928973e+00
3.009836404074934357e+00
2.663238640044544248e+00
2.443459606523729732e+00
2.487803486131186848e+00
2.519200163372047552e+00
2.544545702999592152e+00
2.374667791101707781e+00
2.221137313899431920e+00
2.139923519627437098e+00
2.298429662285985220e+00
2.355137596496904795e+00
2.271070103180185207e+00
2.098047010081740549e+00
2.128025634233416508e+00
2.364905401085798609e+00
2.533938690689578888e+00
2.796076530157364459e+00
3.120532772501072305e+00
3.368908538057800328e+00
3.493823269883380433e+00
3.544870384079404690e+00
3.538663738380471102e+00
3.543820545979734060e+00
3.809614987807760311e+00
3.703337156341653724e+00
3.583555934849297131e+00
3.340923183915942118e+00
3.138673166810163728e+00
2.887223946543090669e+00
3.090431128750709799e+00
3.183580619615934193e+00
3.147867924529591299e+00
3.089514318497874168e+00
3.022050334732101717e+00
2.862164247182219068e+00
2.755646688685333690e+00
2.664555287438399311e+00
2.613898113101741583e+00
2.679422314265243799e+00
2.657646002921246087e+00
2.570925671969516824e+00
2.446224336189839477e+00
2.307722932868973231e+00
2.214681136200166378e+00
2.426501025826410807e+00
2.400181230133572097e+00
2.417029389826283126e+00
2.382171989134747925e+00
2.330446470283424887e+00
2.388717124359007293e+00
2.486862835710356379e+00
2.508237790589747274e+00
2.369326789148741064e+00
2.156725063667183306e+00
2.263004069599762413e+00
2.542784136756900182e+00
2.719204924126002343e+00
2.733747788850129812e+00
2.618489903966260801e+00
2.500577891727618240e+00
2.554684523592273937e+00
2.788618176173482510e+00
3.075195826561730073e+00
3.045709282243654226e+00
3.084992387516747758e+00
3.061928211682094059e+00
3.023553723506294144e+00
3.065091417794387318e+00
2.989114620080842055e+00
2.915637773510675768e+00
2.626072040034027832e+00
2.363364967840721587e+00
2.436544476863887532e+00
2.435046898284257910e+00
2.434402485790952753e+00
2.484246047679674163e+00
2.620481922546923581e+00
2.672023624485686533e+00
2.633490821817732641e+00
2.606406536686960429e+00
2.614751071898687051e+00
2.698909293374711194e+00
2.967807033748430801e+00
3.181715613794195541e+00
3.311146384433600875e+00
3.490105306514120542e+00
3.829194234163921795e+00
4.225180361383142902e+00
4.656238870892882353e+00
4.999025143853827124e+00
5.183042784587641449e+00
5.117295450007235402e+00
5.335255867028079635e+00
5.260501476200593274e+00
5.156986870196390349e+00
5.099892754104034864e+00
4.842952473849124750e+00
4.707218562196085365e+00
4.675849727129373967e+00
4.717750115249903509e+00
4.777226754892937244e+00
4.690023785370581066e+00
4.642375981928604567e+00
4.693754098191138091e+00
4.735428143944399260e+00
4.778065561220204316e+00
4.603854119182241966e+00
4.406920332170956911e+00
4.264061712077430677e+00
3.983332090022750016e+00
3.695684609140863497e+00
3.515168464543752869e+00
3.222996571375231767e+00
3.003132252771361532e+00
2.849001969500213782e+00
2.797678090749232016e+00
2.607383311871930065e+00
2.510208059761239507e+00
2.353787405248584097e+00
2.345419240559976526e+00
2.558264640998935580e+00
2.698365734715135300e+00
2.511135609256422541e+00
2.346013196115215749e+00
2.294353641346065231e+00
2.339063540468184321e+00
2.396355907320625089e+00
2.436899850034075943e+00
2.246391997667648965e+00
1.920350117805403656e+00
1.772640870141434455e+00
1.684281908135373484e+00
1.607418781238934669e+00
1.617292319904627185e+00
1.645638046429564794e+00
1.702935400444860914e+00
1.837522395977677636e+00
1.984507620499843528e+00
2.146607377278160200e+00
2.332774230015988159e+00
2.603210702688870892e+00
3.031142115714628993e+00
3.233105312709909640e+00
3.279804877917714467e+00
3.282887486451600001e+00
3.426088372647334346e+00
3.447469735377631128e+00
3.527551010410946208e+00
3.461389967253777122e+00
3.161534121870259728e+00
2.794865785724525598e+00
2.747948901979463177e+00
2.775327646234555523e+00
2.828708938697895192e+00
2.787228708939226696e+00
2.547907204635547096e+00
2.298969170291096820e+00
2.143036941921526495e+00
2.147980031817289692e+00
2.126419074838636014e+00
2.086792967887885375e+00
2.056980172750632274e+00
2.022787538425562026e+00
1.983036793587682478e+00
1.971211422350135800e+00
1.790279257288712511e+00
1.683027652762915549e+00
1.643122509095010786e+00
1.707895545318436348e+00
1.873773059154306253e+00
1.917950916560679619e+00
1.935450498041078493e+00
2.015657984935582459e+00
2.124059406038474762e+00
2.279040199005986977e+00
2.368366155966640019e+00
2.535075105386041638e+00
2.769625906587510844e+00
2.954524732202875814e+00
3.138680917991211849e+00
3.033822754354330353e+00
2.890324701757038373e+00
2.725716014078318317e+00
2.540730426961305355e+00
2.361445806598877706e+00
2.256527077967619199e+00
2.186492239071494925e+00
2.100006442858331823e+00
2.088518132054899112e+00
2.167310927470605719e+00
2.374026694699849838e+00
2.612007733367552209e+00
2.853207080740147727e+00
2.930990122183528612e+00
3.016501478699756156e+00
2.926095413212524310e+00
2.698011967310840475e+00
2.469894486489863095e+00
2.263464761117329527e+00
2.245807763289275005e+00
2.208751410212939081e+00
2.142510715671981814e+00
2.175702741490781911e+00
2.206861795462753850e+00
2.269947607938218592e+00
2.231396380988432515e+00
2.181513834298440369e+00
2.232903263901101276e+00
2.446877676350679209e+00
2.825320438106570631e+00
3.094584128849319438e+00
3.287897165381514775e+00
3.330292765097195851e+00
3.401532967163675814e+00
3.442308141420049594e+00
3.421173875599031522e+00
3.302447914113658456e+00
3.125940065123323564e+00
3.053216519233667547e+00
3.085524735934014107e+00
3.111466229046063070e+00
2.922459595497991280e+00
2.584840133730158307e+00
2.248090968215243013e+00
2.000709007083246060e+00
1.788808092388422422e+00
1.632419785796861644e+00
1.532165787499681242e+00
1.416892704987283702e+00
1.372381223921395943e+00
1.334235229563027536e+00
1.294706758150973247e+00
1.292120052539684094e+00
1.344116141442894374e+00
1.426859216212863934e+00
1.423374575866287017e+00
1.396706196356326313e+00
1.362590790646685424e+00
1.416580078656950237e+00
1.483879934128131906e+00
1.464135919545405784e+00
1.390174381314082552e+00
1.339978153427739960e+00
1.381661260624321486e+00
1.372688732727894712e+00
1.392051646404963927e+00
1.347859312841434898e+00
1.277968359225970962e+00
1.253413371275436061e+00
1.293423302831042010e+00
1.285620551469933703e+00
1.238679704545652571e+00
1.226928442266753683e+00
1.346978794043273364e+00
1.498826769418020843e+00
1.730814039894176259e+00
1.949489176844330318e+00
2.021171243249765492e+00
2.141838702550846296e+00
2.291842196382336105e+00
2.369799715426946118e+00
2.392407405096334649e+00
2.317127692953401041e+00
2.260251589011130324e+00
2.255468075629286862e+00
2.391950238498071535e+00
2.504168281963305986e+00
2.534808573229750284e+00
2.494911473180632555e+00
2.475434365114689061e+00
2.423442215310358083e+00
2.435600319283882431e+00
2.504909983068553725e+00
2.540723323859873872e+00
2.623357087822905775e+00
2.706249460543720620e+00
2.780709039940294058e+00
2.811104460772504421e+00
2.740288592448112404e+00
2.738476992395246778e+00
2.868337623875651499e+00
2.871436869156287042e+00
2.723971274200979398e+00
2.530547979034022177e+00
2.497379763291188048e+00
2.480143519745495073e+00
2.473954756544525235e+00
2.503420625301830071e+00
2.478078581134738112e+00
2.445279014989331312e+00
2.358451801407600801e+00
2.259502632401153122e+00
2.230970887910604716e+00
2.167085394755849048e+00
2.092500886010505656e+00
1.997601838152262665e+00
1.906456976983431639e+00
1.909837581926054906e+00
2.013519492740659000e+00
2.134699046959616098e+00
2.067867281120475909e+00
1.841117731581271899e+00
1.578178259340216716e+00
1.384892911437146656e+00
1.273025508035078301e+00
1.269970097156263300e+00
1.271071817818792971e+00
1.135281504391526752e+00
9.777321670914438378e-01
8.809377221607217479e-01
8.818176032238163042e-01
8.669581528102915380e-01
8.559537901430098739e-01
8.986792190121857260e-01
9.593140003792305359e-01
1.105088801351727934e+00
1.309257418941931261e+00
1.406463144054244330e+00
1.533002304951320394e+00
1.651930558384827830e+00
1.756061047293153932e+00
1.822721609763820805e+00
1.891413756333622631e+00
1.982783965096360568e+00
2.078621255076637642e+00
2.102854275452977983e+00
2.103694301219928953e+00
2.126040999414516630e+00
2.210462417914573763e+00
2.299480520815037732e+00
2.363034085839827991e+00
2.251319009756427736e+00
2.132469423650300566e+00
2.070389017869377124e+00
2.083501788990076431e+00
2.101014825485053805e+00
2.063801330710126170e+00
1.933410363781240537e+00
1.827175086055512487e+00
1.779767050765015846e+00
1.748408874997263718e+00
1.697657940874767402e+00
1.565337204306540109e+00
1.430758444897328729e+00
1.302516880283246969e+00
1.221936567090517123e+00
1.312302495829756221e+00
1.310981329057588018e+00
1.297241107520891390e+00
1.325840664461168217e+00
1.376661565488882077e+00
1.394802221981499946e+00
1.390800576607436723e+00
1.351801089495068942e+00
1.288750321466979321e+00
1.259815760769017912e+00
1.309165404855564541e+00
1.300822931805617255e+00
1.242326507355247855e+00
1.174081810193831954e+00
1.094971715903892751e+00
1.061276533833591662e+00
1.063271913952575032e+00
1.074304662372351782e+00
1.068851363539605970e+00
1.077067131650272902e+00
1.058207233886201415e+00
1.012422751511801167e+00
9.351344787004326475e-01
8.433937810219367393e-01
8.459714968965014181e-01
8.611116637443474442e-01
9.067687867413850578e-01
9.718784386766560202e-01
1.048506665269848925e+00
1.066743661904085760e+00
1.046164860830428589e+00
1.051820878459431174e+00
1.117156444712068764e+00
1.180786461861817793e+00
1.236121710988566935e+00
1.228426244870763018e+00
1.128799484189074276e+00
1.031078042453526633e+00
1.037008272159754885e+00
1.151016804166653529e+00
1.113463801319862556e+00
1.100451149684120722e+00
1.071067364839223712e+00
1.012906531499957019e+00
1.076851054648084727e+00
1.178820134625433891e+00
1.215284891128318945e+00
1.216731177607229375e+00
1.156235879591960058e+00
1.085588767603045124e+00
1.118609747054490011e+00
1.135978977460070594e+00
1.126195957324479080e+00
1.075975002961604199e+00
1.087150720138023718e+00
1.096682427408187221e+00
1.098528593119358465e+00
1.116371533970243135e+00
1.140340441635906643e+00
1.202122011429322512e+00
1.316141602876237160e+00
1.387785876521340223e+00
1.425394088671648296e+00
1.457416461873771940e+00
1.479875554125104298e+00
1.454919294401452623e+00
1.412388622862139176e+00
1.321630160808231924e+00
1.217939791984456566e+00
1.182019010011089000e+00
1.217335939408633161e+00
1.277489829894588036e+00
1.324368445944025030e+00
1.335031600634437154e+00
1.349826763794721218e+00
1.366214239150999710e+00
1.371056542057002892e+00
1.332267527902092352e+00
1.319951695815716475e+00
1.220712421430558026e+00
1.233051397722950693e+00
1.274082478876610747e+00
1.296955597707497798e+00
1.249137019431458828e+00
1.206186425142421914e+00
1.208403123200908480e+00
1.211867527111310849e+00
1.254046858552938071e+00
1.307803568071334244e+00
1.391371180326060886e+00
1.440574799132604111e+00
1.535715017467944810e+00
1.628480924726908308e+00
1.709849097179442889e+00
1.728229127822863198e+00
1.626034003912085080e+00
1.570064922805152197e+00
1.556443602868281761e+00
1.556898191205374760e+00
1.509576115523522555e+00
1.425060354482031499e+00
1.330880513486948580e+00
1.295599578017252007e+00
1.413291981895970606e+00
1.495391577600155619e+00
1.526686770441234131e+00
1.541745829805762025e+00
1.609347119053693653e+00
1.733670411072331330e+00
1.843353578855045471e+00
1.832975463555542195e+00
1.736862975758073357e+00
1.549544628274138969e+00
1.471536174528219609e+00
1.485542398415561127e+00
1.507064630156998764e+00
1.442695545132720136e+00
1.433634964054242511e+00
1.431264063092934302e+00
1.442969986981438080e+00
1.459958961195734428e+00
1.473366136235590540e+00
1.376586790550080819e+00
1.155189870874635760e+00
9.850850120574660140e-01
8.886767282024153891e-01
8.644736417832534769e-01
8.863538168039429843e-01
8.908282084341360152e-01
9.358649307226697411e-01
9.692059770846258582e-01
1.035207596136098029e+00
1.068015847262881124e+00
1.019332425379273044e+00
9.702511593979720184e-01
9.611208946503517758e-01
1.020968926157766132e+00
1.137047700246142767e+00
1.229106466981408241e+00
1.247318594686185111e+00
1.175782164222487047e+00
1.122769338052337806e+00
1.167266667220031584e+00
1.136468546499542542e+00
1.120080218054360088e+00
1.132365959467320105e+00
1.072000598098619806e+00
1.083918909796861785e+00
1.152793752135097494e+00
1.195039048249288083e+00
1.236822339235352786e+00
1.253387382033976261e+00
1.256403182513014416e+00
1.289590467972602239e+00
1.362173003836049556e+00
1.369961180218492336e+00
1.346197548504989738e+00
1.255070186027031909e+00
1.181601884873412223e+00
1.148120736689032695e+00
1.173902645988542659e+00
1.183631473610680995e+00
1.188707449451711362e+00
1.162547925353661693e+00
1.103614784449044262e+00
1.053576862649982626e+00
1.059732679872871897e+00
9.999164560896155463e-01
9.584266574314249665e-01
9.025252507502256050e-01
8.832059374911447325e-01
9.072023479244464284e-01
9.708491247201339602e-01
1.025708750458597551e+00
1.042445867780030788e+00
1.080347566744701782e+00
1.104760468070939083e+00
1.147039846109768169e+00
1.193578301463627422e+00
1.240205799049488578e+00
1.256082253110087699e+00
1.209105461423938266e+00
1.209966533171016323e+00
1.213478938635720095e+00
1.161670952916026289e+00
1.142636413165900144e+00
1.148311985835139382e+00
1.178346142492054494e+00
1.242735115628167630e+00
1.286707839955228083e+00
1.285192024589898674e+00
1.258691296969494555e+00
1.271741372134472137e+00
1.315665918378048138e+00
1.384273785555060199e+00
1.452490172487011399e+00
1.531786595150815611e+00
1.575555434853074921e+00
1.572663818071906361e+00
1.548882610115220437e+00
1.525775698413059711e+00
1.461144668086176601e+00
1.383765353630706185e+00
1.300821904216279412e+00
1.239236832595906668e+00
1.274394674275988182e+00
1.290508579147245261e+00
1.330314158839922989e+00
1.378953099157012696e+00
1.411767015242732626e+00
1.454344402000629310e+00
1.431603823180065405e+00
1.391531868971323860e+00
1.332997469674137792e+00
1.260978404774575568e+00
1.226436234517690238e+00
1.200026032584126545e+00
1.189004374891169391e+00
1.172397148918834064e+00
1.154962374003033476e+00
1.155495670143386722e+00
1.176517212067633489e+00
1.204723484980464665e+00
1.224060831500889179e+00
1.224080856982332266e+00
1.231423695916326944e+00
1.259756106743961324e+00
1.313541225052128336e+00
1.347070593562588847e+00
1.378848923187209863e+00
1.354677462157050316e+00
1.368676798939469696e+00
1.414600880741899935e+00
1.430585658617022915e+00
1.396375165742338220e+00
1.327506291408348860e+00
1.314017026172818126e+00
1.338219773542085989e+00
1.377706808166180741e+00
1.429304414036153714e+00
1.380543848504784732e+00
1.337286573201180495e+00
1.288267856024957858e+00
1.236688948581256664e+00
1.203561679729201472e+00
1.175100902702541861e+00
1.095513480176898868e+00
1.029554982394366602e+00
9.719118837904217045e-01
9.125562534074889154e-01
8.748060238851638193e-01
8.718431194226468062e-01
8.687179133204316894e-01
8.644662452533844466e-01
8.790704686273727031e-01
8.870347114594093751e-01
9.250943075921949088e-01
9.541861514700185065e-01
9.898531874888160109e-01
1.016472565908237646e+00
1.033054141896599054e+00
1.032851085319606232e+00
1.014660974486629952e+00
9.844984736093680411e-01
9.475474400335168745e-01
9.608113583171319361e-01
1.007841700883086666e+00
1.063807507202080949e+00
1.135930821156316384e+00
1.142347406327819392e+00
1.141201830616048296e+00
1.098939090082406311e+00
1.061298725186922587e+00
1.027459094930316397e+00
1.004245072098436387e+00
9.105413401390216599e-01
8.443232430333775795e-01
8.299876402060544223e-01
8.380015728541870823e-01
8.555198010536479991e-01
8.551409830096672327e-01
8.465352630216460561e-01
8.261818604343180716e-01
8.067131887553606884e-01
8.019760310971052464e-01
7.900450859930353564e-01
7.854686981410394786e-01
7.869639867863922333e-01
7.815862150948704734e-01
8.070108528056426644e-01
7.590221762966221641e-01
7.688624007566318141e-01
7.872211553389497629e-01
7.863183702305422962e-01
8.266082431064449842e-01
8.444199364726825419e-01
8.380477909885463150e-01
8.251318456791266742e-01
8.053991745863218199e-01
7.628692155609114733e-01
7.550881969626941359e-01
7.256774379293021715e-01
6.927489838118339183e-01
6.632065634120037911e-01
6.281562258818399469e-01
5.802166748915091876e-01
5.728433055211831215e-01
5.887047096570352522e-01
5.973710310512156951e-01
6.163529571513335359e-01
6.338383182209730293e-01
6.232007025482050322e-01
6.097777768450457492e-01
6.456724606037808067e-01
6.431909750347589716e-01
6.432230625690995574e-01
6.157534969843097006e-01
5.758981585497627842e-01
5.846157153879925072e-01
5.923211321919275019e-01
5.963008370223918941e-01
6.131018148714670879e-01
6.261652497150734797e-01
6.428792475147986352e-01
6.676080283833283335e-01
6.855440584230209078e-01
6.954081944467437326e-01
6.853438524867714321e-01
6.702866301576271280e-01
6.398857009598348800e-01
6.237305559917283304e-01
6.092323455529264908e-01
5.800584913081678895e-01
5.532429956465928500e-01
5.237292815285279346e-01
5.069147067693976494e-01
4.926908747617089190e-01
4.852632817895305983e-01
4.599105458571458027e-01
4.495480680259720252e-01
4.426600552295191227e-01
4.387528681934246277e-01
4.473765129041309407e-01
4.782527111268910502e-01
5.094881394081689496e-01
5.414918045018213277e-01
5.636972026608754183e-01
5.838668058668569083e-01
6.021052408817425539e-01
6.172299663781678492e-01
6.428002363577417499e-01
6.754289261734489624e-01
7.148191143300337558e-01
7.566392315469085972e-01
7.901240343622794038e-01
8.188001618235246637e-01
8.261845197098809379e-01
8.026373007285103611e-01
7.706591694539124404e-01
7.464098154654787987e-01
7.333275076448247942e-01
7.468335955559993744e-01
7.394625716057009468e-01
7.586320854756165577e-01
7.836458604847328369e-01
8.068806957360777909e-01
8.310553475712663118e-01
8.341873469471577929e-01
8.145256759631696042e-01
7.690530116775922131e-01
7.110222352571944349e-01
6.778996459033429511e-01
6.544587806131870744e-01
6.346574635696942135e-01
6.052182539580884812e-01
5.832835885944896992e-01
5.820057444568025318e-01
6.034897794871165733e-01
6.736182270944721662e-01
7.285367859275737601e-01
7.658819881672247476e-01
7.676076973761348787e-01
7.378354711209913486e-01
7.165050793797498319e-01
6.808481567536717183e-01
6.390747446364131168e-01
6.093050611538026740e-01
5.992224532594088160e-01
5.817307015417190197e-01
5.691510448055714377e-01
5.715213083023074070e-01
5.881139347511661342e-01
6.181309694099116347e-01
6.536768325714229499e-01
6.777777451671802567e-01
6.933785284002564886e-01
7.013412813775816712e-01
7.127996909805268677e-01
7.163755976494116107e-01
7.100769428606151790e-01
6.945152963606707752e-01
6.861558643657789114e-01
6.885297207542012687e-01
6.686588402791836527e-01
6.511847708392352052e-01
6.473988499455266554e-01
6.465018439312774090e-01
6.513677753768813972e-01
6.532385135118929931e-01
6.723769215911047370e-01
6.966341083355263031e-01
7.122916532405015877e-01
7.557902107335724429e-01
8.231876729149051330e-01
8.805228332582288875e-01
9.009171455883577817e-01
8.890974700881133508e-01
8.521152308640130846e-01
8.270411946419208293e-01
8.419601237270279981e-01
8.593883137186190124e-01
8.509851931111143131e-01
8.849145207566296856e-01
9.251012495274927305e-01
9.597374296654835879e-01
9.420115913221187576e-01
9.254565160142712577e-01
9.091619704612170505e-01
9.000187298223886190e-01
8.881610165711157912e-01
8.740713051956513491e-01
8.208578442894507443e-01
8.001279414926549816e-01
7.891668447320383528e-01
7.789600485747570913e-01
7.621968258680111852e-01
6.893274072857829005e-01
6.513286837734572066e-01
6.079456754159687781e-01
5.702494465245138144e-01
5.863697304497791363e-01
5.636955476849792035e-01
5.673443104675099935e-01
5.740732303072243470e-01
5.875277276953625449e-01
5.851810822142019530e-01
6.095226745868448370e-01
6.491196627062104652e-01
6.981923909825002994e-01
7.519374526864538444e-01
7.971420602888350526e-01
8.154147312509432144e-01
8.439111592503739656e-01
8.552908879895747551e-01
8.621363008564066899e-01
8.789543890879563115e-01
8.784985324095319070e-01
8.647656029579866566e-01
8.567028953241698774e-01
8.509966552038672472e-01
8.699829068792400699e-01
8.887265913183479693e-01
8.893794056858526087e-01
9.174008065502056164e-01
9.501997403748553284e-01
9.483298769135789508e-01
9.325819036106819393e-01
9.159670184412799232e-01
8.901220324924096206e-01
8.563432091557040549e-01
8.540319676623828737e-01
8.222587687065755491e-01
8.099818490126309278e-01
8.074926981157221073e-01
8.214370558085999363e-01
8.174988025882694576e-01
8.038973105771031191e-01
8.014191295657931979e-01
8.068280647325912769e-01
8.345425281884524260e-01
8.615049336652867984e-01
8.713444401475344270e-01
8.354420517750947850e-01
7.977704110656556047e-01
7.587156380393238475e-01
7.396532980563319537e-01
7.094897472267401861e-01
6.518497452322343788e-01
6.145974844765471623e-01
5.850893658492984928e-01
5.831585367631875183e-01
5.660494692504408620e-01
5.543582446344246240e-01
5.488046380217351805e-01
5.401147689622570747e-01
5.640237262581143662e-01
5.825180268267459160e-01
5.821499905296588784e-01
5.552044476132628192e-01
5.191295210653171788e-01
4.984328216128039446e-01
4.798978391860731496e-01
4.905236580128183310e-01
4.948038957839850926e-01
4.818673757412583747e-01
4.752974513211351004e-01
4.865236200705889136e-01
4.745266670782057328e-01
4.605307210470455659e-01
4.516827208993640652e-01
4.361050072122749643e-01
4.259961684603641441e-01
4.570233803600430855e-01
4.832197801293029449e-01
5.036295543299639244e-01
5.423364286034332293e-01
5.705035894127408191e-01
5.719868691686795792e-01
5.703095864508618273e-01
5.592141505399758072e-01
5.508204151127836790e-01
5.458831311932699215e-01
5.240071950256310895e-01
4.941961093766433222e-01
4.703814420609683800e-01
4.696638900489028545e-01
4.840426357781709155e-01
5.034684612882464050e-01
5.187703422628640038e-01
5.275461009691961856e-01
5.461601388745224162e-01
5.547954469491759300e-01
5.697081216162963591e-01
5.684204838901971701e-01
5.610480522968446238e-01
5.836803606089232543e-01
6.261373251708953758e-01
6.656289290281367510e-01
6.985017987850571375e-01
6.920349921510999813e-01
6.800786973371185651e-01
6.864385209049961301e-01
6.839669562233061662e-01
6.430525756491023426e-01
6.220649719666444533e-01
5.899244122632957277e-01
5.834739104592965298e-01
6.033149362327629994e-01
6.169698432887700257e-01
6.183494838288121631e-01
6.103046741823860977e-01
6.070032251371251242e-01
6.379948132744998057e-01
6.540939967975171188e-01
6.499207297897408031e-01
6.403330383717223961e-01
6.391631521582905595e-01
6.159668902912986965e-01
6.008036061685617657e-01
5.703381678196609572e-01
5.208682063376516291e-01
4.841541984084871131e-01
4.708097748117083259e-01
4.636987777945961176e-01
4.657641251171008578e-01
4.563117995574822450e-01
4.436994806153017334e-01
4.441615944684045303e-01
4.744228511337685306e-01
5.096027986855607983e-01
5.416010586211514877e-01
5.662668290093499923e-01
5.806018168232074395e-01
5.769039380386280502e-01
5.975081329640599126e-01
6.135031064880792639e-01
6.102434501484949037e-01
5.754629910579254215e-01
5.219538557872347440e-01
4.812231815540951585e-01
4.619498486615433164e-01
4.547458913389478830e-01
4.583885455011941779e-01
4.631887589834545182e-01
4.766400473268112559e-01
5.081821419456573619e-01
5.464881629168820698e-01
5.930938503840961218e-01
6.023613952543780403e-01
5.958641979262185862e-01
5.920433424522993926e-01
5.986559070657924142e-01
6.247292183229528062e-01
6.258656474252434210e-01
6.255769504010176840e-01
6.188511889319752157e-01
6.131217321144828425e-01
6.325095351019445200e-01
6.531338835109603558e-01
6.472913562429161161e-01
6.267971274445498508e-01
6.009065045011877659e-01
5.789166702767479800e-01
5.921221455112684051e-01
5.762129787735880138e-01
5.436577534104189979e-01
4.985170336534228697e-01
4.685596086191179399e-01
4.746790483669424687e-01
4.882683264672210699e-01
5.145126331398524044e-01
5.559987117014647540e-01
5.991518853976866010e-01
6.376935867288779924e-01
6.801692058764128301e-01
7.157212114273585613e-01
7.297351690327646967e-01
7.101235411161014310e-01
6.712779497529774986e-01
6.413416188372276228e-01
6.125158887530407492e-01
5.587339146104000065e-01
5.225068959108226663e-01
5.008066128437076436e-01
4.758997457364353423e-01
4.529325017773095374e-01
4.243917304047207240e-01
3.894708988047312914e-01
3.669055872645917149e-01
3.503180994984118612e-01
3.412924274024669025e-01
3.446977712906499902e-01
3.460724189382300975e-01
3.514477762430900931e-01
3.579807874354866137e-01
3.592377735727519950e-01
3.613586355231370728e-01
3.585466333023933361e-01
3.587287892398848266e-01
3.593085837465570531e-01
3.623475426333481186e-01
3.633410836371781527e-01
3.549769457081066726e-01
3.533352430618432738e-01
3.548479338900144553e-01
3.646115819370206457e-01
3.667676638888914820e-01
3.611816182090626937e-01
3.558589610096677402e-01
3.481482069948150793e-01
3.366734238691551084e-01
3.321094871078426602e-01
3.121743641756620780e-01
3.027403305193741012e-01
3.145452581817624882e-01
3.362221979160421315e-01
3.634806329430177452e-01
3.899063227512627461e-01
4.119236644343881593e-01
4.306031372066131402e-01
4.668269848661920629e-01
4.997916930918884226e-01
5.449811480512963824e-01
5.748218839082511744e-01
5.927739243832521598e-01
6.123976032456823759e-01
6.251660344321752216e-01
6.166391784480981242e-01
5.860273445330622666e-01
5.634699662985890312e-01
5.326465013083597766e-01
5.158249600274853464e-01
4.871556901866422873e-01
4.680957332789575931e-01
4.587412668213108891e-01
4.774195124093691955e-01
5.006827218084364262e-01
5.501209148353736200e-01
6.581268167947120773e-01
7.585386568167875598e-01
8.813930491516754895e-01
1.022161682636673063e+00
1.137969737802314141e+00
1.186562312558615107e+00
1.215611855223839299e+00
1.241345671566782549e+00
1.274691929998580164e+00
1.306101269193059133e+00
1.285986200229567222e+00
1.256367072764142945e+00
1.203869724202860647e+00
1.172393330531192435e+00
1.153061182624468328e+00
1.098936840753224065e+00
1.028500365625778512e+00
9.582384027625733269e-01
8.881394773442322643e-01
8.130399645246833007e-01
7.525138738963894625e-01
7.045647244250008434e-01
6.436094096722859703e-01
5.816695708886393534e-01
5.324183785267314617e-01
5.356945967048565294e-01
5.390353838375994133e-01
5.628240128938006848e-01
5.689992982572124047e-01
5.843751332234241591e-01
5.874291476067582396e-01
5.904155160822532888e-01
5.787501972485297186e-01
5.618557631796576857e-01
5.373060439897994200e-01
5.003831398767751848e-01
4.775389557274686836e-01
4.553573580313265978e-01
4.235338957593297593e-01
3.963007348355967463e-01
3.811548010862159108e-01
3.582274115817984383e-01
3.553277174266529226e-01
3.483803500428110378e-01
3.348888623640118856e-01
3.242085588975846533e-01
3.193440374617910193e-01
3.221262365838090669e-01
3.200501005941892574e-01
3.058279173668785877e-01
2.934168838599637286e-01
2.884817074177419283e-01
2.882103069542922280e-01
2.966459194188597603e-01
3.048928515649507176e-01
3.095870008870123535e-01
3.133285340998078761e-01
3.144520186670496931e-01
3.189378235298189201e-01
3.268680614717771604e-01
3.213092975260372630e-01
3.042042361173450948e-01
2.852744509574470788e-01
2.628251216500893661e-01
2.417802059407998250e-01
2.439077980888690877e-01
2.515722659287459306e-01
2.587783292429102211e-01
2.724255811093609370e-01
2.861633873332904421e-01
2.916454074495498650e-01
2.979591870627272265e-01
2.944766579761840530e-01
2.958654513389236129e-01
3.070014666024053485e-01
3.342203505578830725e-01
3.675247911717891558e-01
3.971303579651871418e-01
4.242151403344334160e-01
4.490504903246477220e-01
4.519034282580400297e-01
4.466093741191418665e-01
4.264802484086862022e-01
3.982203905271231026e-01
3.680459140559562692e-01
3.423253651821647203e-01
3.018961936428148918e-01
2.721430678324687769e-01
2.533362812932575259e-01
2.449316353493954934e-01
2.675336055617754671e-01
3.117101772902782786e-01
3.763943096461793147e-01
4.477510334537462278e-01
5.219815154332726470e-01
5.942275526832238031e-01
6.519902833020674304e-01
6.941681878694768715e-01
7.189235257701623860e-01
7.343863989408532245e-01
7.367092907974283067e-01
7.243154518479121284e-01
6.888071550882598482e-01
6.516448930701626008e-01
6.216184952503814864e-01
6.011758946163970885e-01
5.973590362132685794e-01
5.838298508882520110e-01
5.638590364305468006e-01
5.405788333793319911e-01
5.304051891033725319e-01
5.419877722022187205e-01
5.734973434125126834e-01
6.024751840253887991e-01
6.097307460883197860e-01
5.966605126455883923e-01
5.810660937524481096e-01
5.702642603528540466e-01
5.764113160823576276e-01
5.830670423851861406e-01
5.686895138025819252e-01
5.408280470330514289e-01
5.263248200931305298e-01
5.216338509440023863e-01
5.232262687530937484e-01
5.017269556938881436e-01
4.593739854354916274e-01
4.208214617589882134e-01
3.911617495551493184e-01
3.676304537927592708e-01
3.370463212693761146e-01
3.186173104733063255e-01
2.962924681031791629e-01
2.826704652362511117e-01
2.862980823802531161e-01
2.855650708904605151e-01
2.725790007922579972e-01
2.586217747288561686e-01
2.505846646336213901e-01
2.456523573522596815e-01
2.479951098196069570e-01
2.392803288219153834e-01
2.312385841322903701e-01
2.267728286340671140e-01
2.303440597663183043e-01
2.406941101991134646e-01
2.541079725108292275e-01
2.612053436169832765e-01
2.685995523757585546e-01
2.665382206047177682e-01
2.834934490280781039e-01
3.322759312183288793e-01
3.835103709026204677e-01
4.279764147684019249e-01
4.725790736922263480e-01
5.065743196814747051e-01
4.976100885129752238e-01
4.875510962373457158e-01
4.716878717272304233e-01
4.477543870866633746e-01
4.255207829129825647e-01
4.084866019949948135e-01
4.006079449305074425e-01
3.951966618389443076e-01
3.904453366074189802e-01
3.773322394306838912e-01
3.493225769282754523e-01
3.250975479379904498e-01
3.046151173771518561e-01
2.817309779830676764e-01
2.669382186800650092e-01
2.978564706354482339e-01
3.305090744652866008e-01
3.616627477181078021e-01
3.978545374616250796e-01
4.287649853919585086e-01
4.203844897758876042e-01
4.069344858338934112e-01
3.872597368242573501e-01
3.732749268764540829e-01
3.605652039700126821e-01
3.455272039422305763e-01
3.321295937553540578e-01
3.107766576142312331e-01
2.792704817809494866e-01
2.533794469121130599e-01
2.519757088424107172e-01
2.559262205365122056e-01
2.585416049557932583e-01
2.649836824101042265e-01
2.659262654994330455e-01
2.596466630589627234e-01
2.487387379351966576e-01
2.298463354077000531e-01
2.115088182238428482e-01
1.976889440077828353e-01
1.967263918351218333e-01
2.008423995121984273e-01
2.082266244364917862e-01
1.989495276563140458e-01
1.887638727319075893e-01
1.797583089071655982e-01
1.774171247840453658e-01
1.888335625251381933e-01
2.020695834300278437e-01
2.229100409765245872e-01
2.464061878611860101e-01
2.622862393452480290e-01
2.652175702346332709e-01
2.938530176704176045e-01
3.291691253408529083e-01
3.758357998943218092e-01
4.126063207074001649e-01
4.131800735201498487e-01
4.408555637234879976e-01
4.590699830536675297e-01
4.607859100478652881e-01
4.894178505865409146e-01
4.927724694225413815e-01
4.684367532188743466e-01
4.673851195798265912e-01
5.099903823265384828e-01
5.502134608228923529e-01
6.049315139864508417e-01
6.171618159834906248e-01
6.079433583732025692e-01
5.698628454357619333e-01
5.545177063674693319e-01
5.592089618506500548e-01
5.479936824644185966e-01
5.372018105477412986e-01
5.429857447580033192e-01
5.632995995560816649e-01
5.987537195913410493e-01
6.129600508137462711e-01
6.094838001069492472e-01
5.952077558372312893e-01
5.795596895453797304e-01
5.885901539564161178e-01
5.923938070383004684e-01
5.745106596998426074e-01
5.247917461815708728e-01
4.722778700911759442e-01
4.240431953879196803e-01
4.064176397420917741e-01
3.812865928763402579e-01
3.423172798078104595e-01
2.988280371611091724e-01
2.643800418800990037e-01
2.316638807296502178e-01
2.078892851882511161e-01
1.984286486568035413e-01
1.857743438924114032e-01
1.826113938469350884e-01
1.808992159197707894e-01
1.832371860094439975e-01
1.941394431943024301e-01
2.034820197047795820e-01
2.177729580262380837e-01
2.338283238077380199e-01
2.455808325892808730e-01
2.529616792254718027e-01
2.631552206877688094e-01
2.626680399278910061e-01
2.635473296118627240e-01
2.682535552594531025e-01
2.739797171935746123e-01
2.762879692268355170e-01
2.964535359018629634e-01
3.191301286215395550e-01
3.357664865465957438e-01
3.444948469865137808e-01
3.534336033952886202e-01
3.657664270720182853e-01
3.679493722299780334e-01
3.557180276240587413e-01
3.324096077834858831e-01
3.122498934089456002e-01
3.011355267763368149e-01
2.953513734003749835e-01
2.967853345060656456e-01
2.930864494688427691e-01
2.932536393399780006e-01
2.963690586910658897e-01
2.987643384972078486e-01
3.019684274698766768e-01
3.043079424199117144e-01
2.971535366758326635e-01
2.967976210696071093e-01
2.896633746582187308e-01
2.785667726159272162e-01
2.823799245343701636e-01
2.737713098260268763e-01
2.669374500175014098e-01
2.615118755200705469e-01
2.630426120461419326e-01
2.500075176720755188e-01
2.428642400779870425e-01
2.301413963650374706e-01
2.223872352235167216e-01
2.247378383940145108e-01
2.315464935470311625e-01
2.451946714328878396e-01
2.552541491591527323e-01
2.596294940857589162e-01
2.612020464816527943e-01
2.568425761344000358e-01
2.538132563486213966e-01
2.513021399661936051e-01
2.501974825140470537e-01
2.481124076694493086e-01
2.436588731817237730e-01
2.377603373560960298e-01
2.275894447888596739e-01
2.206288742341813713e-01
2.141390778261164085e-01
2.117101276457319103e-01
2.216664453963301251e-01
2.327054959301634585e-01
2.414909200954279966e-01
2.460500549342314047e-01
2.471011049337655807e-01
2.428212505792477216e-01
2.461670797943220079e-01
2.553680769493896219e-01
2.692215394529373085e-01
2.935855836444926648e-01
3.166795749058362586e-01
3.443490916476497077e-01
3.788895899103016385e-01
4.190823034475125719e-01
4.474382542904645210e-01
4.599584584946971311e-01
4.584665827931044269e-01
4.460520318490159286e-01
4.505575591704269467e-01
4.487679433189395439e-01
4.404153405704211433e-01
4.184153799230057036e-01
3.895445270806019988e-01
3.479590479500918043e-01
3.180717791396905914e-01
2.949353933617445134e-01
2.685573150155434186e-01
2.483427846544840056e-01
2.519759058291035636e-01
2.490959197516104395e-01
2.484355545015576872e-01
2.607101989829029853e-01
2.854188495879391718e-01
3.195601079496387387e-01
3.836765326449929625e-01
4.461515188106234819e-01
5.064900324131511589e-01
5.636411093068464107e-01
5.921887996328327741e-01
6.167700739992831860e-01
6.220554829630007276e-01
6.126722572930878297e-01
5.897243399494479510e-01
5.476997555941293117e-01
5.154574516932201034e-01
4.884900086352169102e-01
4.589130748124974346e-01
4.270862639282999029e-01
4.031168907681956237e-01
3.809407106980695623e-01
3.541958385072526139e-01
3.306585706339501551e-01
3.123369830626429033e-01
2.920499478900747681e-01
2.788774967325620135e-01
2.613531946857247656e-01
2.424157763270453625e-01
2.270568129552783532e-01
2.222536732041454355e-01
2.250602491690491536e-01
2.395526121184192170e-01
2.575982614071859467e-01
2.843688862203860301e-01
3.126270360891607036e-01
3.479136128300239217e-01
3.701524685108175672e-01
3.933295665596275303e-01
4.275410068718156209e-01
4.378928337265367565e-01
4.475674798276307320e-01
4.486152758276671371e-01
4.459278066406212604e-01
4.662418598252389690e-01
4.309118879674468938e-01
4.149903861646009329e-01
4.118757988151643956e-01
4.028396449244838196e-01
3.846029493340394345e-01
3.652274605689288522e-01
3.494972953822220174e-01
3.365542958151588326e-01
3.298417963644364459e-01
3.171565103819661280e-01
2.984410724049182950e-01
2.786658801907140326e-01
2.772707028728058631e-01
2.863040653112762790e-01
2.982742534119218747e-01
3.095048887007367799e-01
3.189188313510831763e-01
3.326796653998608799e-01
3.571017553135127365e-01
3.820988095461349543e-01
3.795760879872591143e-01
3.737403006514875559e-01
3.791545691557360875e-01
3.993889925299001775e-01
4.315289283023447942e-01
4.482429776373760277e-01
4.732437301677010488e-01
4.970159299513408069e-01
5.140081923104838912e-01
5.482081043756960037e-01
5.727539624333758406e-01
5.909075597106198119e-01
5.782566572280046779e-01
5.653713273535192485e-01
5.504194704868931032e-01
5.234915164570810298e-01
4.822341911588748919e-01
4.462957588579901658e-01
4.151184022870783585e-01
3.974324348343635793e-01
3.835262179751094958e-01
3.632397427979929816e-01
3.450627984946283422e-01
3.316574034055291276e-01
3.189106121249743464e-01
3.024989576328813712e-01
2.856201779659939821e-01
2.802605822893751153e-01
2.820037915574183374e-01
2.827396737028830542e-01
2.948845663222542934e-01
3.176413781710149542e-01
3.364627265763039943e-01
3.505515910186183803e-01
3.632300388432490590e-01
3.700059056691922255e-01
