0.000207937000000000
0.000565367000000000
0.000830963000000000
0.000659721000000000
0.000397610000000000
0.000550973000000000
0.000814891000000000
-0.000229045000000000
-0.00320285000000000
-0.00681293000000000
-0.00903181000000000
-0.00875180000000000
-0.00629148000000000
-0.00276590000000000
0.000952326000000000
0.00430382000000000
0.00635370000000000
0.00560452000000000
0.00165636000000000
-0.00308756000000000
-0.00482213000000000
-0.00254111000000000
0.000785104000000000
0.00250803000000000
0.00328199000000000
0.00440240000000000
0.00476584000000000
0.00292741000000000
8.69394000000000e-05
-0.00158628000000000
-0.00210766000000000
-0.00283655000000000
-0.00381759000000000
-0.00446326000000000
-0.00527615000000000
-0.00663728000000000
-0.00755246000000000
-0.00756032000000000
-0.00790747000000000
-0.00869251000000000
-0.00716816000000000
-0.00145078000000000
0.00613826000000000
0.0116762000000000
0.0136491000000000
0.0124255000000000
0.00852822000000000
0.00367265000000000
0.00103640000000000
0.00181472000000000
0.00298427000000000
0.00108047000000000
-0.00319278000000000
-0.00617162000000000
-0.00639020000000000
-0.00604268000000000
-0.00740460000000000
-0.00943111000000000
-0.00916967000000000
-0.00546702000000000
-0.000323621000000000
0.00342036000000000
0.00462041000000000
0.00420996000000000
0.00358015000000000
0.00294169000000000
0.00137484000000000
-0.00122162000000000
-0.00288191000000000
-0.00128534000000000
0.00326564000000000
0.00800176000000000
0.0104612000000000
0.0102854000000000
0.00817177000000000
0.00458391000000000
-7.55317000000000e-06
-0.00398988000000000
-0.00478484000000000
-0.00149878000000000
0.00343793000000000
0.00683972000000000
0.00905252000000000
0.0123812000000000
0.0157221000000000
0.0148606000000000
0.00926253000000000
0.00331000000000000
-0.000379080000000000
-0.00421418000000000
-0.0103233000000000
-0.0167386000000000
-0.0204230000000000
-0.0211473000000000
-0.0206594000000000
-0.0202094000000000
-0.0190815000000000
-0.0147899000000000
-0.00613219000000000
0.00350250000000000
0.00864393000000000
0.00813963000000000
0.00558988000000000
0.00383445000000000
0.00258918000000000
0.000744960000000000
-0.00260311000000000
-0.00842321000000000
-0.0153121000000000
-0.0188915000000000
-0.0166078000000000
-0.0114491000000000
-0.00744746000000000
-0.00472670000000000
-0.00140070000000000
0.00251053000000000
0.00610011000000000
0.00920253000000000
0.0110633000000000
0.00952611000000000
0.00408353000000000
-0.00265940000000000
-0.00732531000000000
-0.00890680000000000
-0.00808034000000000
-0.00530594000000000
-9.40039000000000e-05
0.00703165000000000
0.0134613000000000
0.0165736000000000
0.0173693000000000
0.0194658000000000
0.0234538000000000
0.0243860000000000
0.0173479000000000
0.00441183000000000
-0.00688265000000000
-0.0114641000000000
-0.0102790000000000
-0.00613483000000000
0.000581717000000000
0.0102476000000000
0.0200444000000000
0.0247382000000000
0.0219102000000000
0.0146992000000000
0.00777104000000000
0.00283440000000000
-0.00108926000000000
-0.00432575000000000
-0.00610661000000000
-0.00668857000000000
-0.00814248000000000
-0.0123505000000000
-0.0193180000000000
-0.0269761000000000
-0.0317278000000000
-0.0293891000000000
-0.0180343000000000
-0.000364722000000000
0.0177265000000000
0.0319149000000000
0.0407031000000000
0.0425425000000000
0.0353829000000000
0.0209295000000000
0.00603532000000000
-0.00275954000000000
-0.00501621000000000
-0.00461405000000000
-0.00433597000000000
-0.00414160000000000
-0.00274804000000000
0.00147785000000000
0.00863822000000000
0.0148642000000000
0.0151585000000000
0.00996185000000000
0.00494342000000000
0.00261275000000000
-0.000762103000000000
-0.00710358000000000
-0.0112533000000000
-0.00825892000000000
-0.00130663000000000
0.00327899000000000
0.00475941000000000
0.00665207000000000
0.00976184000000000
0.0124877000000000
0.0155435000000000
0.0208223000000000
0.0267540000000000
0.0295655000000000
0.0283183000000000
0.0248682000000000
0.0205130000000000
0.0161107000000000
0.0137049000000000
0.0140320000000000
0.0138663000000000
0.00926610000000000
0.000621298000000000
-0.00855464000000000
-0.0163878000000000
-0.0230610000000000
-0.0274219000000000
-0.0265654000000000
-0.0189579000000000
-0.00610533000000000
0.00795033000000000
0.0183229000000000
0.0214895000000000
0.0177765000000000
0.0107469000000000
0.00351822000000000
-0.00390031000000000
-0.0122862000000000
-0.0202051000000000
-0.0255204000000000
-0.0287191000000000
-0.0318513000000000
-0.0353015000000000
-0.0381130000000000
-0.0408239000000000
-0.0444790000000000
-0.0464141000000000
-0.0414067000000000
-0.0284533000000000
-0.0131656000000000
-0.00106576000000000
0.00757389000000000
0.0151449000000000
0.0212738000000000
0.0228017000000000
0.0176579000000000
0.00758889000000000
-0.00276647000000000
-0.00909752000000000
-0.0102676000000000
-0.00815677000000000
-0.00460326000000000
-9.57540000000000e-05
0.00499392000000000
0.00996899000000000
0.0145513000000000
0.0177857000000000
0.0171429000000000
0.0114112000000000
0.00300684000000000
-0.00520779000000000
-0.0136899000000000
-0.0229267000000000
-0.0296277000000000
-0.0305327000000000
-0.0278576000000000
-0.0257461000000000
-0.0240924000000000
-0.0203551000000000
-0.0151871000000000
-0.0115855000000000
-0.0102161000000000
-0.00950111000000000
-0.00858107000000000
-0.00751603000000000
-0.00609633000000000
-0.00442854000000000
-0.00301898000000000
-0.00171950000000000
-0.000196458000000000
0.000953969000000000
0.00131091000000000
0.00160042000000000
0.00152871000000000
-0.00141642000000000
-0.00839821000000000
-0.0164164000000000
-0.0217695000000000
-0.0238874000000000
-0.0235446000000000
-0.0202273000000000
-0.0140570000000000
-0.00761175000000000
-0.00337757000000000
-0.000802962000000000
0.00245389000000000
0.00723030000000000
0.0121627000000000
0.0156492000000000
0.0174057000000000
0.0179529000000000
0.0175829000000000
0.0164064000000000
0.0150563000000000
0.0143499000000000
0.0137827000000000
0.0116719000000000
0.00758103000000000
0.00339964000000000
0.000876180000000000
-0.000564052000000000
-0.00259047000000000
-0.00573095000000000
-0.00922253000000000
-0.0123555000000000
-0.0152035000000000
-0.0182672000000000
-0.0206987000000000
-0.0197058000000000
-0.0131556000000000
-0.00301034000000000
0.00682022000000000
0.0154328000000000
0.0253289000000000
0.0363444000000000
0.0431961000000000
0.0409260000000000
0.0311163000000000
0.0199023000000000
0.0120126000000000
0.00778176000000000
0.00466091000000000
0.000281969000000000
-0.00560374000000000
-0.0112898000000000
-0.0148206000000000
-0.0149713000000000
-0.0114712000000000
-0.00471398000000000
0.00379030000000000
0.0119919000000000
0.0185479000000000
0.0234667000000000
0.0272311000000000
0.0300841000000000
0.0318435000000000
0.0323056000000000
0.0312756000000000
0.0278669000000000
0.0203130000000000
0.00866536000000000
-0.00302120000000000
-0.00998756000000000
-0.0117283000000000
-0.0102404000000000
-0.00447426000000000
0.00772175000000000
0.0230931000000000
0.0348243000000000
0.0411032000000000
0.0447912000000000
0.0446797000000000
0.0357622000000000
0.0190437000000000
0.00275683000000000
-0.00810105000000000
-0.0159157000000000
-0.0229088000000000
-0.0269226000000000
-0.0265147000000000
-0.0241210000000000
-0.0217502000000000
-0.0184879000000000
-0.0136070000000000
-0.00836392000000000
-0.00358422000000000
0.00113762000000000
0.00523222000000000
0.00632591000000000
0.00278205000000000
-0.00464720000000000
-0.0130184000000000
-0.0189208000000000
-0.0196287000000000
-0.0147235000000000
-0.00650199000000000
0.00120984000000000
0.00570153000000000
0.00653170000000000
0.00429047000000000
-0.000558781000000000
-0.00710937000000000
-0.0131020000000000
-0.0162971000000000
-0.0163564000000000
-0.0148313000000000
-0.0136713000000000
-0.0141806000000000
-0.0164328000000000
-0.0193901000000000
-0.0223038000000000
-0.0256139000000000
-0.0291919000000000
-0.0313356000000000
-0.0312913000000000
-0.0307149000000000
-0.0301020000000000
-0.0259261000000000
-0.0157314000000000
-0.00327028000000000
0.00471813000000000
0.00659913000000000
0.00574210000000000
0.00508664000000000
0.00443733000000000
0.00305220000000000
0.000905752000000000
-0.00206002000000000
-0.00612940000000000
-0.0102276000000000
-0.0118626000000000
-0.00867894000000000
-0.000536251000000000
0.0102426000000000
0.0197801000000000
0.0253475000000000
0.0264540000000000
0.0245125000000000
0.0213409000000000
0.0184329000000000
0.0165943000000000
0.0163471000000000
0.0180179000000000
0.0210173000000000
0.0236446000000000
0.0240282000000000
0.0214702000000000
0.0165164000000000
0.0105340000000000
0.00505550000000000
0.00125141000000000
-0.000576503000000000
-0.000786033000000000
5.35465000000000e-05
0.00122069000000000
0.00178465000000000
0.00102011000000000
-0.00133298000000000
-0.00523422000000000
-0.0102483000000000
-0.0152235000000000
-0.0189487000000000
-0.0208494000000000
-0.0208566000000000
-0.0191437000000000
-0.0163628000000000
-0.0130827000000000
-0.00924182000000000
-0.00494485000000000
-0.000868251000000000
0.00339750000000000
0.00969612000000000
0.0180929000000000
0.0253846000000000
0.0290184000000000
0.0302913000000000
0.0309399000000000
0.0296177000000000
0.0245525000000000
0.0172107000000000
0.0104504000000000
0.00564774000000000
0.00332107000000000
0.00394409000000000
0.00630405000000000
0.00775033000000000
0.00729531000000000
0.00620619000000000
0.00516436000000000
0.00384859000000000
0.00294555000000000
0.00348336000000000
0.00449305000000000
0.00419618000000000
0.00226831000000000
-0.00107126000000000
-0.00636841000000000
-0.0128670000000000
-0.0177029000000000
-0.0192715000000000
-0.0190137000000000
-0.0176879000000000
-0.0131963000000000
-0.00510771000000000
0.00208623000000000
0.00364322000000000
0.000320821000000000
-0.00337243000000000
-0.00424275000000000
-0.00198280000000000
0.00201258000000000
0.00555780000000000
0.00681593000000000
0.00595804000000000
0.00454683000000000
0.00317213000000000
0.00112440000000000
-0.00112405000000000
-0.00148842000000000
0.000897252000000000
0.00407224000000000
0.00533787000000000
0.00377159000000000
0.000398174000000000
-0.00301127000000000
-0.00526444000000000
-0.00639277000000000
-0.00714959000000000
-0.00791676000000000
-0.00853179000000000
-0.00891037000000000
-0.00920967000000000
-0.00943325000000000
-0.00947326000000000
-0.00946040000000000
-0.00956612000000000
-0.00972684000000000
-0.00998899000000000
-0.0106112000000000
-0.0114769000000000
-0.0120112000000000
-0.0118976000000000
-0.0110826000000000
-0.00924539000000000
-0.00649070000000000
-0.00432911000000000
-0.00436425000000000
-0.00625569000000000
-0.00853393000000000
-0.0107333000000000
-0.0129005000000000
-0.0140234000000000
-0.0131248000000000
-0.0111662000000000
-0.00967541000000000
-0.00842393000000000
-0.00633912000000000
-0.00362344000000000
-0.000924825000000000
0.00229024000000000
0.00595111000000000
0.00767818000000000
0.00548209000000000
0.00110812000000000
-0.00239210000000000
-0.00471027000000000
-0.00737674000000000
-0.00978613000000000
-0.00968755000000000
-0.00699901000000000
-0.00427511000000000
-0.00286483000000000
-0.00142906000000000
0.00148006000000000
0.00538137000000000
0.00913681000000000
0.0123319000000000
0.0149306000000000
0.0166671000000000
0.0174514000000000
0.0174864000000000
0.0169257000000000
0.0159507000000000
0.0150549000000000
0.0143927000000000
0.0132620000000000
0.0110055000000000
0.00803248000000000
0.00513936000000000
0.00247846000000000
0.000114476000000000
-0.00135913000000000
-0.00179393000000000
-0.00192701000000000
-0.00147835000000000
0.00143692000000000
0.00726602000000000
0.0130941000000000
0.0158328000000000
0.0156678000000000
0.0143677000000000
0.0120248000000000
0.00788390000000000
0.00307120000000000
-0.000239160000000000
-0.00147556000000000
-0.00146828000000000
-0.000480142000000000
0.00151856000000000
0.00358094000000000
0.00442340000000000
0.00374851000000000
0.00202266000000000
-0.000217845000000000
-0.00230760000000000
-0.00356615000000000
-0.00370180000000000
-0.00258404000000000
1.09526000000000e-05
0.00372094000000000
0.00707980000000000
0.00868251000000000
0.00859322000000000
0.00790676000000000
0.00717673000000000
0.00614362000000000
0.00464412000000000
0.00297791000000000
0.00140184000000000
-0.000215938000000000
-0.00212030000000000
-0.00419968000000000
-0.00596925000000000
-0.00706894000000000
-0.00763032000000000
-0.00801248000000000
-0.00837107000000000
-0.00859965000000000
-0.00841535000000000
-0.00745317000000000
-0.00568938000000000
-0.00378344000000000
-0.00249853000000000
-0.00194051000000000
-0.00179279000000000
-0.00198908000000000
-0.00262518000000000
-0.00356515000000000
-0.00461698000000000
-0.00572724000000000
-0.00666892000000000
-0.00711337000000000
-0.00725673000000000
-0.00761032000000000
-0.00812820000000000
-0.00841107000000000
-0.00861179000000000
-0.00894823000000000
-0.00871537000000000
-0.00704480000000000
-0.00486435000000000
-0.00435254000000000
-0.00642606000000000
-0.00974612000000000
-0.0123948000000000
-0.0131456000000000
-0.0115562000000000
-0.00809105000000000
-0.00421396000000000
-0.00161285000000000
-0.00113433000000000
-0.00255289000000000
-0.00500614000000000
-0.00728245000000000
-0.00822249000000000
-0.00727102000000000
-0.00463548000000000
-0.000923825000000000
0.00291519000000000
0.00564445000000000
0.00649720000000000
0.00566438000000000
0.00379559000000000
0.00132020000000000
-0.00128741000000000
-0.00325971000000000
-0.00400195000000000
-0.00355508000000000
-0.00239039000000000
-0.00115019000000000
-0.000504785000000000
-0.000655092000000000
-0.00108455000000000
-0.00128698000000000
-0.00137184000000000
-0.00147285000000000
-0.00118519000000000
-0.000203737000000000
0.00101119000000000
0.00180958000000000
0.00202244000000000
0.00178357000000000
0.00128855000000000
0.000993542000000000
0.00123627000000000
0.00159735000000000
0.00134506000000000
0.000538915000000000
-6.72700000000000e-05
-2.80748000000000e-05
0.000591675000000000
0.00181572000000000
0.00365558000000000
0.00564359000000000
0.00708208000000000
0.00760818000000000
0.00713259000000000
0.00567281000000000
0.00351950000000000
0.00128191000000000
-0.000463148000000000
-0.00136999000000000
-0.00118805000000000
0.000348115000000000
0.00334178000000000
0.00732388000000000
0.0109705000000000
0.0125555000000000
0.0114433000000000
0.00893752000000000
0.00702215000000000
0.00628869000000000
0.00591689000000000
0.00539008000000000
0.00520436000000000
0.00584239000000000
0.00697294000000000
0.00790462000000000
0.00814820000000000
0.00753460000000000
0.00624798000000000
0.00489435000000000
0.00407960000000000
0.00392652000000000
0.00414960000000000
0.00450576000000000
0.00481113000000000
0.00481456000000000
0.00441090000000000
0.00387523000000000
0.00352386000000000
0.00325114000000000
0.00267368000000000
0.00167107000000000
0.000570988000000000
-0.000242867000000000
-0.000697101000000000
-0.000966969000000000
-0.00117605000000000
-0.00129098000000000
-0.00119626000000000
-0.000782104000000000
-2.16609000000000e-05
0.000917039000000000
0.00171714000000000
0.00220116000000000
0.00253211000000000
0.00297455000000000
0.00349508000000000
0.00378373000000000
0.00364058000000000
0.00316042000000000
0.00251232000000000
0.00178865000000000
0.00107505000000000
0.000478006000000000
5.94125000000000e-05
-0.000111890000000000
7.45603000000000e-05
0.000560438000000000
0.00103990000000000
0.00129005000000000
0.00148085000000000
0.00188615000000000
0.00240803000000000
0.00268933000000000
0.00261290000000000
0.00230260000000000
0.00171621000000000
0.000702858000000000
-0.000507878000000000
-0.00138649000000000
-0.00174979000000000
-0.00194401000000000
-0.00222509000000000
-0.00241017000000000
-0.00233717000000000
-0.00227145000000000
-0.00252739000000000
-0.00296284000000000
-0.00315835000000000
-0.00289748000000000
-0.00224381000000000
-0.00131041000000000
-0.000271247000000000
0.000544716000000000
0.000867608000000000
0.000805677000000000
0.000706887000000000
0.000756603000000000
0.000822177000000000
0.000712194000000000
0.000425496000000000
9.66541000000000e-05
-0.000219852000000000
-0.000545409000000000
-0.000855179000000000
-0.00112762000000000
-0.00145749000000000
-0.00189751000000000
-0.00226295000000000
-0.00233953000000000
-0.00228324000000000
-0.00248703000000000
-0.00306877000000000
-0.00379266000000000
-0.00452669000000000
-0.00533037000000000
-0.00605297000000000
-0.00628719000000000
-0.00588253000000000
-0.00513450000000000
-0.00437133000000000
-0.00368444000000000
-0.00309013000000000
-0.00265740000000000
-0.00241503000000000
-0.00232424000000000
-0.00229788000000000
-0.00217131000000000
-0.00182465000000000
-0.00144685000000000
-0.00139870000000000
-0.00172172000000000
-0.00208302000000000
-0.00227331000000000
-0.00235517000000000
-0.00234053000000000
-0.00222516000000000
-0.00234810000000000
-0.00315549000000000
-0.00453590000000000
-0.00590661000000000
-0.00695779000000000
-0.00777247000000000
-0.00829035000000000
-0.00827535000000000
-0.00784462000000000
-0.00741031000000000
-0.00711780000000000
-0.00674643000000000
-0.00616769000000000
-0.00544059000000000
-0.00454505000000000
-0.00346822000000000
-0.00252596000000000
-0.00212995000000000
-0.00220245000000000
-0.00227545000000000
-0.00217188000000000
-0.00218488000000000
-0.00251939000000000
-0.00294848000000000
-0.00318192000000000
-0.00323278000000000
-0.00325092000000000
-0.00323342000000000
-0.00308856000000000
-0.00275233000000000
-0.00216795000000000
-0.00133484000000000
-0.000570838000000000
-0.000364808000000000
-0.000827249000000000
-0.00147578000000000
-0.00185679000000000
-0.00197623000000000
-0.00204787000000000
-0.00208980000000000
-0.00204394000000000
-0.00200051000000000
-0.00205030000000000
-0.00203516000000000
-0.00172457000000000
-0.00116919000000000
-0.000591525000000000
-8.80108000000000e-06
0.000769318000000000
0.00176236000000000
0.00265311000000000
0.00308306000000000
0.00300277000000000
0.00267497000000000
0.00239917000000000
0.00230488000000000
0.00231481000000000
0.00229903000000000
0.00230317000000000
0.00253289000000000
0.00302527000000000
0.00354893000000000
0.00400110000000000
0.00462012000000000
0.00550709000000000
0.00623455000000000
0.00634062000000000
0.00597247000000000
0.00558966000000000
0.00530422000000000
0.00496599000000000
0.00464298000000000
0.00451862000000000
0.00453033000000000
0.00455419000000000
0.00473206000000000
0.00516386000000000
0.00552366000000000
0.00542837000000000
0.00500871000000000
0.00469013000000000
0.00462069000000000
0.00464420000000000
0.00465527000000000
0.00462841000000000
0.00447533000000000
0.00415625000000000
0.00379959000000000
0.00350408000000000
0.00319435000000000
0.00284641000000000
0.00262611000000000
0.00262211000000000
0.00267768000000000
0.00269161000000000
0.00282048000000000
0.00317928000000000
0.00355222000000000
0.00364251000000000
0.00342350000000000
0.00307763000000000
0.00272061000000000
0.00236203000000000
0.00199708000000000
0.00163328000000000
0.00130148000000000
0.00102440000000000
0.000694679000000000
0.000117233000000000
-0.000627976000000000
-0.00111240000000000
-0.00104926000000000
-0.000671978000000000
-0.000361272000000000
-0.000217131000000000
-0.000174343000000000
-0.000211130000000000
-0.000224438000000000
-0.000130655000000000
-0.000187315000000000
-0.000765389000000000
-0.00162285000000000
-0.00201266000000000
-0.00158271000000000
-0.000674978000000000
0.000404417000000000
0.00159228000000000
0.00254689000000000
0.00268683000000000
0.00203951000000000
0.00130141000000000
0.000916324000000000
0.000661899000000000
0.000304027000000000
2.75369000000000e-05
1.94351000000000e-05
9.38111000000000e-05
-1.52999000000000e-05
-0.000344557000000000
-0.000800176000000000
-0.00130498000000000
-0.00173772000000000
-0.00197430000000000
-0.00202051000000000
-0.00196765000000000
-0.00183508000000000
-0.00160328000000000
-0.00132256000000000
-0.00106497000000000
-0.000832964000000000
-0.000606761000000000
-0.000399174000000000
-0.000210252000000000
-7.23673000000000e-06
0.000222681000000000
0.000499800000000000
0.000856036000000000
0.00115626000000000
0.00106954000000000
0.000488456000000000
-0.000212766000000000
-0.000668121000000000
-0.00100954000000000
-0.00143506000000000
-0.00162778000000000
-0.00118876000000000
-0.000391459000000000
0.000177307000000000
0.000435911000000000
0.000570267000000000
0.000316578000000000
-0.000707030000000000
-0.00217395000000000
-0.00339586000000000
-0.00422961000000000
-0.00495842000000000
-0.00551166000000000
-0.00558381000000000
-0.00529108000000000
-0.00502971000000000
-0.00483856000000000
-0.00444383000000000
-0.00376480000000000
-0.00294648000000000
-0.00214388000000000
-0.00155664000000000
-0.00138170000000000
-0.00147256000000000
-0.00142099000000000
-0.00108376000000000
-0.000676107000000000
-0.000265525000000000
0.000342850000000000
0.00112512000000000
0.00170757000000000
0.00186065000000000
0.00181115000000000
0.00189844000000000
0.00220952000000000
0.00258561000000000
0.00284319000000000
0.00291919000000000
0.00291477000000000
0.00294148000000000
0.00292748000000000
0.00268168000000000
0.00216738000000000
0.00155235000000000
0.000975684000000000
0.000427604000000000
-0.000134763000000000
-0.000708880000000000
-0.00128470000000000
-0.00180579000000000
-0.00212473000000000
-0.00216959000000000
-0.00212680000000000
-0.00226674000000000
-0.00260904000000000
-0.00293091000000000
-0.00309134000000000
-0.00315470000000000
-0.00318121000000000
-0.00309127000000000
-0.00281698000000000
-0.00243160000000000
-0.00203444000000000
-0.00163807000000000
-0.00125712000000000
-0.000987399000000000
-0.000900466000000000
-0.000928682000000000
-0.000949254000000000
-0.000923467000000000
-0.000900895000000000
-0.000918467000000000
-0.000939182000000000
-0.000873394000000000
-0.000659028000000000
-0.000334721000000000
6.65307000000000e-06
0.000332343000000000
0.000678779000000000
0.00103619000000000
0.00133141000000000
0.00155457000000000
0.00179222000000000
0.00205852000000000
0.00221938000000000
0.00217145000000000
0.00200437000000000
0.00186486000000000
0.00176843000000000
0.00164207000000000
0.00148771000000000
0.00137470000000000
0.00132377000000000
0.00129977000000000
0.00129363000000000
0.00131841000000000
0.00133606000000000
0.00127691000000000
0.00111548000000000
0.000884037000000000
0.000629126000000000
0.000393795000000000
0.000180415000000000
-7.89962000000000e-05
-0.000397495000000000
-0.000573010000000000
-0.000333821000000000
0.000295434000000000
0.000974612000000000
0.00144870000000000
0.00177636000000000
0.00208466000000000
0.00232853000000000
0.00242674000000000
0.00242803000000000
0.00238160000000000
0.00221895000000000
0.00190779000000000
0.00155642000000000
0.00125191000000000
0.000945968000000000
0.000602825000000000
0.000307391000000000
0.000126848000000000
-7.34174000000000e-06
-0.000173086000000000
-0.000343886000000000
-0.000485263000000000
-0.000645949000000000
-0.000866036000000000
-0.00110569000000000
-0.00133170000000000
-0.00156685000000000
-0.00180858000000000
-0.00201030000000000
-0.00218509000000000
-0.00240674000000000
-0.00264940000000000
-0.00275904000000000
-0.00264033000000000
-0.00238203000000000
-0.00212123000000000
-0.00189422000000000
-0.00165943000000000
-0.00139292000000000
-0.00111283000000000
-0.000873180000000000
-0.000736245000000000
-0.000711601000000000
-0.000735174000000000
-0.000747174000000000
-0.000750103000000000
-0.000752032000000000
-0.000711530000000000
-0.000597275000000000
-0.000447647000000000
-0.000313799000000000
-0.000192501000000000
-5.85039000000000e-05
8.13106000000000e-05
0.000207644000000000
0.000323328000000000
0.000440047000000000
0.000556623000000000
0.000669135000000000
0.000781819000000000
0.000897823000000000
0.00101204000000000
0.00112233000000000
0.00124255000000000
0.00139413000000000
0.00157685000000000
0.00176236000000000
0.00193358000000000
0.00210773000000000
0.00229624000000000
0.00247603000000000
0.00263747000000000
0.00282098000000000
0.00303213000000000
0.00316035000000000
0.00307727000000000
0.00280526000000000
0.00248718000000000
0.00220759000000000
0.00193508000000000
0.00163457000000000
0.00134291000000000
0.00111212000000000
0.000940611000000000
0.000788462000000000
0.000631248000000000
0.000469955000000000
0.000308434000000000
0.000152442000000000
3.29478000000000e-05
-4.46004000000000e-06
1.86694000000000e-05
-1.77650000000000e-05
-0.000212559000000000
-0.000509993000000000
-0.000795033000000000
-0.00107262000000000
-0.00143070000000000
-0.00183229000000000
-0.00211380000000000
-0.00219924000000000
-0.00219338000000000
-0.00217695000000000
-0.00206059000000000
-0.00171186000000000
-0.00115705000000000
-0.000604061000000000
-0.000325957000000000
-0.000492356000000000
-0.00102697000000000
-0.00164585000000000
-0.00205366000000000
-0.00212866000000000
-0.00194401000000000
-0.00166271000000000
-0.00142985000000000
-0.00131491000000000
-0.00129855000000000
-0.00131770000000000
-0.00133663000000000
-0.00134741000000000
-0.00134370000000000
-0.00133541000000000
-0.00134763000000000
-0.00136477000000000
-0.00132748000000000
-0.00120426000000000
-0.00102547000000000
-0.000828463000000000
-0.000632998000000000
-0.000472384000000000
-0.000388716000000000
-0.000382145000000000
-0.000410674000000000
-0.000430304000000000
-0.000426818000000000
-0.000449940000000000
-0.000612290000000000
-0.000963398000000000
-0.00132077000000000
-0.00136006000000000
-0.000941968000000000
-0.000285391000000000
0.000263554000000000
0.000529037000000000
0.000568302000000000
0.000527451000000000
0.000507693000000000
0.000515665000000000
0.000488885000000000
0.000365744000000000
0.000142427000000000
-0.000128977000000000
-0.000392931000000000
-0.000631519000000000
-0.000870822000000000
-0.00114383000000000
-0.00142220000000000
-0.00160742000000000
-0.00161807000000000
-0.00147935000000000
-0.00129198000000000
-0.00113640000000000
-0.00101797000000000
-0.000880680000000000
-0.000657242000000000
-0.000317606000000000
0.000115076000000000
0.000590118000000000
0.00101961000000000
0.00129070000000000
0.00135456000000000
0.00130548000000000
0.00127977000000000
0.00129684000000000
0.00126212000000000
0.00111776000000000
0.000906109000000000
0.000684393000000000
0.000466977000000000
0.000273990000000000
0.000159185000000000
0.000143435000000000
0.000171029000000000
0.000169986000000000
0.000141906000000000
0.000157578000000000
0.000259904000000000
0.000414225000000000
0.000578146000000000
0.000763675000000000
0.000961183000000000
0.00107176000000000
0.00100626000000000
0.000816534000000000
0.000620269000000000
0.000449297000000000
0.000267311000000000
9.86184000000000e-05
1.57242000000000e-05
1.91072000000000e-05
3.52108000000000e-05
2.76112000000000e-05
2.26567000000000e-05
3.14477000000000e-05
2.88369000000000e-05
9.11181000000000e-06
-3.84845000000000e-06
-4.88406000000000e-06
-1.45042000000000e-05
-3.34421000000000e-05
-3.97810000000000e-05
-4.23368000000000e-05
-6.92751000000000e-05
-6.61914000000000e-05
0.000125605000000000
0.000523008000000000
0.000772104000000000
0.000393888000000000
-0.000607897000000000
-0.00162807000000000
-0.00211887000000000
-0.00216595000000000
-0.00216873000000000
-0.00218438000000000
-0.00196837000000000
-0.00152664000000000
-0.00118591000000000
-0.00111819000000000
-0.00116791000000000
-0.00117934000000000
-0.00117291000000000
-0.00118498000000000
-0.00118784000000000
-0.00119455000000000
-0.00122548000000000
-0.00119248000000000
-0.000982184000000000
-0.000626212000000000
-0.000236096000000000
0.000159071000000000
0.000536673000000000
0.000745960000000000
0.000640034000000000
0.000311977000000000
1.48628000000000e-05
-0.000116262000000000
-0.000149142000000000
-0.000171900000000000
-0.000176122000000000
-0.000152085000000000
-0.000152978000000000
-0.000190644000000000
-0.000196173000000000
-0.000153685000000000
-0.000147549000000000
-0.000243675000000000
-0.000463812000000000
-0.000863465000000000
-0.00145406000000000
-0.00197608000000000
-0.00201723000000000
-0.00143927000000000
-0.000523272000000000
0.000416646000000000
0.00124727000000000
0.00188765000000000
0.00225302000000000
0.00243246000000000
0.00261768000000000
0.00284869000000000
0.00299484000000000
0.00300234000000000
0.00296684000000000
0.00297462000000000
0.00300413000000000
0.00297813000000000
0.00283962000000000
0.00261018000000000
0.00236781000000000
0.00214823000000000
0.00195980000000000
0.00191465000000000
0.00205166000000000
0.00199508000000000
0.00118205000000000
-0.000301363000000000
-0.00156671000000000
-0.00187301000000000
-0.00140556000000000
-0.000801177000000000
-0.000334778000000000
0.000107419000000000
0.000596304000000000
0.00109526000000000
0.00156935000000000
0.00190358000000000
0.00191037000000000
0.00161228000000000
0.00128384000000000
0.00115541000000000
0.00126184000000000
0.00160257000000000
0.00217002000000000
0.00276033000000000
0.00302620000000000
0.00282412000000000
0.00235174000000000
0.00185594000000000
0.00143327000000000
0.00109947000000000
0.000869894000000000
0.000708801000000000
0.000550580000000000
0.000370723000000000
0.000186494000000000
1.88858000000000e-06
-0.000194115000000000
-0.000399395000000000
-0.000605475000000000
-0.000811677000000000
-0.00101769000000000
-0.00123448000000000
-0.00148335000000000
-0.00171393000000000
-0.00178450000000000
-0.00162100000000000
-0.00133441000000000
-0.00107812000000000
-0.000894895000000000
-0.000780604000000000
-0.000765246000000000
-0.000812320000000000
-0.000770818000000000
-0.000540287000000000
-0.000178693000000000
0.000228931000000000
0.000668349000000000
0.00106904000000000
0.00126277000000000
0.00117591000000000
0.000939825000000000
0.000716673000000000
0.000556645000000000
0.000453690000000000
0.000419925000000000
0.000441783000000000
0.000467498000000000
0.000471827000000000
0.000476106000000000
0.000476656000000000
0.000416660000000000
0.000265297000000000
7.67604000000000e-05
-7.59246000000000e-05
-0.000200344000000000
-0.000374501000000000
-0.000643998000000000
-0.000986327000000000
-0.00138013000000000
-0.00181900000000000
-0.00219959000000000
-0.00233596000000000
-0.00217816000000000
-0.00190187000000000
-0.00166836000000000
-0.00144249000000000
-0.00113312000000000
-0.000768675000000000
-0.000413510000000000
-5.52573000000000e-05
0.000320149000000000
0.000655506000000000
0.000903609000000000
0.00108676000000000
0.00124012000000000
0.00139156000000000
0.00157914000000000
0.00177822000000000
0.00187279000000000
0.00179629000000000
0.00162971000000000
0.00146206000000000
0.00129013000000000
0.00113362000000000
0.00110026000000000
0.00123977000000000
0.00146406000000000
0.00168829000000000
0.00189679000000000
0.00204323000000000
0.00203430000000000
0.00187465000000000
0.00167971000000000
0.00152435000000000
0.00138077000000000
0.00121877000000000
0.00106604000000000
0.000948683000000000
0.000842893000000000
0.000715101000000000
0.000576517000000000
0.000459941000000000
0.000354001000000000
0.000212852000000000
4.34511000000000e-05
-9.50397000000000e-05
-0.000210645000000000
-0.000387423000000000
-0.000587482000000000
-0.000608126000000000
-0.000344593000000000
4.83199000000000e-05
0.000409210000000000
0.000774533000000000
0.00116919000000000
0.00140856000000000
0.00132877000000000
0.00105590000000000
0.000816034000000000
0.000647456000000000
0.000464370000000000
0.000273283000000000
0.000128177000000000
-6.22362000000000e-06
-0.000183915000000000
-0.000333421000000000
-0.000330457000000000
-0.000180550000000000
-5.89568000000000e-06
0.000127677000000000
0.000266683000000000
0.000454869000000000
0.000621119000000000
0.000627376000000000
0.000409439000000000
5.42273000000000e-05
-0.000298341000000000
-0.000593925000000000
-0.000889680000000000
-0.00123619000000000
-0.00160021000000000
-0.00193787000000000
-0.00228845000000000
-0.00268868000000000
-0.00304284000000000
-0.00321435000000000
-0.00322356000000000
-0.00321806000000000
-0.00323128000000000
-0.00312677000000000
-0.00279390000000000
-0.00228924000000000
-0.00175157000000000
-0.00132641000000000
-0.00113662000000000
-0.00119926000000000
-0.00137513000000000
-0.00152056000000000
-0.00163085000000000
-0.00176343000000000
-0.00190887000000000
-0.00203509000000000
-0.00216152000000000
-0.00230331000000000
-0.00243232000000000
-0.00255639000000000
-0.00271254000000000
-0.00283126000000000
-0.00276119000000000
-0.00248046000000000
-0.00213302000000000
-0.00182143000000000
-0.00151906000000000
-0.00119534000000000
-0.000877465000000000
-0.000571831000000000
-0.000253811000000000
6.68521000000000e-05
0.000369651000000000
0.000686586000000000
0.00102826000000000
0.00129513000000000
0.00137884000000000
0.00131891000000000
0.00124177000000000
0.00119712000000000
0.00114898000000000
0.00108355000000000
0.00102490000000000
0.000976470000000000
0.000920324000000000
0.000857965000000000
0.000802391000000000
0.000749674000000000
0.000691000000000000
0.000631277000000000
0.000575731000000000
0.000519522000000000
0.000460534000000000
0.000402560000000000
0.000345343000000000
0.000286833000000000
0.000228888000000000
0.000171321000000000
0.000111469000000000
5.22108000000000e-05
-3.90781000000000e-06
-6.28712000000000e-05
-0.000126091000000000
-0.000183243000000000
-0.000235831000000000
-0.000304477000000000
-0.000397381000000000
-0.000498885000000000