0.00353903000000000
0.00208258000000000
0.000467039000000000
-0.00261937000000000
-0.00338704000000000
-0.00196318000000000
-0.000881253000000000
-0.00114299000000000
0.000309788000000000
0.00701097000000000
0.00749102000000000
0.00540307000000000
0.00715633000000000
0.00660130000000000
0.00229633000000000
0.00348092000000000
0.00561019000000000
0.00483491000000000
0.00139887000000000
-0.00513253000000000
-0.0100938000000000
-0.0119056000000000
-0.0106566000000000
-0.00370468000000000
0.00359829000000000
0.00627813000000000
0.00263481000000000
-0.00178107000000000
-0.00151567000000000
-0.00183202000000000
0.00681809000000000
0.0184283000000000
0.0169364000000000
0.0138716000000000
0.0130170000000000
0.00647916000000000
-0.00864895000000000
-0.0200008000000000
-0.0251183000000000
-0.0281067000000000
-0.0208604000000000
-0.00985247000000000
-0.00104416000000000
0.00792443000000000
0.00989277000000000
0.00898438000000000
0.00570147000000000
0.00146579000000000
-0.00412812000000000
-0.0123748000000000
-0.00864190000000000
0.0107132000000000
0.0288716000000000
0.0239188000000000
0.0194706000000000
0.0141413000000000
-0.00229456000000000
-0.0182919000000000
-0.0265908000000000
-0.0311863000000000
-0.0407720000000000
-0.0395573000000000
-0.0272216000000000
-0.00257107000000000
0.0279745000000000
0.0358353000000000
0.0253059000000000
0.00453124000000000
-0.00165349000000000
0.00857630000000000
0.0227003000000000
0.0351296000000000
0.0369479000000000
0.0220149000000000
-0.00279354000000000
-0.00448280000000000
0.0186498000000000
0.0252459000000000
0.0110760000000000
-0.00973644000000000
-0.0504351000000000
-0.0753778000000000
-0.0743564000000000
-0.0398394000000000
-0.00359722000000000
0.0355759000000000
0.0710785000000000
0.0794854000000000
0.0496809000000000
0.00279646000000000
-0.0132954000000000
-0.0218850000000000
-0.0224448000000000
-0.0252573000000000
-0.00274438000000000
0.0436709000000000
0.0493133000000000
0.0201589000000000
-0.0281331000000000
-0.0625905000000000
-0.0645500000000000
-0.0553805000000000
-0.0268629000000000
0.0236570000000000
0.0729591000000000
0.0840629000000000
0.0565922000000000
0.0265257000000000
-0.00964800000000000
-0.0582373000000000
-0.0685410000000000
-0.0375486000000000
0.000734102000000000
0.0340797000000000
0.0601322000000000
0.0474552000000000
-0.00645317000000000
-0.0285209000000000
-0.0160833000000000
-0.000643177000000000
-0.00740150000000000
-0.0156611000000000
-0.0135577000000000
0.00115348000000000
0.000833363000000000
-0.0393281000000000
-0.0334020000000000
0.00219158000000000
-0.0148427000000000
-0.0596274000000000
-0.0497462000000000
-0.0165286000000000
0.0325431000000000
0.0909060000000000
0.109997000000000
0.0615354000000000
0.0303057000000000
0.0242105000000000
-0.0147562000000000
-0.0435692000000000
-0.0543736000000000
-0.0610121000000000
-0.0415594000000000
0.0343625000000000
0.0968577000000000
0.0739754000000000
0.000915154000000000
-0.0665879000000000
-0.108962000000000
-0.134808000000000
-0.110060000000000
-0.0540877000000000
-0.00690890000000000
0.0338011000000000
0.0698535000000000
0.0912563000000000
0.0635279000000000
0.0143021000000000
-0.0222763000000000
-0.0168827000000000
0.0329353000000000
0.0677168000000000
0.0735634000000000
0.0645987000000000
0.0492181000000000
0.0128754000000000
-0.0530170000000000
-0.106878000000000
-0.100826000000000
-0.0489295000000000
-0.00154983000000000
0.0598421000000000
0.0960146000000000
0.0709901000000000
0.0536588000000000
0.0707691000000000
0.0784068000000000
0.0714584000000000
0.0616730000000000
0.0378675000000000
-0.00664852000000000
-0.0485092000000000
-0.0956660000000000
-0.123236000000000
-0.122233000000000
-0.114280000000000
-0.0942486000000000
-0.0602841000000000
-0.0330892000000000
-0.0251511000000000
-0.0205508000000000
0.0325141000000000
0.0939545000000000
0.0971197000000000
0.0537508000000000
-0.00222312000000000
-0.0204534000000000
-0.00671183000000000
0.00442336000000000
-0.00899047000000000
-0.0298060000000000
-0.0179540000000000
0.0276043000000000
0.0480464000000000
0.0739954000000000
0.0954100000000000
0.0473039000000000
0.00142912000000000
0.00176899000000000
0.0130364000000000
0.0275833000000000
0.0389753000000000
0.00663036000000000
-0.0669723000000000
-0.121349000000000
-0.138872000000000
-0.127757000000000
-0.0920466000000000
-0.0367669000000000
0.00814705000000000
0.0146534000000000
0.0213545000000000
0.0378159000000000
0.0317926000000000
0.0177608000000000
0.0152131000000000
0.00719158000000000
-0.0178500000000000
-0.0435078000000000
-0.0589813000000000
-0.0676018000000000
-0.0758592000000000
-0.0435360000000000
0.0409764000000000
0.117308000000000
0.139040000000000
0.140494000000000
0.139655000000000
0.0909138000000000
0.00820895000000000
-0.0453862000000000
-0.0578057000000000
-0.0630064000000000
-0.0422656000000000
-0.0176331000000000
-0.0158854000000000
-0.0267044000000000
-0.0322603000000000
-0.00222968000000000
0.0309890000000000
0.0347772000000000
0.0276060000000000
0.0192700000000000
0.00985151000000000
-0.00292465000000000
-0.00315669000000000
-0.00621638000000000
-0.0478652000000000
-0.0673858000000000
-0.0511066000000000
-0.0386979000000000
-0.0394295000000000
-0.0336168000000000
0.00220795000000000
0.0403025000000000
0.0648049000000000
0.101206000000000
0.161732000000000
0.190215000000000
0.135818000000000
0.0449462000000000
-0.0313923000000000
-0.0923060000000000
-0.138936000000000
-0.156081000000000
-0.151821000000000
-0.122915000000000
-0.0903695000000000
-0.0752062000000000
-0.0638484000000000
-0.0631427000000000
-0.0957378000000000
-0.126581000000000
-0.126172000000000
-0.0794174000000000
-0.0176486000000000
0.0485100000000000
0.118196000000000
0.147322000000000
0.133689000000000
0.0871354000000000
0.0613919000000000
0.0519823000000000
0.0463317000000000
0.0291758000000000
0.0119338000000000
0.0124579000000000
0.0249445000000000
0.0433460000000000
0.0405707000000000
-0.00218364000000000
-0.0775485000000000
-0.148714000000000
-0.210543000000000
-0.233885000000000
-0.233136000000000
-0.217642000000000
-0.171210000000000
-0.104022000000000
-0.00515925000000000
0.0760940000000000
0.0617431000000000
-0.0129421000000000
-0.0481107000000000
-0.0524006000000000
-0.0492596000000000
-0.0418588000000000
-0.0324557000000000
-0.0213752000000000
-0.0208314000000000
-0.0143832000000000
-0.00753358000000000
-0.00318561000000000
-0.0162314000000000
-0.0807192000000000
-0.118217000000000
-0.106477000000000
-0.00177589000000000
0.151260000000000
0.305727000000000
0.449100000000000
0.511069000000000
0.535450000000000
0.459258000000000
0.274444000000000
0.0866517000000000
-0.0561579000000000
-0.175097000000000
-0.260992000000000
-0.348130000000000
-0.402120000000000
-0.399869000000000
-0.275237000000000
-0.123134000000000
0.155391000000000
0.529358000000000
0.503267000000000
0.260585000000000
0.0403961000000000
-0.0722516000000000
-0.0977714000000000
-0.0566114000000000
0.0490052000000000
0.146161000000000
0.173326000000000
0.174281000000000
0.126413000000000
0.0224016000000000
-0.0868395000000000
-0.118403000000000
-0.0823773000000000
-0.0435229000000000
0.00748619000000000
0.0851033000000000
0.0928883000000000
-0.000170135000000000
-0.0905652000000000
-0.182704000000000
-0.195619000000000
-0.138707000000000
-0.0313850000000000
0.175299000000000
0.408295000000000
0.554185000000000
0.593066000000000
0.422385000000000
0.259023000000000
0.195924000000000
0.122377000000000
0.0484848000000000
-0.0206090000000000
-0.0675667000000000
-0.0949523000000000
-0.112913000000000
-0.124854000000000
-0.150779000000000
-0.191014000000000
-0.250565000000000
-0.316490000000000
-0.374162000000000
-0.438491000000000
-0.455543000000000
-0.459876000000000
-0.387936000000000
-0.283656000000000
-0.175822000000000
-0.0390907000000000
0.211094000000000
0.216294000000000
-0.00299837000000000
-0.144952000000000
-0.272836000000000
-0.373678000000000
-0.434120000000000
-0.440054000000000
-0.403764000000000
-0.344689000000000
-0.231116000000000
-0.105885000000000
0.349073000000000
0.700031000000000
0.707099000000000
0.738289000000000
0.595951000000000
0.467964000000000
0.365293000000000
0.258937000000000
0.103720000000000
-0.0108165000000000
-0.107899000000000
-0.181078000000000
-0.220903000000000
-0.217313000000000
-0.156397000000000
-0.0795853000000000
0.0140980000000000
0.0986238000000000
0.157228000000000
0.198290000000000
0.231244000000000
0.226812000000000
0.200862000000000
0.156262000000000
0.104388000000000
0.0252328000000000
-0.0605459000000000
-0.127228000000000
-0.189389000000000
-0.212258000000000
-0.213231000000000
-0.204736000000000
-0.170622000000000
-0.103441000000000
-0.0586971000000000
-0.0601741000000000
-0.0679385000000000
-0.0407403000000000
-0.000359414000000000
0.0169473000000000
0.0481206000000000
0.0827879000000000
0.131482000000000
0.198808000000000
0.247253000000000
0.260852000000000
0.275419000000000
0.290118000000000
0.268902000000000
0.185887000000000
0.0968834000000000
0.0284257000000000
-0.0218246000000000
-0.0643076000000000
-0.129564000000000
-0.193730000000000
-0.251638000000000
-0.297727000000000
-0.325720000000000
-0.344478000000000
-0.360272000000000
-0.367201000000000
-0.368340000000000
-0.361369000000000
-0.347583000000000
-0.305643000000000
-0.213426000000000
-0.0978777000000000
0.0712493000000000
0.126658000000000
0.0444925000000000
0.00519364000000000
-0.0114603000000000
0.0358202000000000
0.114976000000000
0.190004000000000
0.208081000000000
0.135241000000000
0.0630708000000000
0.0131876000000000
0.0172176000000000
0.0818681000000000
0.144779000000000
0.174947000000000
0.178784000000000
0.174713000000000
0.146270000000000
0.107713000000000
0.0966725000000000
0.0953348000000000
0.0932444000000000
0.109744000000000
0.130278000000000
0.132170000000000
0.0981082000000000
0.0436868000000000
-0.00756110000000000
-0.0561643000000000
-0.0729214000000000
-0.0824757000000000
-0.0905075000000000
-0.102801000000000
-0.113180000000000
-0.114835000000000
-0.101621000000000
-0.0472724000000000
0.0200865000000000
0.0792554000000000
0.112553000000000
0.108834000000000
0.0698390000000000
0.0115233000000000
-0.0370559000000000
-0.0542225000000000
-0.0340282000000000
0.00978350000000000
0.0418289000000000
0.0552681000000000
0.0635834000000000
0.0670265000000000
0.0680223000000000
0.0659493000000000
0.0632747000000000
0.0654697000000000
0.0795529000000000
0.114614000000000
0.140081000000000
0.147749000000000
0.105936000000000
0.0434889000000000
-0.0108728000000000
-0.0583256000000000
-0.0871736000000000
-0.109838000000000
-0.119677000000000
-0.108624000000000
-0.0491924000000000
0.0148620000000000
0.0728875000000000
0.0847156000000000
0.00672062000000000
-0.0809286000000000
-0.143278000000000
-0.189267000000000
-0.210848000000000
-0.220767000000000
-0.213925000000000
-0.174824000000000
-0.108394000000000
-0.0346585000000000
0.0350300000000000
0.0797323000000000
0.0803705000000000
0.0508773000000000
0.0268486000000000
0.0167036000000000
-0.00928887000000000
-0.0397003000000000
-0.0548712000000000
-0.0625622000000000
-0.0482071000000000
-0.0160529000000000
0.0353661000000000
0.0911405000000000
0.108477000000000
0.0832039000000000
0.0214249000000000
-0.0318103000000000
-0.0548677000000000
-0.0604028000000000
-0.0512115000000000
-0.0326229000000000
-0.0142133000000000
-0.00634957000000000
-0.00690782000000000
-0.0124893000000000
-0.0160858000000000
-0.0155045000000000
-0.00165827000000000
0.0267648000000000
0.0619017000000000
0.110109000000000
0.157887000000000
0.182954000000000
0.190583000000000
0.188844000000000
0.183104000000000
0.167245000000000
0.131421000000000
0.0973884000000000
0.0818838000000000
0.0655696000000000
0.0336941000000000
0.00780121000000000
-0.0171376000000000
-0.0476125000000000
-0.0680264000000000
-0.0917197000000000
-0.120043000000000
-0.144882000000000
-0.165728000000000
-0.182637000000000
-0.194789000000000
-0.195850000000000
-0.182618000000000
-0.155216000000000
-0.125982000000000
-0.0994435000000000
-0.0839818000000000
-0.0648327000000000
-0.0325126000000000
-0.000764873000000000
0.0203361000000000
0.0354612000000000
0.0579641000000000
0.0976011000000000
0.143441000000000
0.189252000000000
0.216540000000000
0.214756000000000
0.163018000000000
0.0697237000000000
-0.00851077000000000
-0.0663091000000000
-0.0939827000000000
-0.107953000000000
-0.0907951000000000
-0.0324313000000000
0.0338483000000000
0.0778235000000000
0.0776193000000000
0.0361044000000000
-0.0247972000000000
-0.0748202000000000
-0.106538000000000
-0.117695000000000
-0.124584000000000
-0.0965289000000000
-0.0472813000000000
0.00356694000000000
0.0448987000000000
0.0587585000000000
0.0433018000000000
0.0154521000000000
0.00289193000000000
-0.00721424000000000
-0.0119182000000000
-0.0184243000000000
-0.0249727000000000
-0.0319994000000000
-0.0356050000000000
-0.0282405000000000
-0.0188275000000000
-0.0135314000000000
-0.0102599000000000
-0.00807365000000000
-0.0118726000000000
-0.0232282000000000
-0.0365701000000000
-0.0425328000000000
-0.0378210000000000
-0.0138524000000000
0.0241351000000000
0.0700516000000000
0.111670000000000
0.128366000000000
0.109707000000000
0.0532646000000000
-0.00428450000000000
-0.0515791000000000
-0.0750084000000000
-0.0813010000000000
-0.0846667000000000
-0.0809102000000000
-0.0775618000000000
-0.0801536000000000
-0.0884019000000000
-0.0947859000000000
-0.0923094000000000
-0.0772039000000000
-0.0523634000000000
-0.0225368000000000
0.00518573000000000
0.0223119000000000
0.0376850000000000
0.0578879000000000
0.0774363000000000
0.0936270000000000
0.111153000000000
0.123228000000000
0.129053000000000
0.115084000000000
0.0758956000000000
0.0554066000000000
0.0501079000000000
0.0519339000000000
0.0657832000000000
0.0796008000000000
0.0782971000000000
0.0484971000000000
0.00840148000000000
-0.0281244000000000
-0.0551432000000000
-0.0679522000000000
-0.0696349000000000
-0.0570059000000000
-0.0441131000000000
-0.0437115000000000
-0.0567193000000000
-0.0815981000000000
-0.101307000000000
-0.108666000000000
-0.108970000000000
-0.0799718000000000
-0.0234376000000000
0.0423203000000000
0.109929000000000
0.174624000000000
0.211476000000000
0.215303000000000
0.193304000000000
0.153855000000000
0.117996000000000
0.0836189000000000
0.0533592000000000
0.0255614000000000
-0.00567359000000000
-0.0278493000000000
-0.0363956000000000
-0.0333187000000000
-0.0192439000000000
-0.00282653000000000
0.00367959000000000
0.00424822000000000
-0.00829441000000000
-0.0338290000000000
-0.0472091000000000
-0.0548173000000000
-0.0570524000000000
-0.0591259000000000
-0.0619758000000000
-0.0621121000000000
-0.0563414000000000
-0.0443694000000000
-0.0342830000000000
-0.0309212000000000
-0.0372374000000000
-0.0472134000000000
-0.0554629000000000
-0.0584453000000000
-0.0519299000000000
-0.0362492000000000
-0.0184616000000000
-0.00776039000000000
-0.00365121000000000
-0.0102112000000000
-0.0212300000000000
-0.0327802000000000
-0.0437340000000000
-0.0565204000000000
-0.0667097000000000
-0.0655461000000000
-0.0495963000000000
-0.0193441000000000
0.0160135000000000
0.0439614000000000
0.0533204000000000
0.0502718000000000
0.0352991000000000
0.0150302000000000
-0.0102632000000000
-0.0339188000000000
-0.0473107000000000
-0.0535646000000000
-0.0572599000000000
-0.0621384000000000
-0.0650400000000000
-0.0650119000000000
-0.0481333000000000
-0.0204198000000000
-0.00295286000000000
0.00942063000000000
0.0210534000000000
0.0309809000000000
0.0387499000000000
0.0418388000000000
0.0368556000000000
0.0236572000000000
0.00687988000000000
-0.00516046000000000
-0.00657001000000000
-0.00121391000000000
0.00537050000000000
0.0110698000000000
0.0146450000000000
0.0137138000000000
0.0104810000000000
0.00927026000000000
0.0158494000000000
0.0275484000000000
0.0392700000000000
0.0443134000000000
0.0385750000000000
0.0253527000000000
0.00894510000000000
0.000539368000000000
-0.00561248000000000
-0.0109229000000000
-0.00907418000000000
-0.00214391000000000
0.00683486000000000
0.0141653000000000
0.0198725000000000
0.0301578000000000
0.0446143000000000
0.0522548000000000
0.0485026000000000
0.0380682000000000
0.0219190000000000
0.00338997000000000
-0.0102934000000000
-0.0156263000000000
-0.0128607000000000
-0.00517777000000000
0.0153699000000000
0.0389626000000000
0.0542101000000000
0.0605534000000000
0.0561678000000000
0.0482908000000000
0.0406059000000000
0.0333000000000000
0.0270726000000000
0.0222843000000000
0.0160384000000000
0.00901864000000000
0.00639539000000000
0.00703307000000000
0.00892820000000000
0.00886625000000000
0.0116531000000000
0.0173366000000000
0.0212683000000000
0.0242632000000000
0.0208953000000000
0.0129507000000000
0.00223941000000000
-0.0121767000000000
-0.0255659000000000
-0.0367648000000000
-0.0456210000000000
-0.0483264000000000
-0.0445987000000000
-0.0356226000000000
-0.0225574000000000
-0.00930133000000000
0.000249878000000000
0.00283271000000000
0.00113832000000000
-0.000966834000000000
0.000101480000000000
0.000925986000000000
-0.00393525000000000
-0.0124496000000000
-0.0242832000000000
-0.0363884000000000
-0.0472600000000000
-0.0565601000000000
-0.0647141000000000
-0.0702484000000000
-0.0684765000000000
-0.0606704000000000
-0.0507495000000000
-0.0410207000000000
-0.0289758000000000
-0.0153978000000000
-0.00376234000000000
0.00462549000000000
0.0100121000000000
0.0130865000000000
0.0145470000000000
0.0163375000000000
0.0221176000000000
0.0367292000000000
0.0550402000000000
0.0692529000000000
0.0761421000000000
0.0717009000000000
0.0584693000000000
0.0442931000000000
0.0349943000000000
0.0306339000000000
0.0271573000000000
0.0231706000000000
0.0163139000000000
0.00453856000000000
-0.00764750000000000
-0.0211957000000000
-0.0357708000000000
-0.0455837000000000
-0.0458338000000000
-0.0339890000000000
-0.0172521000000000
-0.00110226000000000
0.00970242000000000
0.00750449000000000
-0.00357385000000000
-0.0146270000000000
-0.0214546000000000
-0.0190865000000000
-0.00704687000000000
0.0106864000000000
0.0233713000000000
0.0283445000000000
0.0274888000000000
0.0228912000000000
0.0196664000000000
0.0186597000000000
0.0214757000000000
0.0270994000000000
0.0312776000000000
0.0314395000000000
0.0262576000000000
0.0136687000000000
-0.00361482000000000
-0.0187505000000000
-0.0249712000000000
-0.0251922000000000
-0.0241955000000000
-0.0200280000000000
-0.0143075000000000
-0.00726462000000000
5.11987000000000e-05
0.00539933000000000
0.00691943000000000
0.00333946000000000
-0.00249706000000000
-0.00908223000000000
-0.00971002000000000
-0.00273872000000000
0.00778103000000000
0.0188374000000000
0.0298819000000000
0.0364861000000000
0.0338271000000000
0.0222147000000000
0.00523060000000000
-0.0155709000000000
-0.0363645000000000
-0.0501248000000000
-0.0544892000000000
-0.0471747000000000
-0.0340950000000000
-0.0211133000000000
-0.0154896000000000
-0.0215090000000000
-0.0308675000000000
-0.0357872000000000
-0.0357604000000000
-0.0332214000000000
-0.0325229000000000
-0.0332289000000000
-0.0295742000000000
-0.0166442000000000
0.00455267000000000
0.0277424000000000
0.0443467000000000
0.0544000000000000
0.0528353000000000
0.0409102000000000
0.0265735000000000
0.0152327000000000
0.00948495000000000
0.0148542000000000
0.0244318000000000
0.0298382000000000
0.0308388000000000
0.0252951000000000
0.0174365000000000
0.00756116000000000
-0.00206371000000000
-0.0109148000000000
-0.0154290000000000
-0.0162251000000000
-0.0120179000000000
-0.00430599000000000
0.00384319000000000
0.00524925000000000
-0.00472280000000000
-0.0241689000000000
-0.0491271000000000
-0.0677225000000000
-0.0809330000000000
-0.0879369000000000
-0.0879222000000000
-0.0758668000000000
-0.0512474000000000
-0.0318474000000000
-0.0217901000000000
-0.0170848000000000
-0.0155489000000000
-0.0167519000000000
-0.0151046000000000
-0.00543569000000000
0.00735507000000000
0.0190527000000000
0.0268586000000000
0.0275425000000000
0.0239359000000000
0.0164853000000000
0.0103121000000000
0.0111484000000000
0.0214534000000000
0.0379502000000000
0.0512577000000000
0.0634548000000000
0.0729741000000000
0.0827437000000000
0.0904847000000000
0.0928845000000000
0.0882642000000000
0.0772678000000000
0.0589837000000000
0.0375249000000000
0.0178084000000000
-0.000667816000000000
-0.0142454000000000
-0.0239419000000000
-0.0312586000000000
-0.0359439000000000
-0.0372357000000000
-0.0365505000000000
-0.0330152000000000
-0.0275414000000000
-0.0197633000000000
-0.00750796000000000
0.00964476000000000
0.0248536000000000
0.0345941000000000
0.0364187000000000
0.0302468000000000
0.0201541000000000
0.0100626000000000
0.00147912000000000
-0.00605497000000000
-0.0136302000000000
-0.0211192000000000
-0.0244012000000000
-0.0209548000000000
-0.0101146000000000
0.00140141000000000
0.0116374000000000
0.0187953000000000
0.0202953000000000
0.0179394000000000
0.0128447000000000
0.00595058000000000
0.00288979000000000
0.00153299000000000
-0.00165236000000000
-0.00620118000000000
-0.0103644000000000
-0.0136584000000000
-0.0127720000000000
-0.0110666000000000
-0.0108069000000000
-0.0126314000000000
-0.0196263000000000
-0.0272638000000000
-0.0347171000000000
-0.0414721000000000
-0.0477926000000000
-0.0528290000000000
-0.0573315000000000
-0.0609753000000000
-0.0647477000000000
-0.0624700000000000
-0.0527641000000000
-0.0396502000000000
-0.0267907000000000
-0.0161029000000000
-0.00671638000000000
-0.00157922000000000
-0.000609305000000000
-0.00405575000000000
-0.00749424000000000
-0.00755389000000000
-0.00666349000000000
-0.00162042000000000
0.00660671000000000
0.0168453000000000
0.0262782000000000
0.0315279000000000
0.0289613000000000
0.0183649000000000
0.00635208000000000
-0.00167638000000000
-0.00549519000000000
-0.00751857000000000
-0.00879861000000000
-0.0112566000000000
-0.0159698000000000
-0.0218266000000000
-0.0247232000000000
-0.0235585000000000
-0.0163835000000000
-0.00251969000000000
0.0171809000000000
0.0351258000000000
0.0466284000000000
0.0504802000000000
0.0450846000000000
0.0327126000000000
0.0229020000000000
0.0239844000000000
0.0355241000000000
0.0498888000000000
0.0568530000000000
0.0564872000000000
0.0502992000000000
0.0453647000000000
0.0407746000000000
0.0345442000000000
0.0276976000000000
0.0193378000000000
0.0106985000000000
0.00174642000000000
-0.00354458000000000
-0.00482468000000000
-0.00552707000000000
-0.00786986000000000
-0.0132775000000000
-0.0184771000000000
-0.0225384000000000
-0.0224498000000000
-0.0158472000000000
-0.00721872000000000
0.000582968000000000
0.00392325000000000
0.00300221000000000
-0.00148717000000000
-0.00604279000000000
-0.0104845000000000
-0.0134978000000000
-0.0183820000000000
-0.0267233000000000
-0.0342589000000000
-0.0395831000000000
-0.0421472000000000
-0.0412278000000000
-0.0383354000000000
-0.0352151000000000
-0.0308413000000000
-0.0253439000000000
-0.0163550000000000
-0.00445500000000000
0.00893168000000000
0.0248320000000000
0.0400923000000000
0.0497198000000000
0.0555127000000000
0.0540682000000000
0.0484830000000000
0.0403232000000000
0.0301573000000000
0.0182252000000000
0.00699261000000000
-0.000443708000000000
-0.000655914000000000
0.00639309000000000
0.0127107000000000
0.0171546000000000
0.0149668000000000
0.00972341000000000
0.00318016000000000
-0.00596812000000000
-0.0135025000000000
-0.0212834000000000
-0.0285885000000000
-0.0378706000000000
-0.0454448000000000
-0.0497606000000000
-0.0498364000000000
-0.0432260000000000
-0.0341259000000000
-0.0214680000000000
-0.0111979000000000
-0.00700965000000000
-0.00904647000000000
-0.0121168000000000
-0.0138992000000000
-0.0109301000000000
-0.00230298000000000
0.00534092000000000
0.0105348000000000
0.00835224000000000
0.00284248000000000
-0.00274811000000000
-0.00157703000000000
0.0108807000000000
0.0257275000000000
0.0357843000000000
0.0426981000000000
0.0454128000000000
0.0436225000000000
0.0383658000000000
0.0352278000000000
0.0351931000000000
0.0353492000000000
0.0303230000000000
0.0196946000000000
0.00673682000000000
-0.00429573000000000
-0.0100559000000000
-0.0121114000000000
-0.0104249000000000
-0.0101575000000000
-0.0131497000000000
-0.0176207000000000
-0.0218505000000000
-0.0247711000000000
-0.0223148000000000
-0.0168771000000000
-0.0101423000000000
-0.00509017000000000
-0.00468367000000000
-0.00662382000000000
-0.00686395000000000
-0.00666151000000000
-0.00800010000000000
-0.00837671000000000
-0.0108933000000000
-0.0142380000000000
-0.0146729000000000
-0.0139391000000000
-0.0111992000000000
-0.00591792000000000
-0.000142385000000000
0.00481825000000000
0.00758462000000000
0.00754722000000000
0.00454834000000000
-0.000492415000000000
-0.00500713000000000
-0.00556661000000000
-0.00392255000000000
0.00178010000000000
0.00967304000000000
0.0142149000000000
0.0190245000000000
0.0212648000000000
0.0211943000000000
0.0195708000000000
0.0179738000000000
0.0158070000000000
0.0119323000000000
0.0100557000000000
0.00688592000000000
0.00437597000000000
0.00376215000000000
0.00348622000000000
0.00386750000000000
0.00238180000000000
-0.00225351000000000
-0.00917451000000000
-0.0148182000000000
-0.0171307000000000
-0.0172013000000000
-0.0158262000000000
-0.0138589000000000
-0.0111906000000000
-0.00905627000000000
-0.00989138000000000
-0.00918944000000000
-0.00680073000000000
-0.00593714000000000
-0.00326488000000000
-0.00224096000000000
-0.00556052000000000
-0.0123530000000000
-0.0195046000000000
-0.0257061000000000
-0.0290217000000000
-0.0289465000000000
-0.0253043000000000
-0.0201237000000000
-0.0176635000000000
-0.0170994000000000
-0.0168493000000000
-0.0134774000000000
-0.00778670000000000
-0.00392986000000000
-0.00263962000000000
-0.00346148000000000
-0.00467026000000000
-0.00204703000000000
0.00456854000000000
0.0144609000000000
0.0237266000000000
0.0325126000000000
0.0363098000000000
0.0319713000000000
0.0241346000000000
0.0166849000000000
0.0109087000000000
0.00747655000000000
0.00481420000000000
0.000148398000000000
-0.00521968000000000
-0.0111045000000000
-0.0145049000000000
-0.0156474000000000
-0.0123723000000000
-0.00431243000000000
0.00229652000000000
0.00722665000000000
0.00957957000000000
0.0115496000000000
0.0134851000000000
0.0131800000000000
0.0112504000000000
0.00665349000000000
0.00318553000000000
0.00144143000000000
-0.000147631000000000
0.000315791000000000
0.000462529000000000
-0.00227004000000000
-0.00726313000000000
-0.0120654000000000
-0.0158289000000000
-0.0167064000000000
-0.0151644000000000
-0.0129201000000000
-0.0106665000000000
-0.00589011000000000
0.00117201000000000
0.00700979000000000
0.0134757000000000
0.0178705000000000
0.0211006000000000
0.0226903000000000
0.0223401000000000
0.0236516000000000
0.0236009000000000
0.0234482000000000
0.0234784000000000
0.0231905000000000
0.0229689000000000
0.0209664000000000
0.0172918000000000
0.0149329000000000
0.0129635000000000
0.0143876000000000
0.0149756000000000
0.0107338000000000
0.00410302000000000
-0.00243504000000000
-0.00638133000000000
-0.00582116000000000
-0.00223195000000000
-0.000937701000000000
-0.00354437000000000
-0.00747607000000000
-0.0119086000000000
-0.0164181000000000
-0.0189439000000000
-0.0236653000000000
-0.0263369000000000
-0.0276278000000000
-0.0250469000000000
-0.0224701000000000
-0.0235807000000000
-0.0253447000000000
-0.0265759000000000
-0.0261602000000000
-0.0234322000000000
-0.0182039000000000
-0.0133718000000000
-0.00672305000000000
-0.000818974000000000
0.00337580000000000
0.00519479000000000
0.00809501000000000
0.00958538000000000
0.0120589000000000
0.0132962000000000
0.0137107000000000
0.0166798000000000
0.0198676000000000
0.0240571000000000
0.0274727000000000
0.0280329000000000
0.0252580000000000
0.0183980000000000
0.00974659000000000
0.00406058000000000
-0.00276629000000000
-0.00584992000000000
-0.00468150000000000
-0.00125522000000000
-0.00108323000000000
-0.00300612000000000
-0.00806273000000000
-0.0152195000000000
-0.0215998000000000
-0.0270592000000000
-0.0288589000000000
-0.0271167000000000
-0.0215876000000000
-0.0175001000000000
-0.0145892000000000
-0.0134910000000000
-0.0116654000000000
-0.00930041000000000
-0.00968756000000000
-0.0104232000000000
-0.00850609000000000
-0.00468227000000000
0.00303453000000000
0.0129867000000000
0.0230289000000000
0.0304741000000000
0.0336924000000000
0.0357155000000000
0.0334402000000000
0.0298624000000000
0.0234609000000000
0.0134341000000000
0.00431365000000000
-0.00359836000000000
-0.00945126000000000
-0.0116179000000000
-0.00803917000000000
0.000795986000000000
0.0105547000000000
0.0199914000000000
0.0275903000000000
0.0300587000000000
0.0265644000000000
0.0204902000000000
0.0143737000000000
0.00990280000000000
0.00718894000000000
0.00585048000000000
0.00351029000000000
0.00126683000000000
-0.00234010000000000
-0.00813730000000000
-0.0101462000000000
-0.00833241000000000
-0.00522270000000000
-0.00526923000000000
-0.00480165000000000
-0.00609504000000000
-0.00947271000000000
-0.0125244000000000
-0.0178327000000000
-0.0213309000000000
-0.0224494000000000
-0.0207694000000000
-0.0183182000000000
-0.0176200000000000
-0.0169669000000000
-0.0153611000000000
-0.0142309000000000
-0.0113014000000000
-0.00737276000000000
-0.00573248000000000
-0.00563984000000000
-0.00560417000000000
-0.00437861000000000
-0.00496306000000000
-0.00349236000000000
-0.00133000000000000
0.000568688000000000
0.00228850000000000
0.00106672000000000
0.00158075000000000
0.00102018000000000
-0.000860130000000000
-0.00163270000000000
-0.00170035000000000
0.00389919000000000
0.00969351000000000
0.0133479000000000
0.0148133000000000
0.0126150000000000
0.00640585000000000
-0.000703036000000000
-0.00390570000000000
-0.00565745000000000
-0.00478430000000000
-0.00159497000000000
0.00149631000000000
0.00117959000000000
0.00157707000000000
-0.000890183000000000
-0.00388215000000000
-0.00506940000000000
-0.00730874000000000
-0.00995883000000000
-0.0117450000000000
-0.00745718000000000
-0.00465208000000000
-0.00147067000000000
0.00217053000000000
0.00258130000000000
0.000233334000000000
-0.00525762000000000
-0.00769303000000000
-0.00972827000000000
-0.00881265000000000
-0.00508265000000000
-0.00101475000000000
0.00297761000000000
0.00508048000000000
0.00621342000000000
0.00403510000000000
0.00172559000000000
-0.00276757000000000
-0.00663796000000000
-0.0111470000000000
-0.0151247000000000
-0.0164868000000000
-0.0192693000000000
-0.0180436000000000
-0.0155299000000000
-0.0128175000000000
-0.00791613000000000
-0.00339767000000000
0.00106646000000000
0.00535039000000000
0.0108653000000000
0.0159999000000000
0.0181134000000000
0.0187628000000000
0.0181004000000000
0.0161063000000000
0.0169624000000000
0.0183419000000000
0.0213485000000000
0.0214268000000000
0.0193744000000000
0.0171644000000000
0.0130224000000000
0.0118923000000000
0.00963986000000000
0.00885690000000000
0.00861323000000000
0.00782895000000000
0.00439062000000000
0.000656813000000000
-0.00128554000000000
-0.00242757000000000
-0.00167744000000000
-0.00164017000000000
-0.000843658000000000
-0.000783861000000000
-0.00234988000000000
-0.00368137000000000
-0.00477170000000000
-0.00649672000000000
-0.00698812000000000
-0.00777500000000000
-0.00833663000000000
-0.00781436000000000
-0.00573518000000000
-0.00130802000000000
0.00135021000000000
0.00621729000000000
0.00924521000000000
0.00862001000000000
0.00634382000000000
0.00215427000000000
0.000515421000000000
0.00121792000000000
0.00477456000000000
0.00908647000000000
0.0113022000000000
0.0107485000000000
0.00952048000000000
0.00958301000000000
0.0119882000000000
0.0108039000000000
0.00910941000000000
0.00649803000000000
0.00224624000000000
0.000970502000000000
-0.00181446000000000
-0.00180491000000000
-0.00385446000000000
-0.00629093000000000
-0.00640592000000000
-0.00434652000000000
-0.00219967000000000
0.00197980000000000
0.00280162000000000
0.00309211000000000
0.00126121000000000
-0.000776395000000000
-0.00163073000000000
-0.00338345000000000
-0.00260931000000000
-0.00210547000000000
-0.00204420000000000
-0.00255401000000000
-0.00480625000000000
-0.00955883000000000
-0.00700382000000000
-0.00626676000000000
-0.00505666000000000
-0.00486418000000000
-0.00382103000000000
-0.00478796000000000
-0.00776364000000000
-0.0110070000000000
-0.0161001000000000
-0.0202352000000000
-0.0240694000000000
-0.0245010000000000
-0.0230551000000000
-0.0202999000000000
-0.0187002000000000
-0.0205894000000000
-0.0243031000000000
-0.0257708000000000
-0.0282376000000000
-0.0256269000000000
-0.0193419000000000
-0.0135988000000000
-0.00717591000000000
-0.00215891000000000
0.00443091000000000
0.00817587000000000
0.0112570000000000
0.0156102000000000
0.0188145000000000
0.0213789000000000
0.0241115000000000
0.0256596000000000
0.0257859000000000
0.0251503000000000
0.0243716000000000
0.0225607000000000
0.0224830000000000
0.0207052000000000
0.0175905000000000
0.0142386000000000
0.0108801000000000
0.00840268000000000
0.00601541000000000
0.00363742000000000
0.00249304000000000
0.000947173000000000
-0.00199263000000000
-0.00233933000000000
-0.00420982000000000
-0.00475527000000000
-0.00737573000000000
-0.00840747000000000
-0.00840435000000000
-0.00677938000000000
-0.00421893000000000
-0.00191952000000000
-0.00139697000000000
-0.00168800000000000
-0.00170607000000000
-0.00196397000000000
-0.00143214000000000
-0.000561108000000000
0.00188275000000000
0.00353292000000000
0.00383021000000000
0.00267395000000000
0.00187545000000000
-0.000782082000000000
-0.00272276000000000
-0.00552472000000000
-0.00655908000000000
-0.00556347000000000
-0.00347205000000000
-0.000364333000000000
0.00252078000000000
0.00395498000000000
0.00232172000000000
0.000259145000000000
-0.00210289000000000
-0.00396670000000000
-0.00426035000000000
-0.00450894000000000
-0.00467405000000000
-0.00460596000000000
-0.00292927000000000
-0.00116910000000000
-0.00146936000000000
-0.000989177000000000
-0.00113176000000000
-0.000317664000000000
0.00212226000000000
0.00299200000000000
0.00455740000000000
0.00237956000000000
0.00250331000000000
0.00542953000000000
0.00534922000000000
0.00933017000000000
0.0117290000000000
0.0135899000000000
0.0160974000000000
0.0158329000000000
0.0146475000000000
0.0115634000000000
0.00886612000000000
0.00514197000000000
0.00302641000000000
0.00115598000000000
-0.000791294000000000
-0.00243116000000000
-0.00401273000000000
-0.00343979000000000
-0.00220963000000000
-1.48342000000000e-05
-0.000403869000000000
-0.000908183000000000
-0.00461644000000000
-0.00906937000000000
-0.0119071000000000
-0.0151608000000000
-0.0150040000000000
-0.0144522000000000
-0.0146107000000000
-0.0142339000000000
-0.0141168000000000
-0.0124997000000000
-0.0116830000000000
-0.00855005000000000
-0.00511901000000000
-0.00289773000000000
-0.00331725000000000
-0.00469743000000000
-0.00490098000000000
-0.00642691000000000
-0.00524315000000000
-0.00358900000000000
-0.00215215000000000
0.000640208000000000
0.00280847000000000
0.00314553000000000
0.00426568000000000
0.00399984000000000
0.00387976000000000
0.00280564000000000
0.00537671000000000
0.00669826000000000
0.00462240000000000
0.000869051000000000
-0.00218866000000000
-0.00422742000000000
-0.00582759000000000
-0.00474191000000000
-0.00489117000000000
-0.00467473000000000
-0.00218187000000000
-0.00171367000000000
-0.00443616000000000
-0.00390569000000000
-0.00577885000000000
-0.00543919000000000
-0.00216193000000000
0.00309759000000000
0.0104030000000000
0.0153392000000000
0.0199110000000000
0.0199088000000000
0.0174088000000000
0.0137985000000000
0.0109249000000000
0.0103264000000000
0.00918995000000000
0.00888029000000000
0.00685471000000000
0.00495500000000000
0.00209066000000000
-0.00317731000000000
-0.00690161000000000
-0.00876954000000000
-0.00928328000000000
-0.00757891000000000
-0.00523853000000000
-0.00431595000000000
-0.00420658000000000
-0.00420294000000000
-0.00460144000000000
-0.00431922000000000
-0.00185990000000000
-0.000796504000000000
-0.00169146000000000
-0.00225851000000000
-0.00150449000000000
9.15378000000000e-05
0.00193517000000000
0.00452597000000000
0.00841321000000000
0.00945960000000000
0.0114709000000000
0.0129884000000000
0.0145086000000000
0.0164627000000000
0.0168974000000000
0.0154538000000000
0.0115198000000000
0.00805725000000000
0.00546001000000000
0.00344486000000000
-0.000167143000000000
-0.00105618000000000
-0.00224055000000000
-0.00364392000000000
-0.00354170000000000
-0.00442046000000000
-0.00415874000000000
-0.00445662000000000
-0.00556539000000000
-0.00720762000000000
-0.00987831000000000
-0.0103980000000000
-0.00811326000000000
-0.00470461000000000
-0.00102725000000000
0.00125349000000000
0.00116583000000000
7.99439000000000e-05
-0.00153121000000000
-0.00216557000000000
-0.00232723000000000
-0.000749432000000000
0.000688698000000000
-9.18216000000000e-05
-0.000940786000000000
-0.00316819000000000
-0.00508575000000000
-0.00691743000000000
-0.00849237000000000
-0.00902605000000000
-0.00944141000000000
-0.00768942000000000
-0.00667077000000000
-0.00556358000000000
-0.00523162000000000
-0.00533652000000000
-0.00559677000000000
-0.00634977000000000
-0.00516531000000000
-0.00380664000000000
-0.00264934000000000
-0.00138547000000000
0.000438765000000000
0.00119702000000000
0.00148603000000000
0.000840969000000000
-0.000478474000000000
-0.00114986000000000
-0.00123667000000000
-0.000863784000000000
-0.000620482000000000
0.000286513000000000
0.00207975000000000
0.00306728000000000
0.00417406000000000
0.00379491000000000
0.00277266000000000
0.00159783000000000
0.00126870000000000
0.00138070000000000
0.00107528000000000
0.00107055000000000
0.000102858000000000
0.000302629000000000
0.000947071000000000
0.00213203000000000
0.00245956000000000
0.00293293000000000
0.00332046000000000
0.00323488000000000
0.00334502000000000
0.00289840000000000
0.00207323000000000
0.000922183000000000
0.000123083000000000
-0.000411241000000000
-0.000487032000000000
-4.16235000000000e-05
0.000824563000000000
0.00206554000000000
0.00279463000000000
0.00308439000000000
0.00268890000000000
0.00201509000000000
0.00160899000000000
0.00135105000000000
0.000841910000000000
0.000162664000000000
-4.95113000000000e-05
-0.000281133000000000
-0.000302066000000000
-0.000207443000000000
-0.000229632000000000
-0.000522287000000000
-0.000886305000000000
-0.00116753000000000
-0.00130910000000000
-0.00114087000000000
-0.000586604000000000
-0.000140357000000000
2.65583000000000e-05
0.000224022000000000
0.000260080000000000
0.000214939000000000
0.000225164000000000
0.000197301000000000
0.000165674000000000
6.99781000000000e-05
5.39545000000000e-05
1.43209000000000e-05
-0.000125299000000000
-0.000319420000000000
-0.000360103000000000
-0.000373096000000000
-0.000322505000000000
-0.000290184000000000
-0.000254009000000000
-0.000217595000000000
-0.000203686000000000
-0.000224598000000000
-0.000298373000000000
-0.000286325000000000
-0.000276899000000000
-0.000213086000000000
-0.000142229000000000
-6.60182000000000e-05
-4.14470000000000e-05
-3.87432000000000e-05
-8.90665000000000e-06
1.12903000000000e-05
6.36809000000000e-05
8.82755000000000e-05
8.54191000000000e-05
7.55605000000000e-05
5.58292000000000e-05
4.34905000000000e-05
4.86019000000000e-05
6.29555000000000e-05
7.89755000000000e-05
8.50281000000000e-05
8.06302000000000e-05
7.44860000000000e-05
5.22466000000000e-05
2.67701000000000e-05
2.12400000000000e-06
-2.25460000000000e-05
-4.67637000000000e-05
-6.27268000000000e-05
-7.21864000000000e-05
-7.96408000000000e-05
-8.49918000000000e-05
-8.61849000000000e-05
-8.61987000000000e-05
-8.78426000000000e-05
-8.82873000000000e-05
-9.00911000000000e-05
-9.13185000000000e-05
-9.18689000000000e-05
-9.08327000000000e-05
-8.92961000000000e-05
-8.72994000000000e-05
-8.49135000000000e-05
-8.23614000000000e-05
-7.94512000000000e-05
-7.63046000000000e-05
-7.29947000000000e-05
-6.96504000000000e-05
-6.63127000000000e-05
-6.30486000000000e-05
-5.98658000000000e-05
-5.67497000000000e-05
-5.36740000000000e-05
-5.06341000000000e-05
-4.76348000000000e-05
-4.46880000000000e-05
-4.18036000000000e-05