-0.000386017000000000
-0.000381441000000000
-0.000373968000000000
-0.000364115000000000
-0.000351464000000000
-0.000336358000000000
-0.000318628000000000
-0.000298844000000000
-0.000274967000000000
-0.000252021000000000
-0.000236129000000000
-0.000209281000000000
-0.000182344000000000
-0.000169702000000000
-0.000140542000000000
-0.000113297000000000
-0.000102397000000000
-8.21633000000000e-05
-7.90840000000000e-05
-5.19438000000000e-05
-2.64663000000000e-05
-3.65199000000000e-05
-1.10842000000000e-05
1.16639000000000e-05
-9.51089000000000e-06
1.18726000000000e-05
3.08991000000000e-05
-3.28537000000000e-06
1.39955000000000e-05
2.84883000000000e-05
-1.61945000000000e-05
-1.31685000000000e-05
1.83646000000000e-05
1.83626000000000e-05
-4.19144000000000e-05
-3.45807000000000e-05
-2.96866000000000e-05
-0.000100455000000000
-0.000107050000000000
-8.92414000000000e-05
-8.20843000000000e-05
-7.41313000000000e-05
-6.52835000000000e-05
-5.71887000000000e-05
-5.04596000000000e-05
-4.32820000000000e-05
-3.66059000000000e-05
-3.14291000000000e-05
-2.58623000000000e-05
-2.10175000000000e-05
-1.72116000000000e-05
-1.25881000000000e-05
-7.86258000000000e-06
-4.11387000000000e-06
7.10766000000000e-07
5.36502000000000e-06
9.33644000000000e-06
1.40402000000000e-05
1.89561000000000e-05
2.27886000000000e-05
2.78033000000000e-05
3.24706000000000e-05
3.66804000000000e-05
4.13452000000000e-05
4.66083000000000e-05
5.03255000000000e-05
5.54683000000000e-05
6.02300000000000e-05
6.70450000000000e-05
6.24244000000000e-05
8.85759000000000e-05
0.000176691000000000
0.000221536000000000
0.000303743000000000
0.000339391000000000
0.000449603000000000
0.000559855000000000
0.000595514000000000
0.000680044000000000
0.000715814000000000
0.000827109000000000
0.000940173000000000
0.000963773000000000
0.00107828000000000
0.00118622000000000
0.00123020000000000
0.00130452000000000
0.00123814000000000
0.00121358000000000
0.00124224000000000
0.00122662000000000
0.00113678000000000
0.00113402000000000
0.00113177000000000
0.00103858000000000
0.00103650000000000
0.00103342000000000
0.000940484000000000
0.000938086000000000
0.000935316000000000
0.000844667000000000
0.000832008000000000
0.000848741000000000
0.000852104000000000
0.000857869000000000
0.000863855000000000
0.000870158000000000
0.000876747000000000
0.000883110000000000
0.000888880000000000
0.000895059000000000
0.000901052000000000
0.000908207000000000
0.000914163000000000
0.000920379000000000
0.000926473000000000
0.000932867000000000
0.000937163000000000
0.000953563000000000
0.000940719000000000
0.000851001000000000
0.000848049000000000
0.000845766000000000
0.000753821000000000
0.000751376000000000
0.000747841000000000
0.000657859000000000
0.000642732000000000
0.000668965000000000
0.000653937000000000
0.000564108000000000
0.000561678000000000
0.000559131000000000
0.000468004000000000
0.000456042000000000
0.000472010000000000
0.000475090000000000
0.000481250000000000
0.000488076000000000
0.000493533000000000
0.000500017000000000
0.000506462000000000
0.000512127000000000
0.000518583000000000
0.000525152000000000
0.000530822000000000
0.000537405000000000
0.000543853000000000
0.000550674000000000
0.000558825000000000
0.000555889000000000
0.000580867000000000
0.000683324000000000
0.000698646000000000
0.000714520000000000
0.000817429000000000
0.000845845000000000
0.000832548000000000
0.000860069000000000
0.000962767000000000
0.000978707000000000
0.000993965000000000
0.00110057000000000
0.00111701000000000
0.00113308000000000
0.00123591000000000
0.00126468000000000
0.00125149000000000
0.00128034000000000
0.00138435000000000
0.00140033000000000
0.00141621000000000
0.00152335000000000
0.00153926000000000
0.00155620000000000
0.00166241000000000
0.00167967000000000
0.00169520000000000
0.00179993000000000
0.00182869000000000
0.00181529000000000
0.00184786000000000
0.00194854000000000
0.00185099000000000
0.00163214000000000
0.00150694000000000
0.00141748000000000
0.00128559000000000
0.00108385000000000
0.000955037000000000
0.000854122000000000
0.000748296000000000
0.000623725000000000
0.000417048000000000
0.000286598000000000
0.000194038000000000
9.33434000000000e-05
-0.000230114000000000
-0.000111353000000000
0.000733106000000000
0.000473115000000000
0.000264707000000000
0.000263756000000000
0.000217756000000000
0.000137765000000000
0.000129966000000000
0.000129168000000000
5.33407000000000e-05
2.44773000000000e-05
-6.50098000000000e-05
-6.77943000000000e-05
-7.64421000000000e-05
-0.000163799000000000
-5.32178000000000e-05
0.000180766000000000
0.000319031000000000
0.000424181000000000
0.000568571000000000
0.000778771000000000
0.000938971000000000
0.00102865000000000
0.000817965000000000
0.000486528000000000
0.000226546000000000
-7.45980000000000e-05
-0.000345222000000000
-0.000646486000000000
-0.000914425000000000
-0.00122919000000000
-0.00147135000000000
-0.00169786000000000
-0.00205000000000000
-0.00225911000000000
-0.00204995000000000
-0.00167108000000000
-0.00134114000000000
-0.00107173000000000
-0.000754021000000000
-0.000484477000000000
-0.000141424000000000
0.000203255000000000
0.000471821000000000
0.000791505000000000
0.00106232000000000
0.00140947000000000
0.00174690000000000
0.00203756000000000
0.00233333000000000
0.00227102000000000
0.00215010000000000
0.00214714000000000
0.00204670000000000
0.00195364000000000
0.00192197000000000
0.00185764000000000
0.00207512000000000
0.00242502000000000
0.00269968000000000
0.00301570000000000
0.00329813000000000
0.00362818000000000
0.00388255000000000
0.00412545000000000
0.00449388000000000
0.00470979000000000
0.00452346000000000
0.00427716000000000
0.00405516000000000
0.00384867000000000
0.00371852000000000
0.00351356000000000
0.00328201000000000
0.00304725000000000
0.00285934000000000
0.00257619000000000
0.00182622000000000
0.000981608000000000
0.000183062000000000
-0.000630878000000000
-0.00142085000000000
-0.00229772000000000
-0.00300954000000000
-0.00286789000000000
-0.00258594000000000
-0.00246602000000000
-0.00224680000000000
-0.00199967000000000
-0.00176811000000000
-0.00152176000000000
-0.00130323000000000
-0.00115898000000000
-0.000940447000000000
-0.000693423000000000
-0.000458895000000000
-0.000209093000000000
-1.58800000000000e-05
0.000207101000000000
0.000302238000000000
-0.000605397000000000
-0.00173521000000000
-0.00275596000000000
-0.00376560000000000
-0.00493964000000000
-0.00566693000000000
-0.00459411000000000
-0.00317570000000000
-0.00194532000000000
-0.000639228000000000
0.000744964000000000
0.00205937000000000
0.00333286000000000
0.00458827000000000
0.00614474000000000
0.00718383000000000
0.00594640000000000
0.00426940000000000
0.00281848000000000
0.00134782000000000
-0.000285428000000000
-0.00161154000000000
-0.00131413000000000
-0.000637269000000000
-0.000180417000000000
0.000398976000000000
0.000979102000000000
0.00148124000000000
0.00202985000000000
0.00254629000000000
0.00309780000000000
0.00360122000000000
0.00418097000000000
0.00476666000000000
0.00527478000000000
0.00577418000000000
0.00645473000000000
0.00674825000000000
0.00484430000000000
0.00255681000000000
0.000416488000000000
-0.00173408000000000
-0.00416245000000000
-0.00590120000000000
-0.00471150000000000
-0.00248359000000000
-0.00124278000000000
-0.00329948000000000
-0.00620770000000000
-0.00825786000000000
-0.00799112000000000
-0.00725143000000000
-0.00666780000000000
-0.00619282000000000
-0.00666581000000000
-0.00730250000000000
-0.00791899000000000
-0.00842717000000000
-0.00827238000000000
-0.00801239000000000
-0.00789310000000000
-0.00768374000000000
-0.00744273000000000
-0.00720823000000000
-0.00699952000000000
-0.00686977000000000
-0.00659580000000000
-0.00653207000000000
-0.00602359000000000
-0.00327653000000000
-4.57598000000000e-05
0.00295594000000000
0.00621181000000000
0.00894621000000000
0.00913591000000000
0.00874929000000000
0.00868746000000000
0.00846898000000000
0.00826149000000000
0.00813750000000000
0.00787407000000000
0.00783074000000000
0.00741792000000000
0.00469844000000000
0.00168367000000000
-0.00154112000000000
-0.00413895000000000
-0.00319040000000000
-0.00163097000000000
-0.000428745000000000
0.000953382000000000
0.00227945000000000
0.00365936000000000
0.00495573000000000
0.00625136000000000
0.00765302000000000
0.00920807000000000
0.0107434000000000
0.0125382000000000
0.0137846000000000
0.0121063000000000
0.00986825000000000
0.00790704000000000
0.00588015000000000
0.00383331000000000
0.00180780000000000
-0.000233811000000000
-0.00227091000000000
-0.00431586000000000
-0.00633939000000000
-0.00843799000000000
-0.0104250000000000
-0.0118355000000000
-0.0137492000000000
-0.0146148000000000
-0.0101419000000000
-0.00406953000000000
0.000531018000000000
0.00108798000000000
0.000673488000000000
0.000972278000000000
0.00241968000000000
0.00392633000000000
0.00591670000000000
0.00678424000000000
0.00202499000000000
-0.00399237000000000
-0.00929262000000000
-0.0133020000000000
-0.0175860000000000
-0.0209698000000000
-0.0191898000000000
-0.0163419000000000
-0.0144230000000000
-0.0113705000000000
-0.00366786000000000
0.00467075000000000
0.0133980000000000
0.0207831000000000
0.0204450000000000
0.0185210000000000
0.0174261000000000
0.0159911000000000
0.0149018000000000
0.0133100000000000
0.00887334000000000
0.00378989000000000
-0.000937555000000000
-0.00572026000000000
-0.0104300000000000
-0.0154831000000000
-0.0198301000000000
-0.0206127000000000
-0.0204242000000000
-0.0206847000000000
-0.0243389000000000
-0.0263765000000000
-0.0179406000000000
-0.00674500000000000
0.00190352000000000
0.00314014000000000
0.00277383000000000
0.00312889000000000
0.00331518000000000
0.00356332000000000
0.00378326000000000
0.00404611000000000
0.00425170000000000
0.00440667000000000
0.00461765000000000
0.00487236000000000
0.00509859000000000
0.00535332000000000
0.00556577000000000
0.00572358000000000
0.00592678000000000
0.00607571000000000
0.00618281000000000
0.00631520000000000
0.00642978000000000
0.00655663000000000
0.00668232000000000
0.00681926000000000
0.00682333000000000
0.00728358000000000
0.00685415000000000
0.00210148000000000
-0.00365149000000000
-0.00861824000000000
-0.0118040000000000
-0.0143942000000000
-0.0172688000000000
-0.0238368000000000
-0.0286187000000000
-0.0211930000000000
-0.0111561000000000
-0.00294547000000000
0.00228650000000000
0.00695729000000000
0.0117748000000000
0.0168433000000000
0.0230425000000000
0.0306971000000000
0.0359294000000000
0.0295682000000000
0.0208995000000000
0.0134929000000000
0.00590184000000000
-0.00258865000000000
-0.00934710000000000
-0.00759411000000000
-0.00441713000000000
-0.00152678000000000
0.000449154000000000
-0.00325617000000000
-0.00791596000000000
-0.0125553000000000
-0.0164472000000000
-0.0155189000000000
-0.0135809000000000
-0.0121472000000000
-0.0105834000000000
-0.00925458000000000
-0.00801044000000000
-0.00664738000000000
-0.00524588000000000
-0.00409062000000000
-0.00269643000000000
0.00283275000000000
0.00692994000000000
0.000590548000000000
-0.00790847000000000
-0.0150312000000000
-0.0207750000000000
-0.0258102000000000
-0.0321066000000000
-0.0362840000000000
-0.0306843000000000
-0.0231449000000000
-0.0166168000000000
-0.00980194000000000
-0.00292947000000000
0.00397588000000000
0.0104603000000000
0.0181613000000000
0.0236303000000000
0.0184423000000000
0.0111045000000000
0.00483508000000000
-0.00164450000000000
-0.00736027000000000
-0.0129559000000000
-0.0182602000000000
-0.0247845000000000
-0.0289779000000000
-0.0216973000000000
-0.0120689000000000
-0.00366311000000000
0.00505897000000000
0.0139995000000000
0.0225276000000000
0.0285552000000000
0.0353781000000000
0.0400944000000000
0.0333909000000000
0.0246109000000000
0.0163509000000000
0.00898858000000000
0.00773300000000000
0.00743461000000000
0.00698948000000000
0.00887051000000000
0.0115908000000000
0.0135486000000000
0.0129510000000000
0.0118267000000000
0.0109779000000000
0.0100289000000000
0.00912324000000000
0.00827846000000000
0.00737492000000000
0.00645675000000000
0.00544290000000000
0.00464336000000000
0.00502093000000000
0.00530742000000000
0.00584878000000000
0.00838473000000000
0.0110627000000000
0.0137049000000000
0.0198330000000000
0.0244662000000000
0.0183499000000000
0.0101127000000000
0.00299238000000000
-0.00420934000000000
-0.0123383000000000
-0.0186501000000000
-0.0156296000000000
-0.0107369000000000
-0.00680962000000000
-0.00248143000000000
0.00196636000000000
0.00630865000000000
0.0103092000000000
0.0156447000000000
0.0185215000000000
0.00926297000000000
-0.00250906000000000
-0.0130776000000000
-0.0236581000000000
-0.0354608000000000
-0.0447804000000000
-0.0422077000000000
-0.0372506000000000
-0.0334424000000000
-0.0293501000000000
-0.0252998000000000
-0.0212062000000000
-0.0172593000000000
-0.0126434000000000
-0.00945661000000000
-0.0130898000000000
-0.0183980000000000
-0.0224642000000000
-0.0241191000000000
-0.0252199000000000
-0.0266786000000000
-0.0278842000000000
-0.0282932000000000
-0.0289797000000000
-0.0289792000000000
-0.0253518000000000
-0.0210314000000000
-0.0170948000000000
-0.0131019000000000
-0.00903060000000000
-0.00522108000000000
-0.000479788000000000
0.00279139000000000
-0.00424907000000000
-0.0105726000000000
-0.00379730000000000
0.00491504000000000
0.0130133000000000
0.0203291000000000
0.0221712000000000
0.0229071000000000
0.0241013000000000
0.0251841000000000
0.0290457000000000
0.0308716000000000
0.0206065000000000
0.00829711000000000
-0.00405614000000000
-0.0141617000000000
-0.0113645000000000
-0.00596138000000000
-0.00188074000000000
0.00257953000000000
0.00699566000000000
0.0114198000000000
0.0160653000000000
0.0199855000000000
0.0248509000000000
0.0390931000000000
0.0507255000000000
0.0434347000000000
0.0310357000000000
0.00986364000000000
-0.0106153000000000
-0.0150767000000000
-0.0167496000000000
-0.0198859000000000
-0.0226637000000000
-0.0253630000000000
-0.0281999000000000
-0.0310388000000000
-0.0337675000000000
-0.0365580000000000
-0.0395163000000000
-0.0418896000000000
-0.0451475000000000
-0.0560138000000000
-0.0653591000000000
-0.0597998000000000
-0.0523475000000000
-0.0448764000000000
-0.0301626000000000
-0.0126324000000000
0.00151512000000000
0.00277195000000000
0.00142798000000000
0.00146535000000000
0.000929790000000000
0.000772895000000000
0.00236630000000000
0.00390262000000000
0.00599681000000000
0.0116436000000000
0.0178560000000000
0.0239313000000000
0.0297421000000000
0.0363475000000000
0.0465329000000000
0.0587558000000000
0.0683199000000000
0.0661112000000000
0.0615474000000000
0.0581721000000000
0.0543890000000000
0.0505005000000000
0.0472839000000000
0.0428450000000000
0.0323799000000000
0.0202978000000000
0.00938325000000000
0.00109462000000000
-0.00651950000000000
-0.0145638000000000
-0.0224705000000000
-0.0304626000000000
-0.0384453000000000
-0.0465228000000000
-0.0537819000000000
-0.0638185000000000
-0.0683895000000000
-0.0465629000000000
-0.0179057000000000
0.00543060000000000
0.0167244000000000
0.0261683000000000
0.0356507000000000
0.0379718000000000
0.0392040000000000
0.0404126000000000
0.0436587000000000
0.0426383000000000
0.0205091000000000
-0.00617221000000000
-0.0298009000000000
-0.0544140000000000
-0.0746378000000000
-0.0751561000000000
-0.0716028000000000
-0.0699224000000000
-0.0679680000000000
-0.0678987000000000
-0.0673520000000000
-0.0677421000000000
-0.0775508000000000
-0.0856160000000000
-0.0759325000000000
-0.0646958000000000
-0.0522443000000000
-0.0249036000000000
0.00527098000000000
0.0340399000000000
0.0630930000000000
0.0927773000000000
0.121344000000000
0.144436000000000
0.166285000000000
0.189863000000000
0.210574000000000
0.221518000000000
0.227447000000000
0.220208000000000
0.210608000000000
0.201023000000000
0.183977000000000
0.165292000000000
0.148259000000000
0.129244000000000
0.100926000000000
0.0717554000000000
0.0417842000000000
0.00267233000000000
-0.0381538000000000
-0.0782759000000000
-0.118605000000000
-0.158392000000000
-0.200398000000000
-0.238200000000000
-0.253909000000000
-0.267344000000000
-0.278473000000000
-0.273640000000000
-0.258438000000000
-0.218396000000000
-0.165767000000000
-0.0889861000000000
-0.00388384000000000
0.0922609000000000
0.189658000000000
0.257287000000000
0.277325000000000
0.261522000000000
0.238610000000000
0.199842000000000
0.156665000000000
0.115010000000000
0.0740654000000000
0.0306961000000000
-0.0237900000000000
-0.0817929000000000
-0.138124000000000
-0.165807000000000
-0.154303000000000
-0.135548000000000
-0.108967000000000
-0.0797502000000000
-0.0494922000000000
-0.0237515000000000
-0.0177964000000000
-0.0183351000000000
-0.0329523000000000
-0.0471441000000000
-0.0402431000000000
-0.0297909000000000
-0.0213271000000000
-0.0122483000000000
-0.00313948000000000
0.00529080000000000
0.0160170000000000
0.0223355000000000
0.00613471000000000
-0.0146078000000000
-0.0332220000000000
-0.0517769000000000
-0.0718093000000000
-0.0988947000000000
-0.126952000000000
-0.155728000000000
-0.182083000000000
-0.194530000000000
-0.206804000000000
-0.215132000000000
-0.200578000000000
-0.177646000000000
-0.139049000000000
-0.0966869000000000
-0.0541943000000000
-0.0152936000000000
0.00717088000000000
0.0228950000000000
0.0253551000000000
0.0225426000000000
0.0246108000000000
0.0429017000000000
0.0643783000000000
0.0844477000000000
0.106241000000000
0.128201000000000
0.149728000000000
0.172755000000000
0.192371000000000
0.199128000000000
0.198698000000000
0.178626000000000
0.155013000000000
0.131512000000000
0.0984266000000000
0.0618310000000000
0.0292326000000000
0.0118039000000000
-0.00200552000000000
-0.0195318000000000
-0.0324643000000000
-0.0245388000000000
-0.0126029000000000
-0.00223367000000000
0.00777794000000000
0.0127378000000000
0.0159916000000000
0.0221680000000000
0.0236655000000000
0.00170333000000000
-0.0249013000000000
-0.0491960000000000
-0.0731899000000000
-0.100551000000000
-0.121460000000000
-0.109475000000000
-0.0913208000000000
-0.0753083000000000
-0.0607507000000000
-0.0574884000000000
-0.0585544000000000
-0.0547136000000000
-0.0318362000000000
-0.00473842000000000
0.0191600000000000
0.0461308000000000
0.0853388000000000
0.127821000000000
0.168962000000000
0.187561000000000
0.174878000000000
0.153715000000000
0.117560000000000
0.0737026000000000
0.0196004000000000
-0.0389096000000000
-0.108201000000000
-0.177727000000000
-0.210002000000000
-0.202701000000000
-0.191616000000000
-0.183269000000000
-0.173468000000000
-0.165166000000000
-0.153841000000000
-0.131729000000000
-0.102906000000000
-0.0559167000000000
-0.00495494000000000
0.0522195000000000
0.102491000000000
0.110866000000000
0.111159000000000
0.115603000000000
0.119401000000000
0.121684000000000
0.126603000000000
0.147285000000000
0.169385000000000
0.169836000000000
0.139399000000000
0.0845463000000000
0.0308602000000000
-0.00853650000000000
-0.0426880000000000
-0.0659196000000000
-0.0844353000000000
-0.0958788000000000
-0.105740000000000
-0.115460000000000
-0.126891000000000
-0.147900000000000
-0.172876000000000
-0.193317000000000
-0.195708000000000
-0.196052000000000
-0.196810000000000
-0.169487000000000
-0.110095000000000
-0.0473203000000000
0.0129024000000000
0.0752336000000000
0.134730000000000
0.184565000000000
0.228369000000000
0.259529000000000
0.282750000000000
0.289243000000000
0.288475000000000
0.275303000000000
0.258585000000000
0.242715000000000
0.229391000000000
0.209721000000000
0.160346000000000
0.103179000000000
0.0357454000000000
-0.0307097000000000
-0.0797391000000000
-0.120683000000000
-0.145524000000000
-0.161750000000000
-0.159416000000000
-0.152273000000000
-0.146615000000000
-0.142953000000000
-0.134113000000000
-0.0995054000000000
-0.0595632000000000
-0.0159178000000000
0.0246939000000000
0.0470369000000000
0.0602992000000000
0.0580121000000000
0.0434377000000000
-0.00442795000000000
-0.0602803000000000
-0.122896000000000
-0.180572000000000
-0.201083000000000
-0.213649000000000
-0.226226000000000
-0.236763000000000
-0.248258000000000
-0.262377000000000
-0.278757000000000
-0.291077000000000
-0.290534000000000
-0.283576000000000
-0.245611000000000
-0.179686000000000
-0.110072000000000
-0.0452013000000000
-0.00386386000000000
0.0225046000000000
0.0487443000000000
0.0754211000000000
0.102315000000000
0.128021000000000
0.150267000000000
0.171342000000000
0.172521000000000
0.144729000000000
0.113169000000000
0.0841739000000000
0.0530684000000000
0.0249289000000000
0.00810623000000000
-0.00334473000000000
-0.00218784000000000
0.00346554000000000
0.00561177000000000
-0.00557060000000000
-0.0152352000000000
-0.00926442000000000
0.00406639000000000
0.0382188000000000
0.0775496000000000
0.114385000000000
0.149409000000000
0.186560000000000
0.218829000000000
0.231388000000000
0.235285000000000
0.219856000000000
0.199135000000000
0.181929000000000
0.160863000000000
0.130599000000000
0.0918868000000000
0.0258769000000000
-0.0480018000000000
-0.116980000000000
-0.158146000000000
-0.153272000000000
-0.117953000000000
-0.0813681000000000
-0.0447201000000000
0.000842841000000000
0.0480600000000000
0.0944279000000000
0.141180000000000
0.187038000000000
0.236267000000000
0.278631000000000
0.291245000000000
0.292544000000000
0.280772000000000
0.256624000000000
0.198122000000000
0.132291000000000
0.0678156000000000
0.00670068000000000
-0.0310954000000000
-0.0671252000000000
-0.100188000000000
-0.106053000000000
-0.106513000000000
-0.109316000000000
-0.115614000000000
-0.116302000000000
-0.0912561000000000
-0.0578023000000000
-0.0130345000000000
0.0375948000000000
0.0816761000000000
0.110327000000000
0.127075000000000
0.105970000000000
0.0761004000000000
0.0505951000000000
0.0235798000000000
-0.00463369000000000
-0.0330848000000000
-0.0614272000000000
-0.0898989000000000
-0.118464000000000
-0.147738000000000
-0.177812000000000
-0.206427000000000
-0.231488000000000
-0.252122000000000
-0.259527000000000
-0.259646000000000
-0.247200000000000
-0.228184000000000
-0.178450000000000
-0.0973008000000000
-0.0138936000000000
0.0679360000000000
0.149714000000000
0.233419000000000
0.315224000000000
0.367103000000000
0.386648000000000
0.402689000000000
0.400802000000000
0.371204000000000
0.335872000000000
0.307188000000000
0.300001000000000
0.299250000000000
0.292337000000000
0.270741000000000
0.243027000000000
0.203622000000000
0.160920000000000
0.120127000000000
0.0772050000000000
0.0370198000000000
0.0128036000000000
-0.00872838000000000
-0.0496789000000000
-0.115134000000000
-0.186276000000000
-0.252190000000000
-0.283990000000000
-0.286934000000000
-0.284304000000000
-0.269043000000000
-0.246612000000000
-0.209507000000000
-0.168666000000000
-0.129629000000000
-0.0899107000000000
-0.0502414000000000
-0.0104871000000000
0.0284510000000000
0.0705482000000000
0.106413000000000
0.115647000000000
0.115190000000000
0.102503000000000
0.0809425000000000
0.0414019000000000
-0.00381723000000000
-0.0585119000000000
-0.109984000000000
-0.130817000000000
-0.148738000000000
-0.164144000000000
-0.155930000000000
-0.139066000000000
-0.106729000000000
-0.0711091000000000
-0.0351836000000000
0.0119922000000000
0.0606861000000000
0.110391000000000
0.156533000000000
0.183136000000000
0.204662000000000
0.230957000000000
0.253687000000000
0.229200000000000
0.151853000000000
0.0696181000000000
-0.00972203000000000
-0.0917045000000000
-0.176088000000000
-0.257612000000000
-0.306771000000000
-0.308269000000000
-0.277723000000000
-0.244752000000000
-0.213420000000000
-0.181081000000000
-0.149852000000000
-0.116482000000000
-0.0717885000000000
-0.0255222000000000
0.0224462000000000
0.0642571000000000
0.0830898000000000
0.0880333000000000
0.0567108000000000
0.0148858000000000
-0.0354216000000000
-0.0853100000000000
-0.114217000000000
-0.142302000000000
-0.166381000000000
-0.166710000000000
-0.156392000000000
-0.121732000000000
-0.0813150000000000
-0.0427435000000000
0.000422869000000000
0.0469368000000000
0.0876093000000000
0.105077000000000
0.114434000000000
0.109738000000000
0.101095000000000
0.0934441000000000
0.0876837000000000
0.0778078000000000
0.0445784000000000
0.00852512000000000
-0.0135458000000000
-0.0371454000000000
-0.0768547000000000
-0.118885000000000
-0.160468000000000
-0.200356000000000
-0.232807000000000
-0.259809000000000
-0.274412000000000
-0.281356000000000
-0.268005000000000
-0.251277000000000
-0.234113000000000
-0.202642000000000
-0.168147000000000
-0.135548000000000
-0.105351000000000
-0.0741965000000000
-0.0458394000000000
-0.0278306000000000
-0.0160903000000000
-0.0211351000000000
-0.0311711000000000
-0.0437784000000000
-0.0585965000000000
-0.0715624000000000
-0.0772012000000000
-0.0814290000000000
-0.0859140000000000
-0.0920608000000000
-0.0940554000000000
-0.0808969000000000
-0.0599094000000000
-0.0197611000000000
0.0260765000000000
0.0670394000000000
0.113639000000000
0.186901000000000
0.266445000000000
0.325307000000000
0.356351000000000
0.377823000000000
0.382826000000000
0.380049000000000
0.350480000000000
0.283432000000000
0.226003000000000
0.230369000000000
0.213091000000000
0.115495000000000
0.0195243000000000
-0.0132731000000000
-0.0405504000000000
-0.0913552000000000
-0.146702000000000
-0.196385000000000
-0.209622000000000
-0.192815000000000
-0.173472000000000
-0.158913000000000
-0.137587000000000
-0.0862179000000000
-0.0276163000000000
0.0252073000000000
0.0685576000000000
0.108706000000000
0.128592000000000
0.108119000000000
0.0565341000000000
0.00602075000000000
-0.0267924000000000
-0.0566702000000000
-0.0895073000000000
-0.119234000000000
-0.135843000000000
-0.149418000000000
-0.165762000000000
-0.178260000000000
-0.180444000000000
-0.173277000000000
-0.140089000000000
-0.0955080000000000
-0.0292621000000000
0.0422710000000000
0.113827000000000
0.180867000000000
0.224651000000000
0.261054000000000
0.285970000000000
0.306575000000000
0.330715000000000
0.352998000000000
0.330186000000000
0.248475000000000
0.159823000000000
0.0754497000000000
-0.0106060000000000
-0.0958342000000000
-0.183479000000000
-0.266817000000000
-0.319101000000000
-0.333685000000000
-0.306123000000000
-0.256483000000000
-0.211253000000000
-0.186414000000000
-0.164781000000000
-0.142063000000000
-0.119194000000000
-0.0761475000000000
-0.00730619000000000
0.0658045000000000
0.136200000000000
0.183033000000000
0.197973000000000
0.209248000000000
0.222141000000000
0.236208000000000
0.248423000000000
0.221173000000000
0.146881000000000
0.0652198000000000
-0.00904801000000000
-0.0633408000000000
-0.112298000000000
-0.170467000000000
-0.221489000000000
-0.205988000000000
-0.127402000000000
-0.0256431000000000
0.0715743000000000
0.149927000000000
0.221984000000000
0.260200000000000
0.261437000000000
0.259711000000000
0.260305000000000
0.259564000000000
0.260608000000000
0.258571000000000
0.239344000000000
0.219302000000000
0.197606000000000
0.139980000000000
0.0485508000000000
-0.0412940000000000
-0.116613000000000
-0.188598000000000
-0.228831000000000
-0.226860000000000
-0.220432000000000
-0.216276000000000
-0.212583000000000
-0.215621000000000
-0.219128000000000
-0.224469000000000
-0.226446000000000
-0.190038000000000
-0.118218000000000
-0.0416063000000000
0.0285018000000000
0.0779904000000000
0.122811000000000
0.157536000000000
0.165441000000000
0.149485000000000
0.137503000000000
0.153955000000000
0.176736000000000
0.195581000000000
0.191563000000000
0.158282000000000
0.122556000000000
0.0860906000000000
0.0542149000000000
0.0487564000000000
0.0484014000000000
0.0457923000000000
0.0468250000000000
0.0484763000000000
0.0496014000000000
0.0512109000000000
0.0553313000000000
0.0608150000000000
0.0644099000000000
0.0585809000000000
0.0546387000000000
0.0440700000000000
0.000570592000000000
-0.0537859000000000
-0.124742000000000
-0.200143000000000
-0.275205000000000
-0.347895000000000
-0.395876000000000
-0.403887000000000
-0.371129000000000
-0.329225000000000
-0.273297000000000
-0.212881000000000
-0.154336000000000
-0.0953969000000000
-0.0351472000000000
0.0203152000000000
0.0829354000000000
0.189255000000000
0.301978000000000
0.368309000000000
0.384380000000000
0.390802000000000
0.393423000000000
0.389296000000000
0.320496000000000
0.215982000000000
0.223123000000000
0.307096000000000
0.348205000000000
0.327612000000000
0.251909000000000
0.118060000000000
-0.0378276000000000
-0.154406000000000
-0.222190000000000
-0.256006000000000
-0.257887000000000
-0.253841000000000
-0.257592000000000
-0.249290000000000
-0.209963000000000
-0.222104000000000
-0.282462000000000
-0.314842000000000
-0.298276000000000
-0.213728000000000
-0.0845738000000000
0.0154850000000000
0.0561120000000000
0.0402729000000000
-0.0204750000000000
-0.0804886000000000
-0.113332000000000
-0.141531000000000
-0.174733000000000
-0.201737000000000
-0.209513000000000
-0.206668000000000
-0.177837000000000
-0.141201000000000
-0.0974336000000000
-0.0544329000000000
-0.0300493000000000
-0.00764014000000000
0.0134734000000000
0.0273730000000000
0.0330278000000000
0.00921634000000000
-0.0210254000000000
-0.0483865000000000
-0.0756822000000000
-0.104551000000000
-0.146394000000000
-0.188941000000000
-0.201834000000000
-0.179985000000000
-0.156666000000000
-0.131864000000000
-0.0877264000000000
-0.0396742000000000
0.00629758000000000
0.0531293000000000
0.100023000000000
0.149285000000000
0.193840000000000
0.220903000000000
0.239224000000000
0.244247000000000
0.237958000000000
0.204991000000000
0.160559000000000
0.0970880000000000
0.0257057000000000
-0.0389170000000000
-0.0842684000000000
-0.123719000000000
-0.160566000000000
-0.194469000000000
-0.210872000000000
-0.202704000000000
-0.196013000000000
-0.211805000000000
-0.228290000000000
-0.228790000000000
-0.227078000000000
-0.226778000000000
-0.226950000000000
-0.224340000000000
-0.226050000000000
-0.257452000000000
-0.287591000000000
-0.282001000000000
-0.269958000000000
-0.263093000000000
-0.253662000000000
-0.214441000000000
-0.144713000000000
-0.0730973000000000
-0.00177785000000000
0.0785232000000000
0.159706000000000
0.243070000000000
0.320314000000000
0.373164000000000
0.413814000000000
0.429232000000000
0.432462000000000
0.417805000000000
0.397792000000000
0.341908000000000
0.207104000000000
0.0794914000000000
0.121548000000000
0.267039000000000
0.297113000000000
0.213510000000000
0.180492000000000
0.243594000000000
0.308819000000000
0.345916000000000
0.379062000000000
0.326088000000000
0.110529000000000
-0.164857000000000
-0.334808000000000
-0.371175000000000
-0.363116000000000
-0.361269000000000
-0.351292000000000
-0.304464000000000
-0.243745000000000
-0.178352000000000
-0.150332000000000
-0.120225000000000
-0.0235406000000000
0.0780970000000000
0.129474000000000
0.153326000000000
0.176265000000000
0.200871000000000
0.235059000000000
0.266974000000000
0.263973000000000
0.235931000000000
0.206109000000000
0.180953000000000
0.148629000000000
0.0804568000000000
0.00831936000000000
-0.0448325000000000
-0.0964629000000000
-0.147357000000000
-0.198784000000000
-0.242009000000000
-0.222930000000000
-0.150394000000000
-0.0839742000000000
-0.0590437000000000
-0.0405302000000000
-0.0195058000000000
0.00332003000000000
0.0415534000000000
0.0827988000000000
0.122827000000000
0.163122000000000
0.201234000000000
0.240500000000000
0.279165000000000
0.283852000000000
0.238169000000000
0.191669000000000
0.174624000000000
0.161367000000000
0.145613000000000
0.130145000000000
0.115706000000000
0.0978412000000000
0.0640440000000000
0.0268709000000000
-0.00763387000000000
-0.0455480000000000
-0.0791890000000000
-0.0728199000000000
-0.0312487000000000
0.00814496000000000
0.0266057000000000
0.0419583000000000
0.0583956000000000
0.0772794000000000
0.0902541000000000
0.0736951000000000
0.0496202000000000
0.0320935000000000
0.0275604000000000
0.0291295000000000
0.0436971000000000
0.0623304000000000
0.0781451000000000
0.0881652000000000
0.0968320000000000
0.106361000000000
0.116509000000000
0.127966000000000
0.137287000000000
0.135370000000000
0.133272000000000
0.128461000000000
0.105357000000000
0.0765747000000000
0.0535385000000000
0.0484077000000000
0.0470998000000000
0.0431595000000000
0.0421186000000000
0.0366541000000000
0.0102351000000000
-0.0205442000000000
-0.0481156000000000
-0.0799217000000000
-0.104478000000000
-0.0971427000000000
-0.0798177000000000
-0.0504076000000000
-0.0167605000000000
0.0152707000000000
0.0474651000000000
0.0800052000000000
0.113259000000000
0.128316000000000
0.111594000000000
0.0901905000000000
0.0715916000000000
0.0516354000000000
0.0330797000000000
0.0120847000000000
-0.0221277000000000
-0.0569337000000000
-0.0948045000000000
-0.152234000000000
-0.217430000000000
-0.288568000000000
-0.324923000000000
-0.311386000000000
-0.298039000000000
-0.293260000000000
-0.249422000000000
-0.213069000000000
-0.238227000000000
-0.217477000000000
-0.111488000000000
-0.0104884000000000
0.0287045000000000
0.0575725000000000
0.0946251000000000
0.126670000000000
0.123727000000000
0.0884689000000000
0.0520233000000000
0.0159420000000000
-0.0311335000000000
-0.0759178000000000
-0.104908000000000
-0.126220000000000
-0.126649000000000
-0.120665000000000
-0.118556000000000
-0.140795000000000
-0.190262000000000
-0.244662000000000
-0.292354000000000
-0.322995000000000
-0.344062000000000
-0.340525000000000
-0.330222000000000
-0.325400000000000
-0.314849000000000
-0.278808000000000
-0.237444000000000
-0.204696000000000
-0.166729000000000
-0.100153000000000
-0.0290167000000000
0.0157802000000000
0.0181876000000000
-0.0109158000000000
-0.0393800000000000
-0.0528706000000000
-0.0659541000000000
-0.0765394000000000
-0.0733925000000000
-0.0630159000000000
-0.0285675000000000
0.00749406000000000
0.0233982000000000
0.0364369000000000
0.0516971000000000
0.0650857000000000
0.0807900000000000
0.110905000000000
0.141434000000000
0.159521000000000
0.175052000000000
0.192444000000000
0.218817000000000
0.241214000000000
0.238706000000000
0.229344000000000
0.208741000000000
0.186086000000000
0.180605000000000
0.201756000000000
0.204272000000000
0.152781000000000
0.185078000000000
0.247802000000000
0.161301000000000
-0.0393782000000000
-0.183114000000000
-0.214346000000000
-0.201880000000000
-0.195468000000000
-0.219428000000000
-0.240677000000000
-0.228838000000000
-0.206147000000000
-0.161441000000000
-0.111155000000000
-0.0618643000000000
-0.0152741000000000
0.0173641000000000
0.0437247000000000
0.0595303000000000
0.0693861000000000
0.0655168000000000
0.0609312000000000
0.0538742000000000
0.0110830000000000
-0.0584086000000000
-0.132310000000000
-0.198468000000000
-0.237570000000000
-0.268417000000000
-0.289018000000000
-0.306261000000000
-0.328336000000000
-0.306457000000000
-0.174060000000000
-0.00375806000000000
0.112076000000000
0.196221000000000
0.275361000000000
0.332508000000000
0.377809000000000
0.415351000000000
0.435042000000000
0.376265000000000
0.313326000000000
0.311956000000000
0.321302000000000
0.342354000000000
0.363515000000000
0.353073000000000
0.325104000000000
0.301644000000000
0.275086000000000
0.177815000000000
-0.00586811000000000
-0.155936000000000
-0.180609000000000
-0.132256000000000
-0.0859261000000000
-0.0669785000000000
-0.0431914000000000
0.0206762000000000
0.0908320000000000
0.159890000000000
0.223937000000000
0.265821000000000
0.297259000000000
0.290608000000000
0.253434000000000
0.219778000000000
0.205612000000000
0.194246000000000
0.181778000000000
0.168503000000000
0.148443000000000
0.130637000000000
0.118493000000000
0.106871000000000
0.0948560000000000
0.0825760000000000
0.0714390000000000
0.0580895000000000
0.0345017000000000
0.00872397000000000
-0.0159868000000000
-0.0408244000000000
-0.0657622000000000
-0.0920662000000000
-0.0993842000000000
-0.0698291000000000
-0.0309314000000000
-0.00234205000000000
-0.00471410000000000
-0.0159269000000000
-0.0337892000000000
-0.0548388000000000
-0.0741956000000000
-0.0958237000000000
-0.113606000000000
-0.113102000000000
-0.107082000000000
-0.106236000000000
-0.119944000000000
-0.136433000000000
-0.152599000000000
-0.166890000000000
-0.168780000000000
-0.169050000000000
-0.168916000000000
-0.160369000000000
-0.151030000000000
-0.140864000000000
-0.121151000000000
-0.0993659000000000
-0.0796577000000000
-0.0579167000000000
-0.0219594000000000
0.0110466000000000
0.0217356000000000
0.0240470000000000
0.00820366000000000
-0.0129222000000000
-0.0314886000000000
-0.0446216000000000
-0.0598539000000000
-0.0910075000000000
-0.124738000000000
-0.157822000000000
-0.189764000000000
-0.213454000000000
-0.234868000000000
-0.259149000000000
-0.279240000000000
-0.281927000000000
-0.279512000000000
-0.267239000000000
-0.256204000000000
-0.265261000000000
-0.277734000000000
-0.288331000000000
-0.299473000000000
-0.309547000000000
-0.320992000000000
-0.333873000000000
-0.303881000000000
-0.226644000000000
-0.228461000000000
-0.304297000000000
-0.334690000000000
-0.328744000000000
-0.327666000000000
-0.342196000000000
-0.357537000000000
-0.351982000000000
-0.264363000000000
-0.0357467000000000
0.219431000000000
0.336620000000000
0.327531000000000
0.311483000000000
0.312323000000000
0.313005000000000
0.310762000000000
0.291533000000000
0.231197000000000
0.118026000000000
0.0683728000000000
0.159700000000000
0.229418000000000
0.231595000000000
0.257981000000000
0.204163000000000
-0.0365243000000000
-0.311980000000000
-0.433786000000000
-0.409688000000000
-0.343721000000000
-0.270180000000000
-0.150823000000000
-0.0260586000000000
0.0554756000000000
0.110866000000000
0.160072000000000
0.192838000000000
0.215248000000000
0.212215000000000
0.201611000000000
0.197694000000000
0.188237000000000
0.120685000000000
0.0111006000000000
-0.0595465000000000
-0.0911053000000000
-0.125668000000000
-0.179279000000000
-0.237229000000000
-0.294284000000000
-0.296386000000000
-0.203595000000000
-0.104302000000000
-0.0435093000000000
0.0138558000000000
0.0730050000000000
0.129108000000000
0.180563000000000
0.212213000000000
0.242288000000000
0.268406000000000
0.275378000000000
0.269431000000000
0.218530000000000
0.158675000000000
0.141106000000000
0.195151000000000
0.267833000000000
0.266142000000000
0.237362000000000
0.264903000000000
0.324671000000000
0.355853000000000
0.344323000000000
0.286990000000000
0.233209000000000
0.236731000000000
0.243512000000000
0.210034000000000
0.172222000000000
0.178949000000000
0.251533000000000
0.324014000000000
0.309753000000000
0.237237000000000
0.210812000000000
0.248914000000000
0.285877000000000
0.291553000000000
0.290862000000000
0.281636000000000
0.271929000000000
0.258250000000000
0.218305000000000
0.172871000000000
0.130630000000000
0.0913614000000000
0.0527952000000000
0.0139077000000000
-0.0250599000000000
-0.0634746000000000
-0.103960000000000
-0.140215000000000
-0.159351000000000
-0.171044000000000
-0.170091000000000
-0.162177000000000
-0.139900000000000
-0.114394000000000
-0.0890729000000000
-0.0663938000000000
-0.0575908000000000
-0.0538842000000000
-0.0602932000000000
-0.0690252000000000
-0.0780287000000000
-0.0844827000000000
-0.0781732000000000
-0.0673827000000000
-0.0615277000000000
-0.0709950000000000
-0.0858547000000000
-0.108397000000000
-0.134874000000000
-0.157593000000000
-0.167321000000000
-0.174138000000000
-0.183163000000000
-0.190135000000000
-0.189437000000000
-0.187044000000000
-0.185656000000000
-0.183659000000000
-0.182651000000000
-0.179707000000000
-0.167531000000000
-0.152398000000000
-0.140178000000000
-0.137294000000000
-0.136651000000000
-0.134359000000000
-0.133673000000000
-0.139305000000000
-0.147552000000000
-0.152696000000000
-0.146070000000000
-0.136940000000000
-0.129576000000000
-0.120812000000000
-0.107239000000000
-0.0931451000000000
-0.0779478000000000
-0.0660118000000000
-0.0679696000000000
-0.0757833000000000
-0.0954049000000000
-0.118980000000000
-0.139629000000000
-0.152887000000000
-0.164484000000000
-0.177013000000000
-0.189261000000000
-0.201512000000000
-0.213776000000000
-0.226229000000000
-0.238101000000000
-0.251249000000000
-0.270118000000000
-0.290111000000000
-0.310031000000000
-0.329090000000000
-0.343457000000000
-0.358999000000000
-0.357147000000000
-0.296544000000000
-0.188957000000000
-0.0860969000000000
-0.0252107000000000
0.0331245000000000
0.123042000000000
0.213111000000000
0.257344000000000
0.259892000000000
0.261167000000000
0.262228000000000
0.235370000000000
0.184622000000000
0.130092000000000
0.0811626000000000
0.0538405000000000
0.0315842000000000
0.00573837000000000
-0.0185561000000000
-0.0134508000000000
0.0288013000000000
0.0770245000000000
0.129798000000000
0.186741000000000
0.239231000000000
0.279440000000000
0.312359000000000
0.324935000000000
0.331574000000000
0.343317000000000
0.351354000000000
0.316636000000000
0.249479000000000
0.205659000000000
0.159989000000000
0.126294000000000
0.180737000000000
0.242979000000000
0.255662000000000
0.259330000000000
0.252822000000000
0.241997000000000
0.233496000000000
0.221844000000000
0.215253000000000
0.238647000000000
0.265761000000000
0.271189000000000
0.280480000000000
0.326993000000000
0.373675000000000
0.394752000000000
0.406342000000000
0.379967000000000
0.322382000000000
0.231090000000000
0.0860530000000000
-0.0664184000000000
-0.171119000000000
-0.202470000000000
-0.198068000000000
-0.200209000000000
-0.205715000000000
-0.185902000000000
-0.194051000000000
-0.253055000000000
-0.305377000000000
-0.305684000000000
-0.299220000000000
-0.278342000000000
-0.206059000000000
-0.134047000000000
-0.108943000000000
-0.0900960000000000
-0.0400652000000000
0.0550590000000000
0.142609000000000
0.164259000000000
0.173026000000000
0.193026000000000
0.201655000000000
0.164913000000000
0.117122000000000
0.0651840000000000
0.00986716000000000
-0.0440401000000000
-0.0995293000000000
-0.152517000000000
-0.193898000000000
-0.232109000000000
-0.273909000000000
-0.311119000000000
-0.327205000000000
-0.339041000000000
-0.352685000000000
-0.366783000000000
-0.380285000000000
-0.366055000000000
-0.316513000000000
-0.258037000000000
-0.180800000000000
-0.0986755000000000
-0.0166774000000000
0.0613865000000000
0.121528000000000
0.173310000000000
0.210262000000000
0.238410000000000
0.246001000000000
0.248596000000000
0.253253000000000
0.258266000000000
0.261741000000000
0.255312000000000
0.248544000000000
0.241574000000000
0.203233000000000
0.120647000000000
0.0369263000000000
-0.0243578000000000
-0.0808702000000000
-0.143666000000000
-0.214270000000000
-0.250124000000000
-0.244002000000000
-0.236217000000000
-0.227462000000000
-0.199617000000000
-0.168290000000000
-0.138543000000000
-0.107145000000000
-0.0737558000000000
-0.0443876000000000
-0.0284016000000000
-0.0203543000000000
-0.0347678000000000
-0.0542353000000000
-0.0723197000000000
-0.0889176000000000
-0.0948783000000000
-0.0984754000000000
-0.104161000000000
-0.107652000000000
-0.100697000000000
-0.0919863000000000
-0.0832620000000000
-0.0766563000000000
-0.0787305000000000
-0.0856686000000000
-0.105562000000000
-0.129963000000000
-0.150420000000000
-0.157646000000000
-0.163338000000000
-0.167803000000000
-0.162203000000000
-0.151427000000000
-0.128289000000000
-0.0997980000000000
-0.0776252000000000
-0.0757245000000000
-0.0814628000000000
-0.100644000000000
-0.125061000000000
-0.145153000000000
-0.151383000000000
-0.156778000000000
-0.158878000000000
-0.144181000000000
-0.119946000000000
-0.0687386000000000
-0.0110865000000000
0.0437055000000000
0.0986548000000000
0.155909000000000
0.208826000000000
0.238849000000000
0.265993000000000
0.293191000000000
0.305302000000000
0.318233000000000
0.342678000000000
0.331494000000000
0.281547000000000
0.275030000000000
0.310298000000000
0.336356000000000
0.320155000000000
0.296758000000000
0.264303000000000
0.239151000000000
0.276518000000000
0.323781000000000
0.295879000000000
0.147309000000000
-0.0322011000000000
-0.110443000000000
-0.105260000000000
-0.100355000000000
-0.123817000000000
-0.144406000000000
-0.135444000000000
-0.122057000000000
-0.110427000000000
-0.0997152000000000
-0.0966759000000000
-0.0969377000000000
-0.0926431000000000
-0.0768575000000000
-0.0530515000000000
-0.00569517000000000
0.0472749000000000
0.0970058000000000
0.149824000000000
0.197665000000000
0.226417000000000
0.246555000000000
0.247785000000000
0.245525000000000
0.242889000000000
0.225890000000000
0.207732000000000
0.188203000000000
0.155202000000000
0.119711000000000
0.0854373000000000
0.0465565000000000
0.00932474000000000
-0.0165365000000000
-0.0402563000000000
-0.0652984000000000
-0.0895091000000000
-0.115574000000000
-0.137431000000000
-0.144483000000000
-0.143108000000000
-0.119356000000000
-0.0906519000000000
-0.0626566000000000
-0.0378076000000000
-0.0304556000000000
-0.0283490000000000
-0.0326345000000000
-0.0409833000000000
-0.0449994000000000
-0.0305558000000000
-0.0140230000000000
0.00395465000000000
0.0344570000000000
0.0709429000000000
0.120909000000000
0.176552000000000
0.226276000000000
0.259295000000000
0.283782000000000
0.293485000000000
0.293056000000000
0.272881000000000
0.241356000000000
0.185611000000000
0.122528000000000
0.0527072000000000
-0.0111709000000000
-0.0624593000000000
-0.127552000000000
-0.143526000000000
-0.169145000000000
-0.257984000000000
-0.287505000000000
-0.301911000000000
-0.295592000000000
-0.210467000000000
-0.154024000000000
-0.128997000000000
-0.0573521000000000
0.0184291000000000
0.0609784000000000
0.0959413000000000
0.117987000000000
0.136970000000000
0.155535000000000
0.162974000000000
0.167423000000000
0.175045000000000
0.180125000000000
0.147616000000000
0.0729490000000000
-0.00777388000000000
-0.0824385000000000
-0.141530000000000
-0.197661000000000
-0.256231000000000
-0.297656000000000
-0.308072000000000
-0.315195000000000
-0.322739000000000
-0.318363000000000
-0.311190000000000
-0.307847000000000
-0.298711000000000
-0.265932000000000
-0.225026000000000
-0.171341000000000
-0.112757000000000
-0.0576787000000000
-0.0125677000000000
0.0318923000000000
0.0749480000000000
0.105547000000000
0.133453000000000
0.163970000000000
0.191102000000000
0.207508000000000
0.216825000000000
0.208833000000000
0.192701000000000
0.160213000000000
0.123772000000000
0.0879235000000000
0.0544010000000000
0.0319254000000000
0.0146241000000000
0.00963661000000000
0.00759296000000000
0.00389265000000000
0.00184646000000000
-0.00278572000000000
-0.0198361000000000
-0.0388607000000000
-0.0574856000000000
-0.0816915000000000
-0.106918000000000
-0.131595000000000
-0.155895000000000
-0.182215000000000
-0.204774000000000
-0.208252000000000
-0.208928000000000
-0.209556000000000
-0.199342000000000
-0.188660000000000
-0.176188000000000
-0.149665000000000
-0.120103000000000
-0.0925485000000000
-0.0634564000000000
-0.0295961000000000
0.00700734000000000
0.0393230000000000
0.0566002000000000
0.0674237000000000
0.0639016000000000
0.0578730000000000
0.0511452000000000
0.0337438000000000
0.0128013000000000
-0.0153260000000000
-0.0438369000000000
-0.0640707000000000
-0.0834250000000000
-0.102345000000000
-0.121174000000000
-0.134133000000000
-0.124046000000000
-0.105885000000000
-0.0751967000000000
-0.0406722000000000
-0.00773185000000000
0.0257154000000000
0.0587601000000000
0.0931246000000000
0.125097000000000
0.145933000000000
0.164519000000000
0.184077000000000
0.203127000000000
0.227845000000000
0.246935000000000
0.244050000000000
0.228607000000000
0.177917000000000
0.119127000000000
0.0629932000000000
0.00878100000000000
-0.0350684000000000
-0.0719139000000000
-0.0913278000000000
-0.102754000000000
-0.0979792000000000
-0.0905188000000000
-0.0819252000000000
-0.0595552000000000
-0.0328169000000000
0.000741536000000000
0.0358184000000000
0.0722333000000000
0.103926000000000
0.117342000000000
0.121529000000000
0.102126000000000
0.0774286000000000
0.0536474000000000
0.0327664000000000
0.0273186000000000
0.0274673000000000
0.0374682000000000
0.0516366000000000
0.0619364000000000
0.0591494000000000
0.0541693000000000
0.0490628000000000
0.0463447000000000
0.0571689000000000
0.0707316000000000
0.0823067000000000
0.0965476000000000
0.106051000000000
0.0950992000000000
0.0769432000000000
0.0477158000000000
0.0137847000000000
-0.0161984000000000
-0.0339493000000000
-0.0493085000000000
-0.0650173000000000
-0.0822784000000000
-0.109652000000000
-0.138864000000000
-0.167193000000000
-0.195182000000000
-0.225781000000000
-0.250608000000000
-0.252968000000000
-0.246856000000000
-0.211734000000000
-0.150707000000000
-0.0870182000000000
-0.0275266000000000
0.0165300000000000
0.0583445000000000
0.100201000000000
0.134296000000000
0.166183000000000
0.201353000000000
0.231805000000000
0.239429000000000
0.242672000000000
0.249297000000000
0.240037000000000
0.201978000000000
0.157498000000000
0.102847000000000
0.0486566000000000
0.0142556000000000
-0.0182716000000000
-0.0498876000000000
-0.0672256000000000
-0.0817368000000000
-0.0977991000000000
-0.113428000000000
-0.129248000000000
-0.144395000000000
-0.159541000000000
-0.171448000000000
-0.169483000000000
-0.164638000000000
-0.161126000000000
-0.156727000000000
-0.155893000000000
-0.150121000000000
-0.118988000000000
-0.0827151000000000
-0.0489728000000000
-0.0148673000000000
0.0207014000000000
0.0532796000000000
0.0726719000000000
0.0879704000000000
0.0977284000000000
0.107506000000000
0.114726000000000
0.104260000000000
0.0928183000000000
0.0786616000000000
0.0418267000000000
0.000392700000000000
-0.0382755000000000
-0.0791482000000000
-0.116365000000000
-0.141481000000000
-0.158283000000000
-0.150416000000000
-0.135749000000000
-0.125933000000000
-0.125894000000000
-0.127520000000000
-0.129770000000000
-0.128935000000000
-0.110251000000000
-0.0877463000000000
-0.0676003000000000
-0.0508018000000000
-0.0342676000000000
-0.0183124000000000
-0.00677489000000000
0.00244621000000000
0.0147737000000000
0.0396866000000000
0.0671358000000000
0.0927450000000000
0.120910000000000
0.144686000000000
0.148057000000000
0.145595000000000
0.137345000000000
0.126935000000000
0.116909000000000
0.107804000000000
0.102491000000000
0.0997100000000000
0.104635000000000
0.113226000000000
0.117236000000000
0.105310000000000
0.0882131000000000
0.0639354000000000
0.0374944000000000
0.0115116000000000
-0.0139865000000000
-0.0354091000000000
-0.0561490000000000
-0.0773303000000000
-0.0981977000000000
-0.119897000000000
-0.140109000000000
-0.152343000000000
-0.163711000000000
-0.175074000000000
-0.173019000000000
-0.144665000000000
-0.0911470000000000
-0.0356685000000000
0.0209242000000000
0.0723077000000000
0.0993012000000000
0.116600000000000
0.114933000000000
0.108160000000000
0.104010000000000
0.0980206000000000
0.0942415000000000
0.103596000000000
0.114337000000000
0.112068000000000
0.0979432000000000
0.0801581000000000
0.0610008000000000
0.0444863000000000
0.0408953000000000
0.0417708000000000
0.0375392000000000
0.0181956000000000
-0.00711482000000000
-0.0430841000000000
-0.0834229000000000
-0.119077000000000
-0.143468000000000
-0.162910000000000
-0.152288000000000
-0.108429000000000
-0.0596858000000000
-0.0168904000000000
0.00809224000000000
0.0291854000000000
0.0523932000000000
0.0745261000000000
0.0979135000000000
0.126747000000000
0.158886000000000
0.186146000000000
0.197289000000000
0.199815000000000
0.188395000000000
0.165050000000000
0.106329000000000
0.0401050000000000
-0.0243458000000000
-0.0855114000000000
-0.128892000000000
-0.163933000000000
-0.183977000000000
-0.195505000000000
-0.187589000000000
-0.174673000000000
-0.164683000000000
-0.152752000000000
-0.134360000000000
-0.115315000000000
-0.0956301000000000
-0.0687723000000000
-0.0408939000000000
-0.0124194000000000
0.0138697000000000
0.0280397000000000
0.0407379000000000
0.0528835000000000
0.0548957000000000
0.0563674000000000
0.0561030000000000
0.0422420000000000
0.0256178000000000
0.0103582000000000
-0.00517674000000000
-0.0208437000000000
-0.0364980000000000
-0.0521932000000000
-0.0672310000000000
-0.0831548000000000
-0.0950736000000000
-0.0879164000000000
-0.0775146000000000
-0.0678276000000000
-0.0511661000000000
-0.0334572000000000
-0.0152924000000000
0.000979159000000000
0.00707949000000000
0.0122295000000000
0.0163061000000000
0.00960866000000000
0.00220807000000000
-0.00661122000000000
-0.0284172000000000
-0.0521796000000000
-0.0755078000000000
-0.106639000000000
-0.136352000000000
-0.151061000000000
-0.165041000000000
-0.176512000000000
-0.172600000000000
-0.161303000000000
-0.131881000000000
-0.0978954000000000
-0.0664655000000000
-0.0332467000000000
0.00521743000000000
0.0467347000000000
0.0840131000000000
0.102787000000000
0.119237000000000
0.134479000000000
0.139066000000000
0.137089000000000
0.115632000000000
0.0894915000000000
0.0660081000000000
0.0409160000000000
0.0109733000000000
-0.0201183000000000
-0.0497952000000000
-0.0810506000000000
-0.107664000000000
-0.111782000000000
-0.111054000000000
-0.113420000000000
-0.113902000000000
-0.108228000000000
-0.101314000000000
-0.0951397000000000
-0.0887784000000000
-0.0821059000000000
-0.0764555000000000
-0.0687092000000000
-0.0502446000000000
-0.0300007000000000
-0.00983847000000000
0.00886509000000000
0.0188499000000000
0.0257042000000000
0.0360355000000000
0.0593324000000000
0.0853199000000000
0.109976000000000
0.134370000000000
0.161225000000000
0.182750000000000
0.183545000000000
0.174339000000000
0.140606000000000
0.100893000000000
0.0638420000000000
0.0260444000000000
-0.0118263000000000
-0.0490141000000000
-0.0887852000000000
-0.123070000000000
-0.134926000000000
-0.136733000000000
-0.119882000000000
-0.0939696000000000
-0.0514587000000000
-0.00453481000000000
0.0405119000000000
0.0856865000000000
0.132389000000000
0.175622000000000
0.205452000000000
0.227793000000000
0.233576000000000
0.231711000000000
0.215745000000000
0.195993000000000
0.178059000000000
0.159295000000000
0.138969000000000
0.118310000000000
0.0972591000000000
0.0780253000000000
0.0550808000000000
0.0127901000000000
-0.0328549000000000
-0.0781519000000000
-0.120515000000000
-0.149247000000000
-0.171020000000000
-0.178395000000000
-0.178748000000000
-0.165121000000000
-0.148113000000000
-0.131758000000000
-0.115153000000000
-0.0940003000000000
-0.0544182000000000
-0.00917559000000000
0.0419344000000000
0.0980248000000000
0.147501000000000
0.175547000000000
0.193101000000000
0.187180000000000
0.173217000000000
0.152979000000000
0.130017000000000
0.108034000000000
0.0858439000000000
0.0634575000000000
0.0415973000000000
0.0235289000000000
0.00610681000000000
-0.0113667000000000
-0.0299365000000000
-0.0458708000000000
-0.0516680000000000
-0.0528910000000000
-0.0445630000000000
-0.0339599000000000
-0.0239932000000000
-0.0145724000000000
-0.0104459000000000
-0.00742209000000000
-0.00339535000000000
-4.49501000000000e-05
-0.00475557000000000
-0.00663694000000000
0.00949548000000000
0.0312806000000000
0.0607303000000000
0.0942409000000000
0.123202000000000
0.140306000000000
0.149909000000000
0.137992000000000
0.121349000000000
0.106218000000000
0.0919825000000000
0.0852205000000000
0.0815380000000000
0.0739816000000000
0.0533003000000000
0.0281192000000000
-0.00311560000000000
-0.0386751000000000
-0.0687747000000000
-0.0780150000000000
-0.0809394000000000
-0.0774733000000000
-0.0699033000000000
-0.0663136000000000
-0.0773627000000000
-0.0912372000000000
-0.103523000000000
-0.121154000000000
-0.135882000000000
-0.132564000000000
-0.125614000000000
-0.120644000000000
-0.115147000000000
-0.109657000000000
-0.103840000000000
-0.0990380000000000
-0.0924507000000000
-0.0769892000000000
-0.0596640000000000
-0.0431759000000000
-0.0268347000000000
-0.00923346000000000
0.00591654000000000
0.00858002000000000
0.00881416000000000
0.0104563000000000
0.0109945000000000
0.0129830000000000
0.0219964000000000
0.0320728000000000
0.0429217000000000
0.0504847000000000
0.0442840000000000
0.0317909000000000
0.00474141000000000
-0.0259766000000000
-0.0551263000000000
-0.0841725000000000
-0.114659000000000
-0.142774000000000
-0.151674000000000
-0.131828000000000
-0.0825482000000000
-0.0290575000000000
0.0216712000000000
0.0747130000000000
0.124414000000000
0.162857000000000
0.193108000000000
0.203762000000000
0.204804000000000
0.186346000000000
0.163493000000000
0.141638000000000
0.111684000000000
0.0815341000000000
0.0498684000000000
0.00805281000000000
-0.0373188000000000
-0.0785352000000000
-0.109429000000000
-0.134385000000000
-0.143529000000000
-0.150027000000000
-0.156127000000000
-0.149350000000000
-0.142237000000000
-0.132722000000000
-0.104787000000000
-0.0735255000000000
-0.0437850000000000
-0.00750412000000000
0.0261794000000000
0.0451228000000000
0.0587503000000000
0.0626444000000000
0.0636711000000000
0.0659061000000000
0.0675045000000000
0.0704472000000000
0.0709922000000000
0.0597330000000000
0.0471010000000000
0.0336480000000000
0.00925560000000000
-0.0184734000000000
-0.0428359000000000
-0.0554283000000000
-0.0670822000000000
-0.0767729000000000
-0.0748058000000000
-0.0671040000000000
-0.0453475000000000
-0.0201619000000000
0.00319190000000000
0.0280578000000000
0.0509157000000000
0.0632287000000000
0.0751312000000000
0.0845260000000000
0.0779206000000000
0.0654864000000000
0.0420538000000000
0.0158883000000000
-0.0102039000000000
-0.0338038000000000
-0.0478630000000000
-0.0557519000000000
-0.0456064000000000
-0.0318832000000000
-0.0190234000000000
0.000489843000000000
0.0208064000000000
0.0413331000000000
0.0654320000000000
0.0922886000000000
0.115188000000000
0.120703000000000
0.122143000000000
0.127117000000000
0.128231000000000
0.112373000000000
0.0929725000000000
0.0754660000000000
0.0574890000000000
0.0390715000000000
0.0215117000000000
0.00817737000000000
-0.00371354000000000
-0.0173849000000000
-0.0381466000000000
-0.0599386000000000
-0.0820873000000000
-0.101998000000000
-0.114619000000000
-0.121071000000000
-0.107518000000000
-0.0894214000000000
-0.0737774000000000
-0.0567943000000000
-0.0367762000000000
-0.0154158000000000
0.00444732000000000
0.0185564000000000
0.0313518000000000
0.0448772000000000
0.0583327000000000
0.0712064000000000
0.0848283000000000
0.106069000000000
0.124758000000000
0.127518000000000
0.124498000000000
0.110531000000000
0.0934245000000000
0.0776350000000000
0.0615623000000000
0.0454484000000000
0.0293568000000000
0.0131981000000000
-0.00286644000000000
-0.0186582000000000
-0.0343819000000000
-0.0501584000000000
-0.0659153000000000
-0.0817204000000000
-0.0962836000000000
-0.113169000000000
-0.124992000000000
-0.114622000000000
-0.0965860000000000
-0.0663973000000000
-0.0314110000000000
4.55374000000000e-06
0.0222797000000000
0.0426607000000000
0.0637927000000000
0.0857722000000000
0.105481000000000
0.112223000000000
0.118086000000000
0.121795000000000
0.112320000000000
0.0961765000000000
0.0630289000000000
0.0255840000000000
-0.00989524000000000
-0.0454781000000000
-0.0829091000000000
-0.116831000000000
-0.131838000000000
-0.144781000000000
-0.156794000000000
-0.153983000000000
-0.147968000000000
-0.144811000000000
-0.138644000000000
-0.119997000000000
-0.0985698000000000
-0.0792728000000000
-0.0579514000000000
-0.0292234000000000
0.00208210000000000
0.0307017000000000
0.0499885000000000
0.0688302000000000
0.0859538000000000
0.0884284000000000
0.0897481000000000
0.0894291000000000
0.0732251000000000
0.0538595000000000
0.0364017000000000
0.0173526000000000
0.000368692000000000
-0.00658195000000000
-0.0114884000000000
-0.0174177000000000
-0.0230754000000000
-0.0284786000000000
-0.0337177000000000
-0.0390660000000000
-0.0444648000000000
-0.0493454000000000
-0.0558978000000000
-0.0592852000000000
-0.0460757000000000
-0.0296738000000000
-0.0147246000000000
0.000187025000000000
0.0125015000000000
0.0243694000000000
0.0360884000000000
0.0486453000000000
0.0656048000000000
0.0830055000000000
0.101561000000000
0.116694000000000
0.119262000000000
0.114971000000000
0.0923857000000000
0.0653608000000000
0.0407861000000000
0.0144523000000000
-0.00982061000000000
-0.0239812000000000
-0.0358280000000000
-0.0493124000000000
-0.0614988000000000
-0.0687865000000000
-0.0746812000000000
-0.0826489000000000
-0.0870755000000000
-0.0776150000000000
-0.0629469000000000
-0.0389607000000000
-0.0123649000000000
0.0129666000000000
0.0389950000000000
0.0645585000000000
0.0872530000000000
0.111144000000000
0.132220000000000
0.137014000000000
0.139081000000000
0.141986000000000
0.139685000000000
0.136572000000000
0.133476000000000
0.131980000000000
0.126659000000000
0.105516000000000
0.0781223000000000
0.0387890000000000
-0.00369255000000000
-0.0442135000000000
-0.0874485000000000
-0.126345000000000
-0.143309000000000
-0.157177000000000
-0.170338000000000
-0.172926000000000
-0.168988000000000
-0.148036000000000
-0.121089000000000
-0.0870183000000000
-0.0505627000000000
-0.0149699000000000
0.0209126000000000
0.0559779000000000
0.0940807000000000
0.126476000000000
0.129877000000000
0.128570000000000
0.128286000000000
0.117355000000000
0.104060000000000
0.0932581000000000
0.0794424000000000
0.0519995000000000
0.0222845000000000
-0.00654052000000000
-0.0417792000000000
-0.0740528000000000
-0.0934345000000000
-0.104984000000000
-0.0929893000000000
-0.0750367000000000
-0.0603620000000000
-0.0487770000000000
-0.0370556000000000
-0.0265343000000000
-0.0242295000000000
-0.0232386000000000
-0.0222879000000000
-0.0198794000000000
-0.00943944000000000
0.00210414000000000
0.0146664000000000
0.0238202000000000
0.0141070000000000
0.000953501000000000
-0.0108969000000000
-0.0255725000000000
-0.0421829000000000
-0.0559907000000000
-0.0573001000000000
-0.0558748000000000
-0.0560575000000000
-0.0578731000000000
-0.0597126000000000
-0.0619540000000000
-0.0673937000000000
-0.0732237000000000
-0.0794321000000000
-0.0844319000000000
-0.0832156000000000
-0.0808252000000000
-0.0791169000000000
-0.0769867000000000
-0.0756540000000000
-0.0728119000000000
-0.0622761000000000
-0.0500645000000000
-0.0387368000000000
-0.0275615000000000
-0.0150012000000000
-0.00497526000000000
-0.00854039000000000
-0.0145149000000000
-0.0196778000000000
-0.0274094000000000
-0.0377234000000000
-0.0438915000000000
-0.0314148000000000
-0.0152802000000000
-0.000729920000000000
0.0137791000000000
0.0248161000000000
0.0361291000000000
0.0459178000000000
0.0468408000000000
0.0455592000000000
0.0465158000000000
0.0448792000000000
0.0314840000000000
0.0160229000000000
0.00119121000000000
-0.0169158000000000
-0.0353338000000000
-0.0541445000000000
-0.0718195000000000
-0.0835896000000000
-0.0939283000000000
-0.105900000000000
-0.115816000000000
-0.115700000000000
-0.115564000000000
-0.112495000000000
-0.0919248000000000
-0.0658113000000000
-0.0313978000000000
0.00550570000000000
0.0411553000000000
0.0780118000000000
0.113142000000000
0.139071000000000
0.164693000000000
0.188091000000000
0.199597000000000
0.204330000000000
0.194705000000000
0.177770000000000
0.145692000000000
0.108584000000000
0.0752311000000000
0.0515785000000000
0.0285147000000000
0.00728303000000000
0.00127797000000000
-0.00291985000000000
-0.00661615000000000
-0.000143895000000000
0.00831901000000000
0.0155679000000000
0.0235930000000000
0.0337755000000000
0.0442761000000000
0.0552069000000000
0.0648115000000000
0.0671469000000000
0.0691168000000000
0.0700262000000000
0.0618680000000000
0.0520185000000000
0.0430981000000000
0.0338075000000000
0.0246181000000000
0.0154284000000000
0.00611257000000000
-0.00309368000000000
-0.0116843000000000
-0.0209361000000000
-0.0289042000000000
-0.0301680000000000
-0.0300392000000000
-0.0310198000000000
-0.0305451000000000
-0.0325584000000000
-0.0474632000000000
-0.0645503000000000
-0.0810801000000000
-0.101160000000000
-0.123285000000000
-0.141944000000000
-0.148450000000000
-0.149773000000000
-0.140043000000000
-0.127402000000000
-0.116081000000000
-0.104371000000000
-0.0927047000000000
-0.0809640000000000
-0.0694140000000000
-0.0575054000000000
-0.0462290000000000
-0.0382149000000000
-0.0311788000000000
-0.0230158000000000
-0.0164337000000000
-0.0174893000000000
-0.0202277000000000
-0.0218525000000000
-0.0246457000000000
-0.0255622000000000
-0.0168734000000000
-0.00622518000000000
0.00332546000000000
0.0132350000000000
0.0231332000000000
0.0329963000000000
0.0420621000000000
0.0509894000000000
0.0599682000000000
0.0689625000000000
0.0779932000000000
0.0870449000000000
0.0955365000000000
0.106090000000000
0.112697000000000
0.0993694000000000
0.0823913000000000
0.0669330000000000
0.0480555000000000
0.0287929000000000
0.00947644000000000
-0.00945297000000000
-0.0262051000000000
-0.0423958000000000
-0.0589654000000000
-0.0751545000000000
-0.0926535000000000
-0.107339000000000
-0.110958000000000
-0.109797000000000
-0.0977291000000000
-0.0827558000000000
-0.0690844000000000
-0.0553870000000000
-0.0404203000000000
-0.0279367000000000
-0.0283665000000000
-0.0313541000000000
-0.0330244000000000
-0.0350744000000000
-0.0370901000000000
-0.0390269000000000
-0.0409654000000000
-0.0431191000000000
-0.0449681000000000
-0.0454667000000000
-0.0454143000000000
-0.0466369000000000
-0.0455989000000000
-0.0330651000000000
-0.0181974000000000
-0.00460471000000000
0.00905289000000000
0.0241336000000000
0.0363896000000000
0.0345328000000000
0.0306749000000000
0.0266368000000000
0.0152956000000000
0.000681555000000000
-0.00970241000000000
-0.00285176000000000
0.00754958000000000
0.0161046000000000
0.0250111000000000
0.0345697000000000
0.0429314000000000
0.0456271000000000
0.0471961000000000
0.0495272000000000
0.0513153000000000
0.0510112000000000
0.0502325000000000
0.0497572000000000
0.0492120000000000
0.0485878000000000
0.0480192000000000
0.0474865000000000
0.0466896000000000
0.0465724000000000
0.0496288000000000
0.0531204000000000
0.0570230000000000
0.0597232000000000
0.0554095000000000
0.0496906000000000
0.0446697000000000
0.0394640000000000
0.0342546000000000
0.0290525000000000
0.0235830000000000
0.0187947000000000
0.0127850000000000
0.000847198000000000
-0.0136894000000000
-0.0250233000000000
-0.0233783000000000
-0.0194966000000000
-0.0160330000000000
-0.00779094000000000
0.00182430000000000
0.0101060000000000
0.0146047000000000
0.0181620000000000
0.0226358000000000
0.0288834000000000
0.0360451000000000
0.0419506000000000
0.0424195000000000
0.0409422000000000
0.0413625000000000
0.0485168000000000
0.0571061000000000
0.0632732000000000
0.0642438000000000
0.0592430000000000
0.0536094000000000
0.0483415000000000
0.0429891000000000
0.0375518000000000
0.0321235000000000
0.0267802000000000
0.0213690000000000
0.0158423000000000
0.0108570000000000
0.00464577000000000
-0.00780956000000000
-0.0215107000000000
-0.0346693000000000
-0.0478343000000000
-0.0603019000000000
-0.0720520000000000
-0.0848943000000000
-0.101943000000000
-0.121212000000000
-0.137187000000000
-0.142923000000000
-0.142842000000000
-0.129913000000000
-0.111777000000000
-0.0860455000000000
-0.0566270000000000
-0.0308178000000000
-0.0173664000000000
-0.00615508000000000
0.00574045000000000
0.0133884000000000
0.0203480000000000
0.0277029000000000
0.0350072000000000
0.0419541000000000
0.0501028000000000
0.0560289000000000
0.0507032000000000
0.0435524000000000
0.0368620000000000
0.0261155000000000
0.0138614000000000
0.00352875000000000
0.000221325000000000
-0.00169685000000000
-0.00433573000000000
-0.00676363000000000
-0.00921112000000000
-0.0116727000000000
-0.0141570000000000
-0.0164542000000000
-0.0193744000000000
-0.0211220000000000
-0.0170740000000000
-0.0118501000000000
-0.00732516000000000
-0.00228724000000000
0.00211616000000000
0.00333071000000000
0.00383694000000000
0.00507276000000000
0.00554331000000000
0.00297558000000000
-0.000264729000000000
-0.00311186000000000
-0.00600150000000000
-0.00901741000000000
-0.0118005000000000
-0.0133395000000000
-0.0146763000000000
-0.0161695000000000
-0.0172730000000000
-0.0190111000000000
-0.0238621000000000
-0.0291212000000000
-0.0344375000000000
-0.0412147000000000
-0.0495157000000000
-0.0549996000000000
-0.0497846000000000
-0.0404110000000000
-0.0235027000000000
-0.00472720000000000
0.0141128000000000
0.0314350000000000
0.0402070000000000
0.0473187000000000
0.0552395000000000
0.0630678000000000
0.0713479000000000
0.0795188000000000
0.0885491000000000
0.0957597000000000
0.0939330000000000
0.0910049000000000
0.0876591000000000
0.0770375000000000
0.0650771000000000
0.0535156000000000
0.0406623000000000
0.0265664000000000
0.0144310000000000
0.0118500000000000
0.00953571000000000
0.00931401000000000
0.0243102000000000
0.0419758000000000
0.0593713000000000
0.0747865000000000
0.0775609000000000
0.0792231000000000
0.0795393000000000
0.0666148000000000
0.0510600000000000
0.0370698000000000
0.0219975000000000
0.00821706000000000
0.000983305000000000
-0.00474064000000000
-0.0118373000000000
-0.0174578000000000
-0.0168567000000000
-0.0149880000000000
-0.0137545000000000
-0.0123450000000000
-0.0113323000000000
-0.00911612000000000
-0.00909684000000000
-0.0200220000000000
-0.0328141000000000
-0.0457401000000000
-0.0565679000000000
-0.0550261000000000
-0.0513680000000000
-0.0483046000000000
-0.0416282000000000
-0.0342185000000000
-0.0274153000000000
-0.0200242000000000
-0.0100883000000000
0.000267289000000000
0.0103618000000000
0.0202515000000000
0.0312282000000000
0.0401169000000000
0.0384130000000000
0.0345404000000000
0.0316280000000000
0.0289799000000000
0.0252089000000000
0.0153602000000000
0.00416980000000000
-0.00630520000000000
-0.0171098000000000
-0.0292504000000000
-0.0413942000000000
-0.0542845000000000
-0.0655974000000000
-0.0685806000000000
-0.0695273000000000
-0.0727169000000000
-0.0730160000000000
-0.0597695000000000
-0.0443843000000000
-0.0293695000000000
-0.00896032000000000
0.0124383000000000
0.0329542000000000
0.0546918000000000
0.0746375000000000
0.0850136000000000
0.0929728000000000
0.103863000000000
0.110765000000000
0.0986875000000000
0.0832632000000000
0.0687606000000000
0.0490721000000000
0.0277367000000000
0.00825146000000000
-0.00419036000000000
-0.0150069000000000
-0.0273428000000000
-0.0379793000000000
-0.0409511000000000
-0.0426443000000000
-0.0446078000000000
-0.0432344000000000
-0.0413419000000000
-0.0391478000000000
-0.0380171000000000
-0.0423930000000000
-0.0479146000000000
-0.0525068000000000
-0.0585165000000000
-0.0621230000000000
-0.0537558000000000
-0.0429600000000000
-0.0334506000000000
-0.0234672000000000
-0.0136630000000000
-0.00480858000000000
0.00359865000000000
0.0126780000000000
0.0207545000000000
0.0235770000000000
0.0254215000000000
0.0274588000000000
0.0305989000000000
0.0311924000000000
0.0186165000000000
0.00356216000000000
-0.0109315000000000
-0.0243853000000000
-0.0310939000000000
-0.0364337000000000
-0.0424692000000000
-0.0483682000000000
-0.0542543000000000
-0.0598032000000000
-0.0667104000000000
-0.0710150000000000
-0.0620522000000000
-0.0511752000000000
-0.0403124000000000
-0.0230006000000000
-0.00342905000000000
0.0137578000000000
0.0222960000000000
0.0290712000000000
0.0367756000000000
0.0438615000000000
0.0522595000000000
0.0582290000000000
0.0519673000000000
0.0441272000000000
0.0359463000000000
0.0195288000000000
0.00162859000000000
-0.0152055000000000
-0.0334281000000000
-0.0493315000000000
-0.0530294000000000
-0.0556562000000000
-0.0568397000000000
-0.0443946000000000
-0.0292959000000000
-0.0155280000000000
-0.00152177000000000
0.0129674000000000
0.0291905000000000
0.0467479000000000
0.0623577000000000
0.0686245000000000
0.0747373000000000
0.0787280000000000
0.0676066000000000
0.0537544000000000
0.0410822000000000
0.0258259000000000
0.0104851000000000
-0.00593790000000000
-0.0199142000000000
-0.0212285000000000
-0.0204742000000000
-0.0200330000000000
-0.0139225000000000
-0.00699755000000000
5.99078000000000e-05
0.00597669000000000
0.00605040000000000
0.00498559000000000
0.00449677000000000
0.00364027000000000
0.00329034000000000
0.00210695000000000
-0.00333964000000000
-0.0107845000000000
-0.0155924000000000
-0.0102380000000000
-0.00280768000000000
0.00365805000000000
0.0103668000000000
0.0169282000000000
0.0232728000000000
0.0305624000000000
0.0361092000000000
0.0330905000000000
0.0284032000000000
0.0245753000000000
0.0204480000000000
0.0165298000000000
0.0122065000000000
0.00572624000000000
-0.00121975000000000
-0.00792016000000000
-0.0144821000000000
-0.0215977000000000
-0.0278405000000000
-0.0294621000000000
-0.0300970000000000
-0.0312860000000000
-0.0323604000000000
-0.0334443000000000
-0.0345203000000000
-0.0355261000000000
-0.0364545000000000
-0.0379640000000000
-0.0383809000000000
-0.0334825000000000
-0.0277322000000000
-0.0219598000000000
-0.0169784000000000
-0.0166964000000000
-0.0178913000000000
-0.0174115000000000
-0.0111725000000000
-0.00371490000000000
0.00323583000000000
0.0100613000000000
0.0176749000000000
0.0237090000000000
0.0217538000000000
0.0179051000000000
0.0154800000000000
0.0158316000000000
0.0165604000000000
0.0177740000000000
0.0175880000000000
0.00988060000000000
0.000602439000000000
-0.00787779000000000
-0.0166570000000000
-0.0251703000000000
-0.0345885000000000
-0.0421671000000000
-0.0400146000000000
-0.0358353000000000
-0.0327373000000000
-0.0293532000000000
-0.0258675000000000
-0.0226828000000000
-0.0188083000000000
-0.0163242000000000
-0.0207814000000000
-0.0273159000000000
-0.0318642000000000
-0.0302259000000000
-0.0272462000000000
-0.0249588000000000
-0.0224356000000000
-0.0199668000000000
-0.0174569000000000
-0.0149946000000000
-0.0124774000000000
-0.0100043000000000
-0.00748153000000000
-0.00501806000000000
-0.00249502000000000
0.000112707000000000
0.00225260000000000
0.00538459000000000
0.0137494000000000
0.0228045000000000
0.0326598000000000
0.0400973000000000
0.0347287000000000
0.0268783000000000
0.0199482000000000
0.0134087000000000
0.0108143000000000
0.00848461000000000
0.00667744000000000
0.00910917000000000
0.0124626000000000
0.0152960000000000
0.0183228000000000
0.0213164000000000
0.0243705000000000
0.0269950000000000
0.0310130000000000
0.0324185000000000
0.0211641000000000
0.00734346000000000
-0.00494638000000000
-0.0186584000000000
-0.0302228000000000
-0.0310639000000000
-0.0303546000000000
-0.0296367000000000
-0.0227478000000000
-0.0146286000000000
-0.00718190000000000
0.000211854000000000
0.00830968000000000
0.0151365000000000
0.0154079000000000
0.0149416000000000
0.0140419000000000
0.00718580000000000
-0.000962975000000000
-0.00851296000000000
-0.0161682000000000
-0.0235402000000000
-0.0320966000000000
-0.0383329000000000
-0.0326211000000000
-0.0245162000000000
-0.0177305000000000
-0.0104941000000000
-0.00327063000000000
0.00386319000000000
0.0110771000000000
0.0183570000000000
0.0254320000000000
0.0330364000000000
0.0396149000000000
0.0404163000000000
0.0406073000000000
0.0403096000000000
0.0340505000000000
0.0265265000000000
0.0196927000000000
0.0127780000000000
0.00558348000000000
-0.00120294000000000
-0.00538180000000000
-0.00907714000000000
-0.0127126000000000
-0.0173686000000000
-0.0200953000000000
-0.0129496000000000
-0.00387720000000000
0.00382380000000000
0.0131198000000000
0.0200463000000000
0.0156054000000000
0.00885965000000000
0.00379913000000000
-0.00320126000000000
-0.00705484000000000
0.00516361000000000
0.0206889000000000
0.0344830000000000
0.0482292000000000
0.0628791000000000
0.0756745000000000
0.0791134000000000
0.0808202000000000
0.0834137000000000
0.0854911000000000
0.0886584000000000
0.0897287000000000
0.0795998000000000
0.0678445000000000
0.0562004000000000
0.0387152000000000
0.0202026000000000
0.00256528000000000
-0.0162935000000000
-0.0333341000000000
-0.0403811000000000
-0.0464776000000000
-0.0516696000000000
-0.0468191000000000
-0.0400603000000000
-0.0342885000000000
-0.0282335000000000
-0.0221640000000000
-0.0164695000000000
-0.00975306000000000
-0.00478352000000000
-0.00872175000000000
-0.0144514000000000
-0.0190464000000000
-0.0246684000000000
-0.0288096000000000
-0.0256913000000000
-0.0211710000000000
-0.0172966000000000
-0.0137615000000000
-0.00910193000000000
0.00163135000000000
0.0134552000000000
0.0247548000000000
0.0364846000000000
0.0499249000000000
0.0600673000000000
0.0572435000000000
0.0494534000000000
0.0321334000000000
0.0124765000000000
-0.00704353000000000
-0.0250102000000000
-0.0334406000000000
-0.0406358000000000
-0.0475902000000000
-0.0482829000000000
-0.0477286000000000
-0.0478645000000000
-0.0476492000000000
-0.0482894000000000
-0.0470699000000000
-0.0368086000000000
-0.0250992000000000
-0.0131227000000000
-0.00301541000000000
-0.00377294000000000
-0.00661231000000000
-0.00828675000000000
-0.0108520000000000
-0.0121492000000000
-0.00759762000000000
-0.00217590000000000
0.00368856000000000
0.00771886000000000
0.00156397000000000
-0.00635552000000000
-0.0139019000000000
-0.0245360000000000
-0.0356988000000000
-0.0465948000000000
-0.0572788000000000
-0.0690287000000000
-0.0788320000000000
-0.0787859000000000
-0.0782205000000000
-0.0760020000000000
-0.0604201000000000
-0.0423397000000000
-0.0253828000000000
-0.00826398000000000
0.00732139000000000
0.0222617000000000
0.0384476000000000
0.0527418000000000
0.0569415000000000
0.0602580000000000
0.0625112000000000
0.0539020000000000
0.0435338000000000
0.0335878000000000
0.0201634000000000
0.00633586000000000
-0.00809396000000000
-0.0206864000000000
-0.0237845000000000
-0.0247616000000000
-0.0274095000000000
-0.0284835000000000
-0.0231199000000000
-0.0164576000000000
-0.0104771000000000
-0.00427207000000000
0.00182534000000000
0.00824574000000000
0.0140574000000000
0.0168969000000000
0.0191260000000000
0.0216901000000000
0.0241576000000000
0.0265102000000000
0.0293393000000000
0.0312462000000000
0.0284781000000000
0.0248948000000000
0.0216775000000000
0.0185730000000000
0.0149155000000000
0.00808529000000000
0.000515849000000000
-0.00663598000000000
-0.0138935000000000
-0.0212404000000000
-0.0285467000000000
-0.0357319000000000
-0.0434763000000000
-0.0500268000000000
-0.0506660000000000
-0.0500809000000000
-0.0501450000000000
-0.0498378000000000
-0.0500395000000000
-0.0493884000000000
-0.0434946000000000
-0.0376011000000000
-0.0304208000000000
-0.0137400000000000
0.00473421000000000
0.0218674000000000
0.0407764000000000
0.0569144000000000
0.0593325000000000
0.0589318000000000
0.0599544000000000
0.0606492000000000
0.0613375000000000
0.0620749000000000
0.0625008000000000
0.0640277000000000
0.0634068000000000
0.0520523000000000
0.0385648000000000
0.0261490000000000
0.0137204000000000
0.000194603000000000
-0.0112231000000000
-0.0120598000000000
-0.0107971000000000
-0.0105086000000000
-0.0100334000000000
-0.00954975000000000
-0.00902886000000000
-0.00835530000000000
-0.00847455000000000
-0.00692770000000000
0.00219333000000000
0.0141633000000000
0.0229324000000000
0.0203212000000000
0.0153697000000000
0.0115031000000000
0.00740450000000000
0.00365925000000000
-8.01460000000000e-05
-0.00389995000000000
-0.00767456000000000
-0.0113380000000000
-0.0152575000000000
-0.0187381000000000
-0.0200725000000000
-0.0209872000000000
-0.0220984000000000
-0.0230749000000000
-0.0241233000000000
-0.0252090000000000
-0.0262921000000000
-0.0273811000000000
-0.0283238000000000
-0.0297943000000000
-0.0302532000000000
-0.0256556000000000
-0.0200404000000000
-0.0150009000000000
-0.00960664000000000
-0.00460116000000000
-0.00144509000000000
0.00140104000000000
0.00450357000000000
0.00720894000000000
0.0106410000000000
0.0177567000000000
0.0253257000000000
0.0334858000000000
0.0400669000000000
0.0377775000000000
0.0342671000000000
0.0307713000000000
0.0223052000000000
0.0129407000000000
0.00399197000000000
-0.00509628000000000
-0.0141071000000000
-0.0232304000000000
-0.0323383000000000
-0.0412238000000000
-0.0508224000000000
-0.0592721000000000
-0.0613758000000000
-0.0636872000000000
-0.0641250000000000
-0.0518180000000000
-0.0370889000000000
-0.0234712000000000
-0.00851394000000000
0.00660833000000000
0.0219577000000000
0.0366298000000000
0.0475758000000000
0.0578200000000000
0.0682547000000000
0.0795053000000000
0.0890098000000000
0.0894860000000000
0.0892436000000000
0.0881435000000000
0.0776216000000000
0.0657314000000000
0.0538908000000000
0.0368878000000000
0.0188159000000000
0.00155113000000000
-0.0166937000000000
-0.0334808000000000
-0.0419643000000000
-0.0499036000000000
-0.0568650000000000
-0.0543145000000000
-0.0497859000000000
-0.0468722000000000
-0.0425116000000000
-0.0326959000000000
-0.0219978000000000
-0.0115473000000000
0.000269177000000000
0.0120531000000000
0.0248066000000000
0.0355010000000000
0.0352153000000000
0.0333493000000000
0.0314406000000000
0.0232868000000000
0.0138749000000000
0.00523571000000000
-0.00381575000000000
-0.0124030000000000
-0.0183288000000000
-0.0234854000000000
-0.0296297000000000
-0.0345215000000000
-0.0333000000000000
-0.0307913000000000
-0.0289950000000000
-0.0269890000000000
-0.0251578000000000
-0.0229814000000000
-0.0191609000000000
-0.0150453000000000
-0.0110693000000000
-0.00706472000000000
-0.00303124000000000
0.000964738000000000
0.00503403000000000
0.00910455000000000
0.0131092000000000
0.0172349000000000
0.0210330000000000
0.0254873000000000
0.0327606000000000
0.0402451000000000
0.0484951000000000
0.0549941000000000
0.0519933000000000
0.0470333000000000
0.0431259000000000
0.0389126000000000
0.0348281000000000
0.0313925000000000
0.0279073000000000
0.0247957000000000
0.0210003000000000
0.0135338000000000
0.00534500000000000
-0.00238152000000000
-0.0103077000000000
-0.0182488000000000
-0.0263175000000000
-0.0338150000000000
-0.0424141000000000
-0.0557204000000000
-0.0714244000000000
-0.0839992000000000
-0.0833427000000000
-0.0811229000000000
-0.0783261000000000
-0.0648360000000000
-0.0498005000000000
-0.0351107000000000
-0.0166535000000000
0.00264220000000000
0.0212025000000000
0.0409403000000000
0.0582507000000000
0.0665829000000000
0.0701396000000000
0.0611028000000000
0.0494121000000000
0.0382794000000000
0.0231178000000000
0.00720438000000000
-0.00831922000000000
-0.0238815000000000
-0.0392476000000000
-0.0558373000000000
-0.0697816000000000
-0.0733567000000000
-0.0722480000000000
-0.0604541000000000
-0.0460359000000000
-0.0328297000000000
-0.0193856000000000
-0.00533578000000000
0.00736316000000000
0.0133100000000000
0.0179865000000000
0.0232376000000000
0.0284057000000000
0.0343365000000000
0.0378744000000000
0.0352410000000000
0.0318796000000000
0.0283441000000000
0.0214066000000000
0.0129996000000000
0.00644063000000000
0.00716154000000000
0.00936439000000000
0.0108118000000000
0.0124867000000000
0.0140521000000000
0.0159526000000000
0.0171881000000000
0.0152980000000000
0.0128262000000000
0.0105754000000000
0.00834641000000000
0.00595866000000000
0.00217769000000000
-0.00189698000000000
-0.00595102000000000
-0.00989159000000000
-0.0139628000000000
-0.0186432000000000
-0.0241685000000000
-0.0283597000000000
-0.0266703000000000
-0.0237785000000000
-0.0214210000000000
-0.0189568000000000
-0.0165366000000000
-0.0140934000000000
-0.0116477000000000
-0.00928302000000000
-0.00658703000000000
-0.00265025000000000
0.00143977000000000
0.00586064000000000
0.00952882000000000
0.00963304000000000
0.00899391000000000
0.00865334000000000
0.00835938000000000
0.00779715000000000
0.00781880000000000
0.0108583000000000
0.0143992000000000
0.0179301000000000
0.0211247000000000
0.0218291000000000
0.0219944000000000
0.0224395000000000
0.0228091000000000
0.0231974000000000
0.0234352000000000
0.0241852000000000
0.0239474000000000
0.0188499000000000
0.0122224000000000
0.00706906000000000
0.00619618000000000
0.00613699000000000
0.00626366000000000
0.00515821000000000
-0.00223448000000000
-0.0106020000000000
-0.0191205000000000
-0.0263827000000000
-0.0268206000000000
-0.0262262000000000
-0.0255570000000000
-0.0211628000000000
-0.0162317000000000
-0.0110013000000000
-0.00696601000000000
-0.00951042000000000
-0.0133284000000000
-0.0162579000000000
-0.0201647000000000
-0.0226693000000000
-0.0185853000000000
-0.0130967000000000
-0.00841330000000000
-0.00334167000000000
0.00125206000000000
0.00687963000000000
0.0177479000000000
0.0312068000000000
0.0414205000000000
0.0385486000000000
0.0338766000000000
0.0288860000000000
0.0156931000000000
0.000969026000000000
-0.0126636000000000
-0.0276040000000000
-0.0404586000000000
-0.0426410000000000
-0.0426870000000000
-0.0436589000000000
-0.0450250000000000
-0.0450438000000000
-0.0379901000000000
-0.0300607000000000
-0.0218215000000000
-0.00881574000000000
0.00604453000000000
0.0186726000000000
0.0223703000000000
0.0241911000000000
0.0269618000000000
0.0295073000000000
0.0319886000000000
0.0336421000000000
0.0350107000000000
0.0371181000000000
0.0379627000000000
0.0328591000000000
0.0268221000000000
0.0205851000000000
0.0156982000000000
0.0185107000000000
0.0229394000000000
0.0265273000000000
0.0303953000000000
0.0341746000000000
0.0379572000000000
0.0418199000000000
0.0456556000000000
0.0493159000000000
0.0536956000000000
0.0567017000000000
0.0525079000000000
0.0475026000000000
0.0422029000000000
0.0314194000000000
0.0197639000000000
0.00818980000000000
-0.00258138000000000
-0.00827001000000000
-0.0129889000000000
-0.0181859000000000
-0.0232066000000000
-0.0280803000000000
-0.0337364000000000
-0.0379982000000000
-0.0354975000000000
-0.0319995000000000
-0.0286777000000000
-0.0222865000000000
-0.0155824000000000
-0.00856386000000000
-0.00255466000000000
-0.00250268000000000
-0.00367196000000000
-0.00421575000000000
-0.00493543000000000
-0.00564832000000000
-0.00635878000000000
-0.00705600000000000
-0.00777056000000000
-0.00847736000000000
-0.00919244000000000
-0.00986324000000000
-0.0106815000000000
-0.0112253000000000
-0.0103498000000000
-0.00910696000000000
-0.00795179000000000
-0.00684421000000000
-0.00610237000000000
-0.00540215000000000
-0.00482200000000000
-0.00391451000000000
-0.00143009000000000
0.00119087000000000
0.00452001000000000
0.00626520000000000
0.000208739000000000
-0.00723403000000000
-0.0144708000000000
-0.0206810000000000
-0.0210690000000000
-0.0203117000000000
-0.0201141000000000
-0.0196548000000000
-0.0193835000000000
-0.0189173000000000
-0.0173472000000000
-0.0156220000000000
-0.0139301000000000
-0.0121993000000000
-0.0105628000000000
-0.00883465000000000
-0.00709906000000000
-0.00545144000000000
-0.00378537000000000
-0.00184351000000000
-0.000528939000000000
-0.00183307000000000
-0.00357593000000000
-0.00513854000000000
-0.00667753000000000
-0.00864217000000000
-0.00976945000000000
-0.00679713000000000
-0.00298500000000000
0.000407716000000000
0.00393906000000000
0.00725022000000000
0.0113121000000000
0.0139380000000000
0.00946547000000000
0.00353624000000000
-0.00149267000000000
-0.00712671000000000
-0.0119481000000000
-0.0123902000000000
-0.0118367000000000
-0.0117647000000000
-0.0114405000000000
-0.0117843000000000
-0.0107736000000000
-0.00278046000000000
0.00634301000000000
0.0158594000000000
0.0232840000000000
0.0196690000000000
0.0139685000000000
0.00914386000000000
0.00429962000000000
0.00113768000000000
-0.00200792000000000
-0.00469904000000000
-0.00426102000000000
-0.00322602000000000
-0.00259057000000000
-0.00178583000000000
-0.000973253000000000
-0.000223726000000000
0.000466788000000000
0.00147004000000000
0.00387579000000000
0.00643045000000000
0.00931012000000000
0.0113394000000000
0.00898782000000000
0.00573037000000000
0.00294798000000000
1.83145000000000e-05
-0.00287654000000000
-0.00594574000000000
-0.00846466000000000
-0.0120877000000000
-0.0206902000000000
-0.0314494000000000
-0.0395315000000000
-0.0367872000000000
-0.0322865000000000
-0.0282013000000000
-0.0201218000000000
-0.0114826000000000
-0.00251570000000000
0.00526450000000000
0.00708106000000000
0.00765693000000000
0.00871829000000000
0.00993310000000000
0.0106884000000000
0.00890132000000000
0.00662697000000000
0.00459256000000000
0.00250173000000000
0.000383601000000000
-0.00169097000000000
-0.00369962000000000
-0.00578875000000000
-0.00791060000000000
-0.00995576000000000
-0.0122352000000000
-0.0140843000000000
-0.0136547000000000
-0.0127023000000000
-0.0120645000000000
-0.0113986000000000
-0.0105709000000000
-0.0101297000000000
-0.00886992000000000
-0.00315719000000000
0.00339786000000000
0.00957334000000000
0.0157541000000000
0.0225013000000000
0.0280160000000000
0.0278007000000000
0.0264662000000000
0.0257058000000000
0.0247943000000000
0.0238662000000000
0.0228654000000000
0.0220050000000000
0.0213211000000000
0.0200463000000000
0.0158599000000000
0.0112000000000000
0.00645382000000000
0.00235196000000000
0.00189680000000000
0.00217300000000000
0.00207396000000000
0.00210144000000000
0.00203669000000000
0.00213859000000000
0.00320221000000000
0.00451885000000000
0.00569273000000000
0.00692686000000000
0.00812403000000000
0.00937296000000000
0.0105233000000000
0.0114713000000000
0.0123678000000000
0.0130999000000000
0.0142700000000000
0.0147450000000000
0.0117067000000000
0.00803849000000000
0.00465782000000000
0.00117093000000000
-0.00220968000000000
-0.00568514000000000
-0.00913078000000000
-0.0125028000000000
-0.0159595000000000
-0.0194194000000000
-0.0225392000000000
-0.0265984000000000
-0.0289909000000000
-0.0229979000000000
-0.0154236000000000
-0.00866204000000000
-0.00173511000000000
0.00517362000000000
0.0118940000000000
0.0193804000000000
0.0252714000000000
0.0229481000000000
0.0190814000000000
0.0159977000000000
0.0128586000000000
0.00929243000000000
0.00322078000000000
-0.00319263000000000
-0.00986819000000000
-0.0155598000000000
-0.0160509000000000
-0.0154085000000000
-0.0152837000000000
-0.0150169000000000
-0.0147485000000000
-0.0144929000000000
-0.0142408000000000
-0.0139206000000000
-0.0138263000000000
-0.0132997000000000
-0.0105065000000000
-0.00721237000000000
-0.00417273000000000
-0.00131678000000000
0.00205618000000000
0.00743895000000000
0.0132256000000000
0.0187581000000000
0.0242648000000000
0.0294789000000000
0.0358486000000000
0.0399384000000000
0.0329217000000000
0.0237725000000000
0.0158086000000000
0.00714415000000000
-0.00130485000000000
-0.0101940000000000
-0.0179602000000000
-0.0204056000000000
-0.0217683000000000
-0.0236765000000000
-0.0252570000000000
-0.0273937000000000
-0.0284633000000000
-0.0240328000000000
-0.0189826000000000
-0.0136355000000000
-0.00348058000000000
0.00746394000000000
0.0176599000000000
0.0289107000000000
0.0381057000000000
0.0374747000000000
0.0358145000000000
0.0335039000000000
0.0227670000000000
0.0104672000000000
-0.000887091000000000
-0.0125946000000000
-0.0236876000000000
-0.0319736000000000
-0.0404863000000000
-0.0476720000000000
-0.0469190000000000
-0.0454570000000000
-0.0434207000000000
-0.0342596000000000
-0.0238299000000000
-0.0142634000000000
-0.00451815000000000
0.00509523000000000
0.0144881000000000
0.0245093000000000
0.0330180000000000
0.0344310000000000
0.0352849000000000
0.0352961000000000
0.0276203000000000
0.0184921000000000
0.0102464000000000
0.00192111000000000
-0.00615002000000000
-0.0150154000000000
-0.0220095000000000
-0.0204450000000000
-0.0171145000000000
-0.0147155000000000
-0.0121204000000000
-0.00923584000000000
-0.00634301000000000
-0.00328453000000000
-0.000829756000000000
-0.00132663000000000
-0.00251118000000000
-0.00326634000000000
-0.00433653000000000
-0.00661037000000000
-0.00911926000000000
-0.0113293000000000
-0.0142128000000000
-0.0157403000000000
-0.0104173000000000
-0.00385171000000000
0.00194083000000000
0.00776712000000000
0.0140378000000000
0.0190860000000000
0.0184146000000000
0.0165894000000000
0.0153875000000000
0.0140041000000000
0.0126933000000000
0.0114060000000000
0.0100802000000000
0.00879620000000000
0.00750457000000000
0.00625471000000000
0.00498429000000000
0.00377986000000000
0.00259047000000000
0.00143603000000000
5.49922000000000e-05
-0.000797999000000000
0.00108425000000000
0.00344802000000000
0.00553134000000000
0.00763058000000000
0.00972866000000000
0.0117550000000000
0.0137991000000000
0.0157163000000000
0.0177936000000000
0.0203599000000000
0.0234636000000000
0.0255282000000000
0.0227063000000000
0.0188631000000000
0.0155850000000000
0.0122656000000000
0.00895354000000000
0.00565827000000000
0.00245728000000000
-0.000661210000000000
-0.00378216000000000
-0.00686306000000000
-0.00975990000000000
-0.0129090000000000
-0.0155460000000000
-0.0158433000000000
-0.0157212000000000
-0.0157814000000000
-0.0157674000000000
-0.0158051000000000
-0.0158059000000000
-0.0158320000000000
-0.0158236000000000
-0.0158413000000000
-0.0158230000000000
-0.0158364000000000
-0.0157960000000000
-0.0157559000000000
-0.0157118000000000
-0.0157929000000000
-0.0155921000000000
-0.0138505000000000
-0.0118089000000000
-0.00998161000000000
-0.00818518000000000
-0.00637548000000000
-0.00458301000000000
-0.00283309000000000
-0.00110540000000000
0.000574276000000000
0.00217267000000000
0.00378544000000000
0.00538796000000000
0.00695770000000000
0.00837187000000000
0.0100964000000000
0.0110884000000000
0.00832293000000000
0.00482667000000000
0.00182368000000000
-0.00121406000000000
-0.00423495000000000
-0.00716181000000000
-0.0100523000000000
-0.0127148000000000
-0.0157603000000000
-0.0179213000000000
-0.0157460000000000
-0.0129114000000000
-0.0103038000000000
-0.00646834000000000
-0.00257966000000000
0.00137617000000000
0.00474949000000000
0.00549919000000000
0.00571187000000000
0.00618797000000000
0.00652956000000000
0.00701390000000000
0.00726844000000000
0.00622404000000000
0.00494201000000000
0.00387071000000000
0.00273495000000000
0.00163682000000000
0.000602632000000000
-0.000443702000000000
-0.00147088000000000
-0.00236954000000000
-0.00347396000000000
-0.00419114000000000
-0.00307431000000000
-0.00162589000000000
-0.000398465000000000
0.000837902000000000
0.00200209000000000
0.00316562000000000
0.00430011000000000
0.00540762000000000
0.00646243000000000
0.00743653000000000
0.00847229000000000
0.00935479000000000
0.00953100000000000
0.00957220000000000
0.00966435000000000
0.00973567000000000
0.00979493000000000
0.00985276000000000
0.00984292000000000
0.0100188000000000
0.00981530000000000
0.00783137000000000
0.00554583000000000
0.00355292000000000
0.00147120000000000
-0.000351396000000000
-0.00120150000000000
-0.00175710000000000
-0.00265494000000000
-0.00298620000000000
-0.000809368000000000
0.00180887000000000
0.00403528000000000
0.00630337000000000
0.00838454000000000
0.0100341000000000
0.0114637000000000
0.0131281000000000
0.0141915000000000
0.0127102000000000
0.0107683000000000
0.00912760000000000
0.00749101000000000
0.00592560000000000
0.00441545000000000
0.00296740000000000
0.00156750000000000
0.000228717000000000
-0.00103528000000000
-0.00232573000000000
-0.00339906000000000
-0.00364098000000000
-0.00373583000000000
-0.00388278000000000
-0.00399995000000000
-0.00412632000000000
-0.00423565000000000
-0.00437023000000000
-0.00439516000000000
-0.00460640000000000
-0.00566705000000000
-0.00681506000000000
-0.00792860000000000
-0.00879710000000000
-0.00865684000000000
-0.00830689000000000
-0.00806070000000000
-0.00781095000000000
-0.00754644000000000
-0.00728851000000000
-0.00704431000000000
-0.00681708000000000
-0.00653284000000000
-0.00598272000000000
-0.00540013000000000
-0.00487050000000000
-0.00435554000000000
-0.00386507000000000
-0.00339608000000000
-0.00295160000000000
-0.00252717000000000
-0.00212415000000000
-0.00174096000000000
-0.00140151000000000
-0.00100203000000000
-0.000776947000000000
-0.00130941000000000
-0.00195522000000000
-0.00247821000000000
-0.00297521000000000
-0.00344336000000000
-0.00386842000000000
-0.00428669000000000
-0.00460853000000000
-0.00458127000000000
-0.00447564000000000
-0.00439758000000000
-0.00433590000000000
-0.00421412000000000
-0.00382899000000000
-0.00340111000000000
-0.00302688000000000
-0.00266510000000000
-0.00232093000000000
-0.00199097000000000
-0.00167149000000000
-0.00137433000000000
-0.00109656000000000
-0.000831603000000000
-0.000583608000000000
-0.000347881000000000
-0.000120876000000000
9.37201000000000e-05
0.000265177000000000
0.000478224000000000
0.000924863000000000
0.00137363000000000
0.00178888000000000
0.00211227000000000
0.00206823000000000
0.00200154000000000
0.00189239000000000
0.00142570000000000
0.000923691000000000
0.000506196000000000
0.000117230000000000
-0.000221435000000000
-0.000575123000000000
-0.000783712000000000
-0.000450382000000000
-3.34609000000000e-05
0.000281833000000000
0.000611935000000000
0.00103233000000000
0.00143629000000000
0.00178757000000000
0.00209594000000000
0.00239268000000000
0.00260377000000000
0.00254923000000000
0.00246802000000000
0.00236946000000000
0.00207716000000000
0.00177450000000000
0.00151834000000000
0.00127915000000000
0.00106079000000000
0.000872294000000000
0.000684782000000000
0.000555672000000000
0.000627067000000000
0.000725827000000000
0.000793816000000000
0.000855780000000000
0.000912485000000000
0.000950925000000000
0.000940574000000000
0.000920824000000000
0.000904069000000000
0.000884808000000000
0.000868551000000000
0.000844943000000000
0.000794565000000000
0.000743091000000000
0.000700246000000000
0.000657509000000000
0.000609098000000000
0.000563777000000000
0.000523651000000000
0.000489578000000000
0.000456331000000000
0.000433971000000000
0.000447259000000000
0.000464477000000000
0.000474121000000000
0.000481762000000000
0.000487133000000000
0.000488862000000000
0.000489858000000000
0.000494772000000000
0.000496771000000000
0.000497390000000000
0.000490836000000000
0.000462409000000000
0.000432731000000000
0.000407893000000000
0.000385065000000000
0.000364523000000000
0.000346251000000000
0.000329927000000000
0.000315559000000000
0.000302497000000000
0.000291668000000000
0.000284715000000000
0.000278615000000000
0.000272758000000000
0.000267388000000000
0.000262301000000000
0.000257461000000000
0.000252921000000000
0.000248810000000000
0.000245536000000000
0.000242353000000000
0.000239038000000000
0.000235793000000000
0.000232571000000000
0.000229354000000000
0.000226177000000000
0.000222992000000000
0.000219925000000000
0.000217205000000000
0.000214471000000000
0.000211590000000000
0.000208763000000000
0.000205785000000000
0.000202328000000000
0.000199083000000000
0.000196196000000000
0.000193510000000000
0.000191041000000000
0.000188693000000000
0.000186339000000000
0.000184154000000000
0.000182137000000000
0.000180204000000000
0.000178350000000000
0.000176572000000000
0.000174749000000000
0.000172863000000000
0.000170936000000000
0.000168975000000000
0.000166992000000000
0.000164981000000000
0.000162952000000000
0.000160917000000000
0.000158884000000000
0.000156856000000000
0.000154836000000000
0.000152824000000000
0.000150822000000000