1.71793000000000e-06
6.87336000000000e-07
-4.20186000000000e-05
-0.000233339000000000
4.74684000000000e-05
0.00133900000000000
0.00198284000000000
-0.000483126000000000
-0.00247828000000000
0.00401465000000000
0.0192623000000000
0.0311583000000000
0.0310868000000000
0.0250373000000000
0.0210129000000000
0.0142228000000000
-0.000894169000000000
-0.0143193000000000
-0.0143607000000000
-0.0104199000000000
-0.0193388000000000
-0.0346159000000000
-0.0337374000000000
-0.0136888000000000
0.00541870000000000
0.0123871000000000
0.0175724000000000
0.0283727000000000
0.0356660000000000
0.0321569000000000
0.0246499000000000
0.0176282000000000
0.00591750000000000
-0.0112763000000000
-0.0252418000000000
-0.0327624000000000
-0.0386768000000000
-0.0395117000000000
-0.0245105000000000
0.00216205000000000
0.0190764000000000
0.0179928000000000
0.0133693000000000
0.0172107000000000
0.0200400000000000
0.00925693000000000
-0.00948067000000000
-0.0195496000000000
-0.0163937000000000
-0.0112305000000000
-0.0131105000000000
-0.0150484000000000
-0.00360899000000000
0.0174652000000000
0.0271911000000000
0.0181657000000000
0.00886878000000000
0.0123114000000000
0.0141713000000000
-0.000672153000000000
-0.0222574000000000
-0.0325751000000000
-0.0310218000000000
-0.0251245000000000
-0.0153944000000000
-0.00353715000000000
0.00247836000000000
0.00713927000000000
0.0239637000000000
0.0451374000000000
0.0436277000000000
0.0183637000000000
-0.00288830000000000
-0.0108317000000000
-0.0268572000000000
-0.0549468000000000
-0.0658622000000000
-0.0455734000000000
-0.0210122000000000
-0.0132042000000000
-0.00305686000000000
0.0276943000000000
0.0559240000000000
0.0533256000000000
0.0321405000000000
0.0204718000000000
0.0153708000000000
-0.00146831000000000
-0.0239737000000000
-0.0333850000000000
-0.0337324000000000
-0.0392980000000000
-0.0408156000000000
-0.0192601000000000
0.0166775000000000
0.0376653000000000
0.0345659000000000
0.0228907000000000
0.0138032000000000
0.00515500000000000
-0.00346216000000000
-0.00931769000000000
-0.0137753000000000
-0.0180285000000000
-0.0191508000000000
-0.0150870000000000
-0.00536487000000000
0.0116487000000000
0.0293441000000000
0.0283476000000000
0.00196569000000000
-0.0218771000000000
-0.0140462000000000
0.00944350000000000
0.0105257000000000
-0.0106530000000000
-0.0200715000000000
-0.00839414000000000
-0.000186754000000000
-0.00613366000000000
-0.00899888000000000
-0.00236048000000000
-0.000198449000000000
-0.00568954000000000
-0.00662417000000000
-0.00335394000000000
-0.00627062000000000
-0.0109461000000000
-0.00651273000000000
-0.000169284000000000
-0.00317631000000000
-0.00687779000000000
-0.000639850000000000
0.00365345000000000
-0.00538953000000000
-0.0136509000000000
-0.00483805000000000
0.0108074000000000
0.0159198000000000
0.0131741000000000
0.0123936000000000
0.0104414000000000
0.00229379000000000
-0.00620729000000000
-0.0105651000000000
-0.0156817000000000
-0.0231966000000000
-0.0267600000000000
-0.0239243000000000
-0.0176632000000000
-0.00734407000000000
0.00713363000000000
0.0148804000000000
0.00562114000000000
-0.0122520000000000
-0.0197083000000000
-0.0122477000000000
-0.00280803000000000
6.31201000000000e-05
0.00151821000000000
0.00662653000000000
0.0127917000000000
0.0202173000000000
0.0316701000000000
0.0376303000000000
0.0205461000000000
-0.0187562000000000
-0.0582750000000000
-0.0868364000000000
-0.113892000000000
-0.139083000000000
-0.142600000000000
-0.121434000000000
-0.0950998000000000
-0.0613030000000000
0.00760927000000000
0.0968082000000000
0.139490000000000
0.109789000000000
0.0688222000000000
0.0706686000000000
0.0867149000000000
0.0694270000000000
0.0287415000000000
-0.00864790000000000
-0.0509846000000000
-0.100361000000000
-0.124636000000000
-0.118160000000000
-0.126123000000000
-0.158490000000000
-0.154895000000000
-0.0762142000000000
0.0383444000000000
0.148983000000000
0.258100000000000
0.348103000000000
0.366253000000000
0.312184000000000
0.248422000000000
0.208599000000000
0.169141000000000
0.115129000000000
0.0479287000000000
-0.0512176000000000
-0.175410000000000
-0.243840000000000
-0.200600000000000
-0.111555000000000
-0.0550412000000000
0.000564272000000000
0.100790000000000
0.183723000000000
0.177276000000000
0.113413000000000
0.0435633000000000
-0.0457342000000000
-0.133221000000000
-0.135566000000000
-0.0678544000000000
-0.0709788000000000
-0.160484000000000
-0.157196000000000
0.0202609000000000
0.184674000000000
0.153036000000000
0.00934986000000000
-0.0532470000000000
-0.00446942000000000
0.0442188000000000
0.0331527000000000
-0.00881731000000000
-0.0501461000000000
-0.0847634000000000
-0.100590000000000
-0.0858357000000000
-0.0513699000000000
-0.0234912000000000
-0.0185911000000000
-0.0261632000000000
-0.0160270000000000
0.0200357000000000
0.0454748000000000
0.0262704000000000
-0.0116566000000000
-0.0142864000000000
0.0223124000000000
0.0480817000000000
0.0289938000000000
-0.0153894000000000
-0.0462889000000000
-0.0501282000000000
-0.0461367000000000
-0.0582893000000000
-0.0807319000000000
-0.0760641000000000
-0.0220201000000000
0.0497337000000000
0.0838413000000000
0.0629371000000000
0.0238050000000000
0.0129647000000000
0.0424017000000000
0.0865505000000000
0.113192000000000
0.107452000000000
0.0703176000000000
0.0104700000000000
-0.0503941000000000
-0.0749347000000000
-0.0462096000000000
-0.00113628000000000
0.00271789000000000
-0.0461017000000000
-0.107852000000000
-0.139554000000000
-0.121634000000000
-0.0596475000000000
0.0144680000000000
0.0609099000000000
0.0778583000000000
0.101948000000000
0.143658000000000
0.161757000000000
0.126037000000000
0.0593337000000000
-0.00731548000000000
-0.0665012000000000
-0.108853000000000
-0.118146000000000
-0.110125000000000
-0.122720000000000
-0.153851000000000
-0.153479000000000
-0.0911825000000000
0.00315915000000000
0.0753135000000000
0.0950640000000000
0.0734836000000000
0.0473254000000000
0.0412180000000000
0.0401972000000000
0.0193323000000000
-0.0110826000000000
-0.0222517000000000
-0.0165181000000000
-0.0178877000000000
-0.0259823000000000
-0.0219464000000000
-0.00660001000000000
0.00666628000000000
0.0192994000000000
0.0330290000000000
0.0300168000000000
0.000338868000000000
-0.0347238000000000
-0.0518324000000000
-0.0542628000000000
-0.0539218000000000
-0.0527716000000000
-0.0501711000000000
-0.0418084000000000
-0.0113821000000000
0.0470495000000000
0.104979000000000
0.129325000000000
0.125279000000000
0.120526000000000
0.118310000000000
0.0967153000000000
0.0444068000000000
-0.0250066000000000
-0.0858428000000000
-0.115801000000000
-0.112163000000000
-0.0979304000000000
-0.0928123000000000
-0.0829621000000000
-0.0425118000000000
0.0192001000000000
0.0615589000000000
0.0615282000000000
0.0333028000000000
7.87161000000000e-05
-0.0281518000000000
-0.0445676000000000
-0.0390871000000000
-0.0133250000000000
0.0127681000000000
0.0235884000000000
0.0285728000000000
0.0458093000000000
0.0693333000000000
0.0699166000000000
0.0338010000000000
-0.0142564000000000
-0.0383873000000000
-0.0331462000000000
-0.0227013000000000
-0.0222695000000000
-0.0196361000000000
0.000599413000000000
0.0287286000000000
0.0379942000000000
0.0149483000000000
-0.0257393000000000
-0.0565245000000000
-0.0607805000000000
-0.0458229000000000
-0.0353658000000000
-0.0443596000000000
-0.0547882000000000
-0.0297037000000000
0.0362214000000000
0.0952856000000000
0.0980091000000000
0.0551899000000000
0.0205275000000000
0.0187776000000000
0.0207884000000000
-0.00356953000000000
-0.0401722000000000
-0.0559483000000000
-0.0506808000000000
-0.0549647000000000
-0.0782157000000000
-0.0852996000000000
-0.0408041000000000
0.0341963000000000
0.0799670000000000
0.0707472000000000
0.0447621000000000
0.0497901000000000
0.0861716000000000
0.114743000000000
0.103678000000000
0.0523149000000000
-0.0132992000000000
-0.0593244000000000
-0.0711247000000000
-0.0684384000000000
-0.0784802000000000
-0.0984380000000000
-0.101991000000000
-0.0776295000000000
-0.0383952000000000
0.00256563000000000
0.0406018000000000
0.0670852000000000
0.0720039000000000
0.0618649000000000
0.0521883000000000
0.0438235000000000
0.0269831000000000
0.00716322000000000
0.00451917000000000
0.0239551000000000
0.0454104000000000
0.0493898000000000
0.0352807000000000
0.00881017000000000
-0.0274091000000000
-0.0607555000000000
-0.0715250000000000
-0.0602072000000000
-0.0504435000000000
-0.0496107000000000
-0.0354787000000000
0.00639886000000000
0.0540833000000000
0.0761356000000000
0.0639550000000000
0.0291954000000000
-0.0118439000000000
-0.0436956000000000
-0.0603266000000000
-0.0695185000000000
-0.0726472000000000
-0.0520189000000000
0.00179756000000000
0.0635211000000000
0.100175000000000
0.107945000000000
0.101240000000000
0.0813680000000000
0.0396625000000000
-0.0218506000000000
-0.0857713000000000
-0.127574000000000
-0.130769000000000
-0.104149000000000
-0.0717037000000000
-0.0375095000000000
0.0154065000000000
0.0800742000000000
0.116980000000000
0.109954000000000
0.0949854000000000
0.100668000000000
0.101790000000000
0.0622137000000000
-0.00642602000000000
-0.0644625000000000
-0.0912898000000000
-0.0924907000000000
-0.0819256000000000
-0.0750919000000000
-0.0784087000000000
-0.0757710000000000
-0.0446549000000000
0.00868007000000000
0.0520747000000000
0.0675012000000000
0.0678658000000000
0.0674076000000000
0.0585224000000000
0.0259323000000000
-0.0262432000000000
-0.0712462000000000
-0.0798169000000000
-0.0464591000000000
0.00265456000000000
0.0325744000000000
0.0316887000000000
0.0168955000000000
0.0113714000000000
0.0237628000000000
0.0448429000000000
0.0541641000000000
0.0344708000000000
-0.0108181000000000
-0.0515972000000000
-0.0557860000000000
-0.0226977000000000
0.0161971000000000
0.0311262000000000
0.0186175000000000
-0.00446177000000000
-0.0179141000000000
-0.0128139000000000
0.000391593000000000
0.000150663000000000
-0.0199414000000000
-0.0366889000000000
-0.0224246000000000
0.0178434000000000
0.0507416000000000
0.0582114000000000
0.0549676000000000
0.0577833000000000
0.0564966000000000
0.0287222000000000
-0.0261231000000000
-0.0802529000000000
-0.104850000000000
-0.0973943000000000
-0.0790663000000000
-0.0682239000000000
-0.0594302000000000
-0.0330426000000000
0.0166346000000000
0.0702797000000000
0.102584000000000
0.103406000000000
0.0788161000000000
0.0395596000000000
-0.00213882000000000
-0.0312956000000000
-0.0371378000000000
-0.0263755000000000
-0.0200522000000000
-0.0304235000000000
-0.0432288000000000
-0.0336852000000000
-3.18345000000000e-05
0.0304735000000000
0.0352106000000000
0.0232295000000000
0.0191836000000000
0.0283991000000000
0.0314821000000000
0.0120483000000000
-0.0191536000000000
-0.0328617000000000
-0.0160341000000000
0.00631337000000000
-0.00186797000000000
-0.0347639000000000
-0.0442517000000000
-0.00759211000000000
0.0336373000000000
0.0304864000000000
-0.00439615000000000
-0.0199785000000000
-0.00108417000000000
0.0206190000000000
0.0200564000000000
0.00683311000000000
-0.000834625000000000
0.000718752000000000
0.00608706000000000
0.0105665000000000
0.0118381000000000
0.0109010000000000
0.0107459000000000
0.0106372000000000
0.00626297000000000
-0.00456049000000000
-0.0181371000000000
-0.0270831000000000
-0.0242045000000000
-0.0119890000000000
-0.00466592000000000
-0.0115822000000000
-0.0176568000000000
-0.00152964000000000
0.0283577000000000
0.0363808000000000
0.00820900000000000
-0.0258029000000000
-0.0276964000000000
0.00271196000000000
0.0323907000000000
0.0359283000000000
0.0187476000000000
0.00314471000000000
0.000223081000000000
0.00101698000000000
-0.00683547000000000
-0.0209550000000000
-0.0289166000000000
-0.0268601000000000
-0.0203131000000000
-0.00897815000000000
0.0120769000000000
0.0332606000000000
0.0343093000000000
0.0142264000000000
-0.00311976000000000
-0.00285171000000000
0.00264662000000000
-3.72307000000000e-05
-0.00413631000000000
-0.00128167000000000
0.000240980000000000
-0.00794023000000000
-0.0177254000000000
-0.0194624000000000
-0.0174302000000000
-0.0180821000000000
-0.0174960000000000
-0.0113106000000000
-0.00244018000000000
0.00652210000000000
0.0163229000000000
0.0235112000000000
0.0229686000000000
0.0171864000000000
0.0123621000000000
0.00677479000000000
-0.00465749000000000
-0.0178476000000000
-0.0234118000000000
-0.0213774000000000
-0.0199128000000000
-0.0225605000000000
-0.0242403000000000
-0.0175682000000000
0.00165081000000000
0.0299589000000000
0.0541377000000000
0.0594652000000000
0.0444211000000000
0.0230944000000000
0.00802672000000000
-0.00382665000000000
-0.0212866000000000
-0.0408220000000000
-0.0487629000000000
-0.0386775000000000
-0.0153765000000000
0.0139297000000000
0.0406247000000000
0.0507187000000000
0.0385846000000000
0.0214596000000000
0.0205954000000000
0.0261131000000000
0.00803602000000000
-0.0347553000000000
-0.0656606000000000
-0.0615797000000000
-0.0402887000000000
-0.0248457000000000
-0.0100790000000000
0.0173001000000000
0.0495950000000000
0.0663711000000000
0.0596096000000000
0.0376803000000000
0.0145323000000000
-5.22791000000000e-05
-0.00965508000000000
-0.0282998000000000
-0.0567961000000000
-0.0688723000000000
-0.0428464000000000
0.00449193000000000
0.0334586000000000
0.0284520000000000
0.00861931000000000
-0.00174638000000000
0.00177561000000000
0.00703712000000000
0.000842559000000000
-0.0170084000000000
-0.0298859000000000
-0.0210500000000000
0.00400950000000000
0.0218464000000000
0.0186089000000000
0.00208778000000000
-0.0135923000000000
-0.0208535000000000
-0.0173902000000000
-0.00604059000000000
0.00313878000000000
0.00325229000000000
-0.000140770000000000
0.00105586000000000
0.00401672000000000
0.00291961000000000
0.000916400000000000
0.00202237000000000
-0.000814538000000000
-0.0137810000000000
-0.0265513000000000
-0.0232560000000000
-0.00535265000000000
0.0117452000000000
0.0209192000000000
0.0283505000000000
0.0358304000000000
0.0334350000000000
0.0166432000000000
-0.00138933000000000
-0.00574623000000000
-0.00201772000000000
-0.00750919000000000
-0.0237978000000000
-0.0330883000000000
-0.0246720000000000
-0.00895670000000000
-0.000173122000000000
0.00169277000000000
0.00468572000000000
0.0118117000000000
0.0207763000000000
0.0275242000000000
0.0261196000000000
0.0145959000000000
0.00189956000000000
-0.00190264000000000
-0.00167111000000000
-0.00919331000000000
-0.0211687000000000
-0.0216133000000000
-0.00763429000000000
0.00595446000000000
0.00947709000000000
0.00863503000000000
0.00884734000000000
0.00825689000000000
0.00854568000000000
0.0147539000000000
0.0205926000000000
0.0130648000000000
-0.00528403000000000
-0.0162922000000000
-0.0137474000000000
-0.0104907000000000
-0.0144887000000000
-0.0163272000000000
-0.00907608000000000
-0.00179356000000000
-0.00398377000000000
-0.00983665000000000
-0.00911825000000000
-0.00417763000000000
-0.00526759000000000
-0.0139669000000000
-0.0208849000000000
-0.0184602000000000
-0.00981806000000000
-0.00265792000000000
0.00159048000000000
0.00841201000000000
0.0189999000000000
0.0238743000000000
0.0139161000000000
-0.00459716000000000
-0.0143700000000000
-0.00786803000000000
0.00432652000000000
0.00860001000000000
0.00526058000000000
0.00551899000000000
0.0151535000000000
0.0267422000000000
0.0281132000000000
0.0161700000000000
0.000114493000000000
-0.0101240000000000
-0.0159119000000000
-0.0243911000000000
-0.0317959000000000
-0.0243868000000000
-0.000271074000000000
0.0215561000000000
0.0249894000000000
0.0182308000000000
0.0193488000000000
0.0286121000000000
0.0309796000000000
0.0191236000000000
-0.000553507000000000
-0.0213510000000000
-0.0397240000000000
-0.0494163000000000
-0.0462396000000000
-0.0368454000000000
-0.0289803000000000
-0.0178970000000000
0.00302062000000000
0.0243261000000000
0.0305622000000000
0.0238143000000000
0.0185675000000000
0.0167897000000000
0.00792522000000000
-0.00805532000000000
-0.0175753000000000
-0.0156732000000000
-0.0124415000000000
-0.0147546000000000
-0.0159734000000000
-0.00894670000000000
0.00248608000000000
0.00955644000000000
0.00933913000000000
0.00601858000000000
0.00569026000000000
0.0110354000000000
0.0177433000000000
0.0179785000000000
0.0103656000000000
0.00310833000000000
0.00372350000000000
0.00940633000000000
0.0109632000000000
0.00397154000000000
-0.00708159000000000
-0.0140269000000000
-0.0124507000000000
-0.00400750000000000
0.00526608000000000
0.00985023000000000
0.00940490000000000
0.00907608000000000
0.0126924000000000
0.0176289000000000
0.0171057000000000
0.00780155000000000
-0.00629021000000000
-0.0168419000000000
-0.0183394000000000
-0.0126287000000000
-0.00714528000000000
-0.00762571000000000
-0.0118181000000000
-0.0114579000000000
-0.00169298000000000
0.0124114000000000
0.0196633000000000
0.0132564000000000
-0.00221687000000000
-0.0136381000000000
-0.0116459000000000
-0.00140026000000000
0.00240837000000000
-0.00643689000000000
-0.0175624000000000
-0.0182658000000000
-0.00970369000000000
-0.00271367000000000
-0.00199378000000000
-0.00323363000000000
-0.00283577000000000
-0.00167511000000000
0.000333793000000000
0.00477922000000000
0.00934271000000000
0.00949854000000000
0.00616669000000000
0.00531769000000000
0.00876442000000000
0.0113657000000000
0.00815396000000000
0.000574394000000000
-0.00591836000000000
-0.00798669000000000
-0.00746487000000000
-0.00877871000000000
-0.0126216000000000
-0.0128703000000000
-0.00417355000000000
0.00753135000000000
0.00934342000000000
-0.000787232000000000
-0.00916186000000000
-0.00414196000000000
0.00809034000000000
0.0134579000000000
0.00949854000000000
0.00602937000000000
0.00819542000000000
0.00974658000000000
0.00429278000000000
-0.00428556000000000
-0.00809106000000000
-0.00618506000000000
-0.00412838000000000
-0.00431594000000000
-0.00351191000000000
0.000286250000000000
0.00399056000000000
0.00495885000000000
0.00501919000000000
0.00591314000000000
0.00452732000000000
-0.00226398000000000
-0.0108881000000000
-0.0141406000000000
-0.0103277000000000
-0.00487937000000000
-0.00303463000000000
-0.00432803000000000
-0.00521783000000000
-0.00406754000000000
-0.00181136000000000
0.000794237000000000
0.00360012000000000
0.00565952000000000
0.00569476000000000
0.00410657000000000
0.00235819000000000
0.000854568000000000
-0.000575817000000000
-0.000594323000000000
0.00223324000000000
0.00595374000000000
0.00672611000000000
0.00417756000000000
0.00165352000000000
0.00109875000000000
0.00151299000000000
0.00255949000000000
0.00483905000000000
0.00659987000000000
0.00464162000000000
3.22205000000000e-05
-0.00208427000000000
0.000622723000000000
0.00455455000000000
0.00554272000000000
0.00405875000000000
0.00387118000000000
0.00742127000000000
0.0126409000000000
0.0142128000000000
0.00897172000000000
0.000583036000000000
-0.00451309000000000
-0.00580163000000000
-0.00907894000000000
-0.0161528000000000
-0.0205625000000000
-0.0169841000000000
-0.0100018000000000
-0.00766073000000000
-0.0100182000000000
-0.00893454000000000
0.000907465000000000
0.0151135000000000
0.0239372000000000
0.0223646000000000
0.0146445000000000
0.00874512000000000
0.00592544000000000
-0.000689709000000000
-0.0147789000000000
-0.0285349000000000
-0.0314986000000000
-0.0242675000000000
-0.0161549000000000
-0.0111040000000000
-0.00422409000000000
0.00678894000000000
0.0159691000000000
0.0177626000000000
0.0142621000000000
0.00964150000000000
0.00414932000000000
-0.00270224000000000
-0.00758282000000000
-0.00692318000000000
-0.00230694000000000
0.00114300000000000
0.00101397000000000
-0.000847277000000000
-0.00158940000000000
-0.000443289000000000
0.00179542000000000
0.00381922000000000
0.00477357000000000
0.00418628000000000
0.00296536000000000
0.00329747000000000
0.00653646000000000
0.0106630000000000
0.0116652000000000
0.00747988000000000
-0.000472346000000000
-0.00871795000000000
-0.0138268000000000
-0.0138890000000000
-0.0100790000000000
-0.00564072000000000
-0.00228821000000000
0.00132170000000000
0.00628835000000000
0.0111355000000000
0.0143922000000000
0.0161700000000000
0.0156581000000000
0.0105936000000000
0.00188169000000000
-0.00522849000000000
-0.00681467000000000
-0.00486521000000000
-0.00372779000000000
-0.00456656000000000
-0.00527616000000000
-0.00405361000000000
-0.00100225000000000
0.00249951000000000
0.00459551000000000
0.00430994000000000
0.00239486000000000
0.000912326000000000
0.00148833000000000
0.00396461000000000
0.00542249000000000
0.00222123000000000
-0.00555916000000000
-0.0122513000000000
-0.0125465000000000
-0.00803173000000000
-0.00451481000000000
-0.00341627000000000
-0.000813466000000000
0.00471689000000000
0.00866220000000000
0.00714413000000000
0.00285213000000000
0.000932412000000000
0.00218628000000000
0.00340276000000000
0.00325565000000000
0.00434561000000000
0.00911468000000000
0.0153229000000000
0.0173244000000000
0.0114157000000000
-0.000684291000000000
-0.0133014000000000
-0.0209850000000000
-0.0217749000000000
-0.0173930000000000
-0.0106751000000000
-0.00278794000000000
0.00653096000000000
0.0156967000000000
0.0204725000000000
0.0187633000000000
0.0140412000000000
0.0107566000000000
0.00754350000000000
-0.000421966000000000
-0.0129876000000000
-0.0231645000000000
-0.0249708000000000
-0.0191779000000000
-0.0107931000000000
-0.00388148000000000
0.000123614000000000
0.00229722000000000
0.00552878000000000
0.0115215000000000
0.0170656000000000
0.0160806000000000
0.00673683000000000
-0.00568797000000000
-0.0146181000000000
-0.0182823000000000
-0.0183673000000000
-0.0151714000000000
-0.00784230000000000
0.00141270000000000
0.00756495000000000
0.00811322000000000
0.00572664000000000
0.00411522000000000
0.00364544000000000
0.00230322000000000
-0.000372893000000000
-0.00266821000000000
-0.00330948000000000
-0.00284327000000000
-0.00202916000000000
-0.000439472000000000
0.00200450000000000
0.00354272000000000
0.00248658000000000
2.71475000000000e-05
-0.000805174000000000
0.00126588000000000
0.00467114000000000
0.00699531000000000
0.00708595000000000
0.00554701000000000
0.00449958000000000
0.00518023000000000
0.00521791000000000
0.000616261000000000
-0.00758997000000000
-0.0125344000000000
-0.00962792000000000
-0.00242303000000000
0.00275785000000000
0.00456334000000000
0.00601114000000000
0.00877371000000000
0.0114071000000000
0.0111777000000000
0.00582672000000000
-0.00390349000000000
-0.0128339000000000
-0.0154373000000000
-0.0120905000000000
-0.00737981000000000
-0.00319239000000000
0.00237020000000000
0.00871081000000000
0.0114071000000000
0.00835125000000000
0.00298581000000000
-0.000893597000000000
-0.00324000000000000
-0.00542663000000000
-0.00695814000000000
-0.00667028000000000
-0.00462275000000000
-0.00200514000000000
-0.000129626000000000
4.97215000000000e-05
-0.00141356000000000
-0.00354480000000000
-0.00558761000000000
-0.00725758000000000
-0.00724542000000000
-0.00348161000000000
0.00370191000000000
0.0102298000000000
0.0123128000000000
0.0102948000000000
0.00731476000000000
0.00500153000000000
0.00229779000000000
-0.00212809000000000
-0.00733978000000000
-0.0104521000000000
-0.00941490000000000
-0.00514764000000000
-0.000163558000000000
0.00486857000000000
0.0111090000000000
0.0176704000000000
0.0202752000000000
0.0158676000000000
0.00672232000000000
-0.00222081000000000
-0.00870223000000000
-0.0136366000000000
-0.0176060000000000
-0.0195389000000000
-0.0185425000000000
-0.0148254000000000
-0.00890166000000000
-0.00134837000000000
0.00624146000000000
0.0113113000000000
0.0119740000000000
0.00881731000000000
0.00471160000000000
0.00203631000000000
0.000416626000000000
-0.00199163000000000
-0.00515000000000000
-0.00696393000000000
-0.00667478000000000
-0.00635955000000000
-0.00734192000000000
-0.00728974000000000
-0.00345802000000000
0.00218278000000000
0.00472103000000000
0.00304442000000000
0.00210322000000000
0.00623617000000000
0.0129047000000000
0.0151099000000000
0.00974372000000000
0.000571921000000000
-0.00675020000000000
-0.0102412000000000
-0.0114286000000000
-0.0118432000000000
-0.0116830000000000
-0.0100983000000000
-0.00606761000000000
0.000637756000000000
0.00784015000000000
0.0120540000000000
0.0112356000000000
0.00662181000000000
0.00134043000000000
-0.00173580000000000
-0.00159619000000000
0.000537395000000000
0.00246370000000000
0.00355702000000000
0.00501189000000000
0.00688044000000000
0.00667257000000000
0.00248422000000000
-0.00404782000000000
-0.00938774000000000
-0.0115036000000000
-0.0102377000000000
-0.00593237000000000
0.000347124000000000
0.00605675000000000
0.00877442000000000
0.00825975000000000
0.00603902000000000
0.00353672000000000
0.00128611000000000
-0.000667257000000000
-0.00251896000000000
-0.00439021000000000
-0.00581986000000000
-0.00548289000000000
-0.00267665000000000
0.00131899000000000
0.00423067000000000
0.00567110000000000
0.00706293000000000
0.00863218000000000
0.00790735000000000
0.00311869000000000
-0.00358690000000000
-0.00793737000000000
-0.00849207000000000
-0.00768790000000000
-0.00813037000000000
-0.00926694000000000
-0.00852209000000000
-0.00481217000000000
0.000189342000000000
0.00418935000000000
0.00648535000000000
0.00708974000000000
0.00529632000000000
0.000898887000000000
-0.00385896000000000
-0.00605682000000000
-0.00553979000000000
-0.00487036000000000
-0.00606454000000000
-0.00875870000000000
-0.0110583000000000
-0.0104964000000000
-0.00567453000000000
0.00163773000000000
0.00674769000000000
0.00691503000000000
0.00404024000000000
0.00172386000000000
0.000717323000000000
-0.000249758000000000
-0.00151999000000000
-0.00203560000000000
-0.00140698000000000
-6.69723000000000e-05
0.00176153000000000
0.00382951000000000
0.00552070000000000
0.00664812000000000
0.00782228000000000
0.00883018000000000
0.00840129000000000
0.00602015000000000
0.00303613000000000
0.000719682000000000
-0.00115222000000000
-0.00311283000000000
-0.00504942000000000
-0.00690074000000000
-0.00823545000000000
-0.00692461000000000
-0.00121634000000000
0.00683748000000000
0.0128403000000000
0.0150627000000000
0.0148811000000000
0.0126759000000000
0.00738052000000000
-6.10378000000000e-07
-0.00634475000000000
-0.0105579000000000
-0.0140176000000000
-0.0170806000000000
-0.0181071000000000
-0.0157933000000000
-0.0101462000000000
-0.00206733000000000
0.00595882000000000
0.0105522000000000
0.0108238000000000
0.00957216000000000
0.00921690000000000
0.00864719000000000
0.00578068000000000
0.000986596000000000
-0.00384302000000000
-0.00779155000000000
-0.0107645000000000
-0.0120476000000000
-0.0104342000000000
-0.00564380000000000
0.000748060000000000
0.00601414000000000
0.00847920000000000
0.00894813000000000
0.00917687000000000
0.00910253000000000
0.00705721000000000
0.00280467000000000
-0.00138132000000000
-0.00320075000000000
-0.00263604000000000
-0.00125215000000000
-0.000488852000000000
-0.000798669000000000
-0.00200815000000000
-0.00355595000000000
-0.00466506000000000
-0.00435898000000000
-0.00230415000000000
0.000746559000000000
0.00363458000000000
0.00613809000000000
0.00826404000000000
0.00861931000000000
0.00525293000000000
-0.00127596000000000
-0.00762428000000000
-0.0109982000000000
-0.0110747000000000
-0.00866720000000000
-0.00440623000000000
0.000629085000000000
0.00502347000000000
0.00807533000000000
0.00954000000000000
0.00808391000000000
0.00261775000000000
-0.00473855000000000
-0.00966223000000000
-0.0104543000000000
-0.00942920000000000
-0.00871795000000000
-0.00725400000000000
-0.00328667000000000
0.00164287000000000
0.00430351000000000
0.00401308000000000
0.00298445000000000
0.00257843000000000
0.00240130000000000
0.00228342000000000
0.00320669000000000
0.00504599000000000
0.00583651000000000
0.00383873000000000
-9.02390000000000e-05
-0.00365223000000000
-0.00544272000000000
-0.00588834000000000
-0.00588419000000000
-0.00493627000000000
-0.00148118000000000
0.00467293000000000
0.0107816000000000
0.0137396000000000
0.0130383000000000
0.0102884000000000
0.00631287000000000
0.00141913000000000
-0.00283226000000000
-0.00433503000000000
-0.00339676000000000
-0.00225004000000000
-0.00206841000000000
-0.00170142000000000
-0.000146367000000000
0.00199928000000000
0.00350005000000000
0.00403809000000000
0.00391422000000000
0.00332377000000000
0.00203795000000000
8.23545000000000e-05
-0.00157003000000000
-0.00166596000000000
-0.000582050000000000
-0.000632431000000000
-0.00335801000000000
-0.00701897000000000
-0.00821758000000000
-0.00591393000000000
-0.00225862000000000
0.000417684000000000
0.00168912000000000
0.00220794000000000
0.00222216000000000
0.00161221000000000
0.000633117000000000
-0.000136023000000000
-0.000448972000000000
-0.000559840000000000
-0.000778869000000000
-0.00107716000000000
-0.00105050000000000
-0.000621229000000000
-0.000355974000000000
-0.000844132000000000
-0.00183873000000000
-0.00252539000000000
-0.00231287000000000
-0.00140169000000000
-0.000283355000000000
0.000873154000000000
0.00227149000000000
0.00384402000000000
0.00511190000000000
0.00545873000000000
0.00470738000000000
0.00301504000000000
0.000908609000000000
-0.000789448000000000
-0.00116523000000000
-0.000147482000000000
0.00153315000000000
0.00291340000000000
0.00334615000000000
0.00256006000000000
0.00106415000000000
-0.000234962000000000
-0.00107295000000000
-0.00198899000000000
-0.00269630000000000
-0.00169727000000000
0.00138611000000000
0.00430151000000000
0.00470681000000000
0.00308388000000000
0.00158268000000000
0.00118203000000000
0.00126752000000000
0.00114571000000000
0.000658829000000000
-3.92815000000000e-05
-0.000657414000000000
-0.000974444000000000
-0.00125558000000000
-0.00196318000000000
-0.00286636000000000
-0.00350791000000000
-0.00403323000000000
-0.00475685000000000
-0.00491775000000000
-0.00367918000000000
-0.00146324000000000
0.000279638000000000
0.000984880000000000
0.00120883000000000
0.00163994000000000
0.00217656000000000
0.00219722000000000
0.00117088000000000
-0.000612987000000000
-0.00225304000000000
-0.00363379000000000
-0.00564144000000000
-0.00795738000000000
-0.00808033000000000
-0.00440158000000000
0.000750419000000000
0.00375931000000000
0.00436641000000000
0.00501611000000000
0.00611286000000000
0.00538803000000000
0.00216162000000000
-0.00112370000000000
-0.00239415000000000
-0.00240773000000000
-0.00243003000000000
-0.00167726000000000
0.00131556000000000
0.00574916000000000
0.00865291000000000
0.00788519000000000
0.00420658000000000
0.000162057000000000
-0.00221166000000000
-0.00266449000000000
-0.00205754000000000
-0.00114450000000000
8.30336000000000e-05
0.00171957000000000
0.00326823000000000
0.00371149000000000
0.00258694000000000
0.000443489000000000
-0.00185510000000000
-0.00395139000000000
-0.00548589000000000
-0.00545044000000000
-0.00322885000000000
0.000224897000000000
0.00284406000000000
0.00361864000000000
0.00299024000000000
0.00181586000000000
0.000243368000000000
-0.00153887000000000
-0.00310983000000000
-0.00421794000000000
-0.00500089000000000
-0.00504549000000000
-0.00357317000000000
-0.000798741000000000
0.00146388000000000
0.00171907000000000
0.000545158000000000
-0.000228728000000000
0.000141291000000000
0.000923977000000000
0.00116273000000000
0.000537688000000000
-0.000538675000000000
-0.00109696000000000
-0.000523814000000000
0.000306951000000000
-0.000302962000000000
-0.00258122000000000
-0.00472918000000000
-0.00495185000000000
-0.00317631000000000
-0.000175095000000000
0.00321033000000000
0.00599670000000000
0.00714285000000000
0.00650594000000000
0.00431852000000000
0.000680138000000000
-0.00369712000000000
-0.00681446000000000
-0.00738481000000000
-0.00626848000000000
-0.00460709000000000
-0.00186318000000000
0.00245534000000000
0.00655970000000000
0.00816540000000000
0.00734121000000000
0.00565831000000000
0.00358154000000000
0.000743628000000000
-0.00224089000000000
-0.00424925000000000
-0.00520776000000000
-0.00552992000000000
-0.00487772000000000
-0.00281632000000000
-0.000163458000000000
0.00157754000000000
0.00180864000000000
0.00103713000000000
-5.82686000000000e-05
-0.00106916000000000
-0.00135787000000000
-0.000509081000000000
0.00112742000000000
0.00259630000000000
0.00325958000000000
0.00295707000000000
0.00180378000000000
7.33335000000000e-05
-0.00144415000000000
-0.00158912000000000
2.28593000000000e-05
0.00231380000000000
0.00366810000000000
0.00354058000000000
0.00263705000000000
0.00162500000000000
0.000234661000000000
-0.00166267000000000
-0.00305986000000000
-0.00283970000000000
-0.00133428000000000
0.000347260000000000
0.00182029000000000
0.00336595000000000
0.00457235000000000
0.00459558000000000
0.00337624000000000
0.00183645000000000
0.000625411000000000
-0.000190979000000000
-0.000603237000000000
-0.000527438000000000
-0.000221258000000000
-0.000205754000000000
-0.000875727000000000
-0.00240594000000000
-0.00449115000000000
-0.00635890000000000
-0.00743985000000000
-0.00781085000000000
-0.00726115000000000
-0.00496021000000000
-0.000938345000000000
0.00296551000000000
0.00489295000000000
0.00483462000000000
0.00361478000000000
0.00120662000000000
-0.00249287000000000
-0.00616948000000000
-0.00812966000000000
-0.00805031000000000
-0.00649558000000000
-0.00377032000000000
-0.000541734000000000
0.00177240000000000
0.00236892000000000
0.00207999000000000
0.00186883000000000
0.00160584000000000
0.000936773000000000
0.000565902000000000
0.000932055000000000
0.00113985000000000
7.73722000000000e-05
-0.00170270000000000
-0.00280646000000000
-0.00277207000000000
-0.00240416000000000
-0.00249959000000000
-0.00305822000000000
-0.00351770000000000
-0.00296815000000000
-0.000935200000000000
0.00201858000000000
0.00440558000000000
0.00536244000000000
0.00503648000000000
0.00397483000000000
0.00229457000000000
0.000466578000000000
-0.000689187000000000
-0.000876871000000000
-0.000896600000000000
-0.00120126000000000
-0.00122978000000000
-0.000441659000000000
0.000680316000000000
0.00133364000000000
0.00154551000000000
0.00178562000000000
0.00227313000000000
0.00283055000000000
0.00324679000000000
0.00314535000000000
0.00231445000000000
0.00123735000000000
0.000739053000000000
0.000935343000000000
0.00105665000000000
0.000566488000000000
-8.65219000000000e-05
-0.000284456000000000
-0.000234611000000000
-0.000555351000000000
-0.000896671000000000
-0.000221423000000000
0.00157811000000000
0.00294399000000000
0.00246277000000000
0.000543678000000000
-0.00117223000000000
-0.00178305000000000
-0.00149155000000000
-0.000943849000000000
-0.000642188000000000
-0.000800313000000000
-0.000997318000000000
-0.000829264000000000
-0.000789520000000000
-0.00187569000000000
-0.00406211000000000
-0.00609728000000000
-0.00690796000000000
-0.00630829000000000
-0.00438514000000000
-0.00142492000000000
0.00164366000000000
0.00388555000000000
0.00514914000000000
0.00537324000000000
0.00412166000000000
0.00160284000000000
-0.00100947000000000
-0.00290439000000000
-0.00437163000000000
-0.00536888000000000
-0.00502705000000000
-0.00316687000000000
-0.00111541000000000
0.000357139000000000
0.00207763000000000
0.00482397000000000
0.00769862000000000
0.00911254000000000
0.00822330000000000
0.00513949000000000
0.000758067000000000
-0.00323699000000000
-0.00527509000000000
-0.00519246000000000
-0.00388577000000000
-0.00209221000000000
4.21587000000000e-05
0.00227134000000000
0.00434582000000000
0.00600285000000000
0.00698080000000000
0.00679823000000000
0.00550433000000000
0.00358197000000000
0.00120140000000000
-0.00189206000000000
-0.00515743000000000
-0.00719253000000000
-0.00759283000000000
-0.00731119000000000
-0.00672117000000000
-0.00463776000000000
-0.000380328000000000
0.00459866000000000
0.00801314000000000
0.00887593000000000
0.00750419000000000
0.00453961000000000
0.000744414000000000
-0.00280103000000000
-0.00515793000000000
-0.00590299000000000
-0.00529847000000000
-0.00426055000000000
-0.00348411000000000
-0.00241266000000000
0.000167154000000000
0.00373272000000000
0.00615068000000000
0.00625289000000000
0.00510032000000000
0.00364237000000000
0.00178898000000000
-0.000203281000000000
-0.00100075000000000
-0.000374159000000000
0.000235955000000000
-0.000263504000000000
-0.00113263000000000
-0.00169191000000000
-0.00224282000000000
-0.00282647000000000
-0.00246928000000000
-0.000947709000000000
0.000448743000000000
0.000563894000000000
-8.47563000000000e-05
-0.000126995000000000
0.000728331000000000
0.00139612000000000
0.000713770000000000
-0.00108874000000000
-0.00256006000000000
-0.00262697000000000
-0.00168683000000000
-0.000916686000000000
-0.000930840000000000
-0.00157296000000000
-0.00223231000000000
-0.00200050000000000
3.75288000000000e-05
0.00348897000000000
0.00624911000000000
0.00633739000000000
0.00403381000000000
0.00119225000000000
-0.000957788000000000
-0.00264262000000000
-0.00441909000000000
-0.00610057000000000
-0.00688766000000000
-0.00602994000000000
-0.00325050000000000
0.00105465000000000
0.00544579000000000
0.00796382000000000
0.00739911000000000
0.00441902000000000
0.000975158000000000
-0.00133057000000000
-0.00237206000000000
-0.00304785000000000
-0.00372429000000000
-0.00369141000000000
-0.00215025000000000
0.000256085000000000
0.00189463000000000
0.00196047000000000
0.00142385000000000
0.00147746000000000
0.00189435000000000
0.00161442000000000
0.000487751000000000
-0.000735837000000000
-0.00153029000000000
-0.00197684000000000
-0.00210272000000000
-0.00176504000000000
-0.000994387000000000
5.58804000000000e-05
0.00152350000000000
0.00352292000000000
0.00529432000000000
0.00579141000000000
0.00507072000000000
0.00427820000000000
0.00375931000000000
0.00222860000000000
-0.00129254000000000
-0.00546380000000000
-0.00783872000000000
-0.00757424000000000
-0.00552285000000000
-0.00239193000000000
0.00151249000000000
0.00515286000000000
0.00718395000000000
0.00734192000000000
0.00623738000000000
0.00389198000000000
0.000283141000000000
-0.00338696000000000
-0.00541577000000000
-0.00552528000000000
-0.00445198000000000
-0.00254619000000000
-0.000139168000000000
0.00170771000000000
0.00229229000000000
0.00231659000000000
0.00267257000000000
0.00296701000000000
0.00224296000000000
0.000304907000000000
-0.00228714000000000
-0.00476707000000000
-0.00605811000000000
-0.00563493000000000
-0.00430915000000000
-0.00324250000000000
-0.00216576000000000
-0.000323721000000000
0.00191908000000000
0.00368076000000000
0.00486057000000000
0.00527566000000000
0.00395789000000000
0.000915257000000000
-0.00198892000000000
-0.00348561000000000
-0.00432066000000000
-0.00510439000000000
-0.00471875000000000
-0.00266507000000000
-0.000390735000000000
0.000911325000000000
0.00173701000000000
0.00234783000000000
0.00197369000000000
0.000984094000000000
0.000884162000000000
0.00173902000000000
0.00203988000000000
0.00173844000000000
0.00232360000000000
0.00381550000000000
0.00438235000000000
0.00341513000000000
0.00226148000000000
0.00145773000000000
9.30983000000000e-05
-0.00178241000000000
-0.00259959000000000
-0.00171257000000000
-0.000105186000000000
0.00140577000000000
0.00275199000000000
0.00346917000000000
0.00285542000000000
0.00158440000000000
0.000887093000000000
0.000512562000000000
-0.000929910000000000
-0.00321727000000000
-0.00461653000000000
-0.00435526000000000
-0.00342521000000000
-0.00230501000000000
-0.000388398000000000
0.00215769000000000
0.00385646000000000
0.00420358000000000
0.00427177000000000
0.00435326000000000
0.00298037000000000
-0.000677815000000000
-0.00492040000000000
-0.00746845000000000
-0.00771863000000000
-0.00628678000000000
-0.00338060000000000
0.000726472000000000
0.00485392000000000
0.00756924000000000
0.00827834000000000
0.00693276000000000
0.00338796000000000
-0.00179413000000000
-0.00689595000000000
-0.0100590000000000
-0.0108124000000000
-0.00952499000000000
-0.00652946000000000
-0.00216727000000000
0.00233017000000000
0.00545616000000000
0.00675942000000000
0.00703198000000000
0.00683855000000000
0.00570534000000000
0.00306558000000000
-0.000473826000000000
-0.00350891000000000
-0.00516465000000000
-0.00574344000000000
-0.00583272000000000
-0.00541491000000000
-0.00405639000000000
-0.00180628000000000
0.000674312000000000
0.00267808000000000
0.00389856000000000
0.00430508000000000
0.00395703000000000
0.00297444000000000
0.00169155000000000
0.000386218000000000
-0.000688308000000000
-0.00113235000000000
-0.000496750000000000
0.00101240000000000
0.00252267000000000
0.00335966000000000
0.00354808000000000
0.00307780000000000
0.00146996000000000
-0.00138639000000000
-0.00429064000000000
-0.00588548000000000
-0.00595095000000000
-0.00519875000000000
-0.00381014000000000
-0.00178012000000000
0.000475299000000000
0.00229386000000000
0.00371757000000000
0.00482597000000000
0.00518831000000000
0.00446842000000000
0.00338789000000000
0.00258879000000000
0.00167826000000000
0.000223896000000000
-0.00115908000000000
-0.00193416000000000
-0.00270888000000000
-0.00401115000000000
-0.00524750000000000
-0.00568383000000000
-0.00547974000000000
-0.00458150000000000
-0.00216312000000000
0.00172472000000000
0.00526902000000000
0.00685527000000000
0.00685370000000000
0.00613559000000000
0.00463804000000000
0.00211208000000000
-0.000559655000000000
-0.00240795000000000
-0.00336280000000000
-0.00389685000000000
-0.00400357000000000
-0.00370420000000000
-0.00344179000000000
-0.00343493000000000
-0.00302755000000000
-0.00167575000000000
6.07562000000000e-05
0.00112556000000000
0.00139640000000000
0.00166253000000000
0.00222216000000000
0.00239036000000000
0.00169591000000000
0.000699781000000000
-4.45941000000000e-06
-0.000668665000000000
-0.00177805000000000
-0.00299338000000000
-0.00367018000000000
-0.00369727000000000
-0.00341613000000000
-0.00293434000000000
-0.00225454000000000
-0.00142071000000000
-0.000432488000000000
0.000665584000000000
0.00160034000000000
0.00221116000000000
0.00260745000000000
0.00247993000000000
0.00123593000000000
-0.000907465000000000
-0.00255999000000000
-0.00300982000000000
-0.00283491000000000
-0.00252060000000000
-0.00136173000000000
0.000956573000000000
0.00325608000000000
0.00411858000000000
0.00340212000000000
0.00200664000000000
0.000625297000000000
-0.000487129000000000
-0.00140491000000000
-0.00191293000000000
-0.00153279000000000
-7.24256000000000e-05
0.00168683000000000
0.00277987000000000
0.00312019000000000
0.00306301000000000
0.00229529000000000
0.000278844000000000
-0.00229822000000000
-0.00413495000000000
-0.00486378000000000
-0.00493319000000000
-0.00412537000000000
-0.00196390000000000
0.000997389000000000
0.00342135000000000
0.00462796000000000
0.00470159000000000
0.00366696000000000
0.00173044000000000
-0.000184610000000000
-0.00118932000000000
-0.00150305000000000
-0.00174438000000000
-0.00176982000000000
-0.00111777000000000
-0.000144315000000000
0.000298874000000000
-2.24668000000000e-05
-0.000634003000000000
-0.00113935000000000
-0.00131734000000000
-0.000952213000000000
-6.18449000000000e-05
0.000872224000000000
0.00159341000000000
0.00236563000000000
0.00331956000000000
0.00389828000000000
0.00347489000000000
0.00218592000000000
0.000842202000000000
1.71042000000000e-05
-0.000266885000000000
-0.000274384000000000
-0.000133214000000000
6.10271000000000e-06
7.18895000000000e-05
1.63079000000000e-06
-4.65884000000000e-05
5.80263000000000e-05
0.000311769000000000
0.000604402000000000
0.000966581000000000
0.00131906000000000
0.00126209000000000
0.000506329000000000
-0.000552371000000000
-0.00106859000000000
-0.000757996000000000
-0.000147661000000000
0.000292262000000000
0.000762213000000000
0.00154780000000000
0.00235240000000000
0.00253904000000000
0.00181343000000000
0.000408177000000000
-0.00116280000000000
-0.00239436000000000
-0.00286093000000000
-0.00247542000000000
-0.00146474000000000
-0.000218792000000000
0.000992743000000000
0.00178912000000000
0.00181243000000000
0.00107080000000000
8.01243000000000e-05
-0.000785445000000000
-0.00159226000000000
-0.00237885000000000
-0.00259144000000000
-0.00186447000000000
-0.000814681000000000
-0.000370113000000000
-0.000455512000000000
-0.000435211000000000
-0.000213617000000000
-0.000228564000000000
-0.000592729000000000
-0.000899102000000000
-0.000944922000000000
-0.000742198000000000
-0.000225362000000000
0.000514757000000000
0.000777153000000000
0.000251088000000000
-0.000489288000000000
-0.000916829000000000
-0.00134250000000000
-0.00198020000000000
-0.00233089000000000
-0.00191686000000000
-0.00110054000000000
-0.000342621000000000
0.000478830000000000
0.00150191000000000
0.00215304000000000
0.00198070000000000
0.00135123000000000
0.000720539000000000
-2.20472000000000e-05
-0.000888594000000000
-0.00135244000000000
-0.00110640000000000
-0.000551198000000000
-0.000263826000000000
-0.000293584000000000
-0.000431430000000000
-0.000654640000000000
-0.000965580000000000
-0.00110082000000000
-0.000859643000000000
-0.000549190000000000
-0.000582629000000000
-0.000905749000000000
-0.00100883000000000
-0.000936487000000000
-0.00146703000000000
-0.00287158000000000
-0.00381364000000000
-0.00288452000000000
-0.000678165000000000
0.000909967000000000
0.00128775000000000
0.00151077000000000
0.00219193000000000
0.00265763000000000
0.00235884000000000
0.00152150000000000
0.000252289000000000
-0.00152192000000000
-0.00307716000000000
-0.00328403000000000
-0.00205647000000000
-0.000354909000000000
0.00116787000000000
0.00253797000000000
0.00362000000000000
0.00395796000000000
0.00347324000000000
0.00248150000000000
0.00130469000000000
0.000241281000000000
-0.000195260000000000
0.000226419000000000
0.00112613000000000
0.00186282000000000
0.00235969000000000
0.00289738000000000
0.00319596000000000
0.00244290000000000
0.000535186000000000
-0.00136624000000000
-0.00228807000000000
-0.00242017000000000
-0.00213767000000000
-0.000831622000000000
0.00179470000000000
0.00448336000000000
0.00572836000000000
0.00565409000000000
0.00501661000000000
0.00367511000000000
0.00138318000000000
-0.000868007000000000
-0.00204532000000000
-0.00235798000000000
-0.00225204000000000
-0.00134451000000000
0.000430765000000000
0.00194317000000000
0.00249658000000000
0.00251981000000000
0.00237728000000000
0.00169763000000000
0.000803316000000000
0.000494370000000000
0.000659930000000000
0.000341513000000000
-0.000468429000000000
-0.000925621000000000
-0.000961791000000000
-0.00119768000000000
-0.00156667000000000
-0.00145766000000000
-0.00104135000000000
-0.000961505000000000
-0.00122878000000000
-0.00131091000000000
-0.00102076000000000
-0.000587540000000000
-0.000122063000000000
0.000374380000000000
0.000920975000000000
0.00144587000000000
0.00155860000000000
0.000668200000000000
-0.00115258000000000
-0.00289424000000000
-0.00375981000000000
-0.00387640000000000
-0.00371457000000000
-0.00314257000000000
-0.00180106000000000
0.000106458000000000
0.00184910000000000
0.00290167000000000
0.00328103000000000
0.00314350000000000
0.00242224000000000
0.000747631000000000
-0.00173923000000000
-0.00402258000000000
-0.00503598000000000
-0.00489388000000000
-0.00437899000000000
-0.00366389000000000
-0.00217742000000000
0.000128067000000000
0.00227863000000000
0.00321341000000000
0.00277593000000000
0.00152800000000000
7.74937000000000e-05
-0.00118653000000000
-0.00209621000000000
-0.00249673000000000
-0.00206254000000000
-0.000530190000000000
0.00160584000000000
0.00313906000000000
0.00336259000000000
0.00268258000000000
0.00178126000000000
0.000695513000000000
-0.000558833000000000
-0.00147954000000000
-0.00160799000000000
-0.00131534000000000
-0.00103342000000000
-0.000582415000000000
0.000253597000000000
0.000876871000000000
0.000849136000000000
0.000689309000000000
0.000939417000000000
0.00124307000000000
0.00134365000000000
0.00189506000000000
0.00319146000000000
0.00410672000000000
0.00356867000000000
0.00210672000000000
0.000777582000000000
-0.000516422000000000
-0.00212631000000000
-0.00337917000000000
-0.00338661000000000
-0.00245562000000000
-0.00128267000000000
0.000172593000000000
0.00197498000000000
0.00331334000000000
0.00344072000000000
0.00269766000000000
0.00171214000000000
0.000529082000000000
-0.000894098000000000
-0.00207441000000000
-0.00258365000000000
-0.00247342000000000
-0.00187219000000000
-0.000841416000000000
0.000185582000000000
0.000658007000000000
0.000623159000000000
0.000536016000000000
0.000460488000000000
6.21294000000000e-05
-0.000567968000000000
-0.000848135000000000
-0.000463054000000000
0.000167390000000000
0.000496665000000000
0.000441359000000000
0.000301640000000000
0.000215132000000000
2.60045000000000e-05
-0.000328625000000000
-0.000644597000000000
-0.000730332000000000
-0.000645833000000000
-0.000442860000000000
-0.000101383000000000
0.000199535000000000
7.31119000000000e-05
-0.000555130000000000
-0.00130219000000000
-0.00176797000000000
-0.00194353000000000
-0.00196333000000000
-0.00178862000000000
-0.00118124000000000
-0.000191122000000000
0.000723041000000000
0.00100833000000000
0.000585081000000000
-0.000194045000000000
-0.000952070000000000
-0.00154044000000000
-0.00183030000000000
-0.00168312000000000
-0.00117266000000000
-0.000572865000000000
-7.25972000000000e-05
5.50948000000000e-05
-0.000517816000000000
-0.00161714000000000
-0.00232474000000000
-0.00224082000000000
-0.00209535000000000
-0.00246320000000000
-0.00237513000000000
-0.000712104000000000
0.00182401000000000
0.00338839000000000
0.00343164000000000
0.00290403000000000
0.00235455000000000
0.00130555000000000
-0.000365381000000000
-0.00185367000000000
-0.00249801000000000
-0.00246063000000000
-0.00202816000000000
-0.00119825000000000
-0.000116394000000000
0.000666334000000000
0.000772864000000000
0.000383680000000000
-3.46059000000000e-05
-0.000252668000000000
-0.000424925000000000
-0.000789948000000000
-0.00127703000000000
-0.00148375000000000
-0.00126316000000000
-0.000977017000000000
-0.000876227000000000
-0.000451538000000000
0.000725686000000000
0.00214461000000000
0.00293498000000000
0.00311876000000000
0.00319060000000000
0.00293877000000000
0.00164709000000000
-0.000435247000000000
-0.00198206000000000
-0.00226848000000000
-0.00199163000000000
-0.00208528000000000
-0.00233032000000000
-0.00176546000000000
-2.14989000000000e-05
0.00213696000000000
0.00365395000000000
0.00417884000000000
0.00407362000000000
0.00353257000000000
0.00231352000000000
0.000412180000000000
-0.00141227000000000
-0.00227213000000000
-0.00214075000000000
-0.00176432000000000
-0.00156839000000000
-0.00112884000000000
1.84166000000000e-05
0.00155795000000000
0.00262518000000000
0.00269109000000000
0.00197955000000000
0.00108238000000000
0.000517795000000000
0.000334751000000000
7.26544000000000e-05
-0.000693398000000000
-0.00154509000000000
-0.00167797000000000
-0.00103041000000000
-0.000384395000000000
-0.000120004000000000
0.000157311000000000
0.000596554000000000
0.000746487000000000
0.000567804000000000
0.000588076000000000
0.000760426000000000
0.000470474000000000
-0.000215025000000000
-0.000531948000000000
-0.000346080000000000
-0.000197319000000000
-0.000152521000000000
0.000228271000000000
0.000765430000000000
0.000785374000000000
0.000219436000000000
-0.000487458000000000
-0.00110325000000000
-0.00150927000000000
-0.00126559000000000
-0.000445348000000000
0.000278651000000000
0.000438364000000000
0.000407484000000000
0.000452546000000000
0.000360556000000000
-5.89320000000000e-05
-0.000638414000000000
-0.00135337000000000
-0.00215776000000000
-0.00254047000000000
-0.00193488000000000
-0.000524242000000000
0.00116351000000000
0.00268165000000000
0.00362407000000000
0.00347331000000000
0.00226470000000000
0.000550748000000000
-0.00104249000000000
-0.00226319000000000
-0.00290310000000000
-0.00284663000000000
-0.00219429000000000
-0.00118167000000000
9.98390000000000e-05
0.00143350000000000
0.00229372000000000
0.00237356000000000
0.00189799000000000
0.00119911000000000
0.000376818000000000
-0.000388755000000000
-0.000763572000000000
-0.000650351000000000
-0.000298845000000000
6.20093000000000e-05
0.000481267000000000
0.00109446000000000
0.00170413000000000
0.00191729000000000
0.00146338000000000
0.000451631000000000
-0.000806103000000000
-0.00185203000000000
-0.00238850000000000
-0.00241109000000000
-0.00219807000000000
-0.00202866000000000
-0.00177633000000000
-0.000989955000000000
0.000476164000000000
0.00189435000000000
0.00232002000000000
0.00164273000000000
0.000759211000000000
0.000256721000000000
-0.000323113000000000
-0.00147096000000000
-0.00257736000000000
-0.00259659000000000
-0.00152014000000000
-0.000286657000000000
0.000491253000000000
0.00111998000000000
0.00186597000000000
0.00234933000000000
0.00204882000000000
0.00107280000000000
4.86772000000000e-05
-0.000510711000000000
-0.000601422000000000
-0.000525265000000000
-0.000420358000000000
-0.000274527000000000
-0.000120197000000000
2.32238000000000e-05
0.000305472000000000
0.000837127000000000
0.00134093000000000
0.00155423000000000
0.00156274000000000
0.00162786000000000
0.00148919000000000
0.000839771000000000
3.45023000000000e-05
-0.000206926000000000
0.000128954000000000
0.000484034000000000
0.000835554000000000
0.00164738000000000
0.00279002000000000
0.00332863000000000
0.00287622000000000
0.00210686000000000
0.00165131000000000
0.00123964000000000
0.000555573000000000
-5.25114000000000e-05
-0.000220529000000000
-0.000263411000000000
-0.000687286000000000
-0.00142392000000000
-0.00205740000000000
-0.00227456000000000
-0.00200264000000000
-0.00120526000000000
-6.09978000000000e-05
0.00116930000000000
0.00227527000000000
0.00306244000000000
0.00316322000000000
0.00245956000000000
0.00132471000000000
0.000222567000000000
-0.000748274000000000
-0.00166410000000000
-0.00244040000000000
-0.00283176000000000
-0.00259230000000000
-0.00178405000000000
-0.000849422000000000
-0.000406561000000000
-0.000601200000000000
-0.00105243000000000
-0.00122921000000000
-0.00105686000000000
-0.000688901000000000
-0.000219643000000000
0.000341663000000000
0.000881731000000000
0.00116959000000000
0.00104593000000000
0.000578290000000000
9.06893000000000e-05
-0.000394846000000000
-0.00120433000000000
-0.00233310000000000
-0.00308753000000000
-0.00287951000000000
-0.00194324000000000
-0.000871724000000000
4.69208000000000e-05
0.000779369000000000
0.00124736000000000
0.00155809000000000
0.00183587000000000
0.00176403000000000
0.000928552000000000
-0.000355159000000000
-0.00139076000000000
-0.00204660000000000
-0.00263797000000000
-0.00304671000000000
-0.00275942000000000
-0.00177240000000000
-0.000612780000000000
0.000386904000000000
0.00120476000000000
0.00176654000000000
0.00218170000000000
0.00267779000000000
0.00304678000000000
0.00263533000000000
0.00140355000000000
0.000177340000000000
-0.000444383000000000
-0.000883447000000000
-0.00157404000000000
-0.00207126000000000
-0.00180771000000000
-0.00112742000000000
-0.000719110000000000
-0.000452532000000000
0.000213345000000000
0.00103542000000000
0.00120662000000000
0.000690360000000000
0.000185517000000000
-3.27967000000000e-05
-0.000446613000000000
-0.00131170000000000
-0.00206140000000000
-0.00197348000000000
-0.00118589000000000
-0.000372793000000000
0.000110132000000000
0.000524843000000000
0.00108045000000000
0.00151778000000000
0.00131313000000000
0.000423074000000000
-0.000685370000000000
-0.00171457000000000
-0.00271475000000000
-0.00345780000000000
-0.00345795000000000
-0.00276128000000000
-0.00204539000000000
-0.00153644000000000
-0.000740912000000000
0.000515622000000000
0.00144751000000000
0.00143929000000000
0.00101998000000000
0.000985523000000000
0.00120040000000000
0.000916400000000000
3.97369000000000e-05
-0.000836340000000000
-0.00122785000000000
-0.00121019000000000
-0.000906750000000000
-0.000244812000000000
0.000760784000000000
0.00172215000000000
0.00219600000000000
0.00213445000000000
0.00189420000000000
0.00174888000000000
0.00150491000000000
0.000892525000000000
8.11107000000000e-05
-0.000492025000000000
-0.000737338000000000
-0.000815110000000000
-0.000722541000000000
-0.000213310000000000
0.000531369000000000
0.00100397000000000
0.00106944000000000
0.00112920000000000
0.00129390000000000
0.00134772000000000
0.00124636000000000
0.00100761000000000
0.000445340000000000
-0.000490782000000000
-0.00122256000000000
-0.00120647000000000
-0.000739839000000000
-0.000472454000000000
-0.000310618000000000
0.000241760000000000
0.00102641000000000
0.00158747000000000
0.00190957000000000
0.00219114000000000
0.00209864000000000
0.00136702000000000
0.000460716000000000
3.10968000000000e-05
-0.000175810000000000
-0.000859572000000000
-0.00189606000000000
-0.00231159000000000
-0.00171514000000000
-0.000819685000000000
-0.000356996000000000
-0.000150727000000000
0.000102770000000000
0.000187769000000000
-8.77300000000000e-05
-0.000300196000000000
-0.000127395000000000
5.07609000000000e-05
-0.000107781000000000
-0.000274584000000000
-2.98645000000000e-05
0.000354351000000000
0.000500139000000000
0.000552721000000000
0.000787661000000000
0.00102827000000000
0.00102605000000000
0.000785517000000000
0.000298638000000000
-0.000428335000000000
-0.00106737000000000
-0.00128811000000000
-0.00123621000000000
-0.00112570000000000
-0.000755851000000000
7.85731000000000e-05
0.000955787000000000
0.00129976000000000
0.00122013000000000
0.00126280000000000
0.00149541000000000
0.00149734000000000
0.00111326000000000
0.000608177000000000
0.000209221000000000
-0.000129740000000000
-0.000517216000000000
-0.000904606000000000
-0.00122899000000000
-0.00143650000000000
-0.00135065000000000
-0.000715679000000000
0.000322277000000000
0.00120490000000000
0.00151135000000000
0.00137188000000000
0.00115358000000000
0.00101991000000000
0.000713806000000000
-0.000113456000000000
-0.00144415000000000
-0.00263254000000000
-0.00301690000000000
-0.00252675000000000
-0.00165888000000000
-0.000638792000000000
0.000602765000000000
0.00176239000000000
0.00215261000000000
0.00184388000000000
0.00151699000000000
0.00134093000000000
0.000817040000000000
7.47917000000000e-05
-0.000248443000000000
-0.000115079000000000
-0.000243682000000000
-0.000753564000000000
-0.00106887000000000
-0.00104092000000000
-0.00114636000000000
-0.00129583000000000
-0.000817326000000000
0.000295485000000000
0.00122656000000000
0.00157311000000000
0.00168312000000000
0.00172065000000000
0.00139626000000000
0.000627827000000000
-0.000193223000000000
-0.000750991000000000
-0.000945279000000000
-0.000784087000000000
-0.000324157000000000
0.000171686000000000
0.000531391000000000
0.000645369000000000
0.000369805000000000
-0.000383537000000000
-0.00120883000000000
-0.00161528000000000
-0.00173401000000000
-0.00201236000000000
-0.00230837000000000
-0.00211430000000000
-0.00161671000000000
-0.00142642000000000
-0.00151142000000000
-0.00120104000000000
-0.000439336000000000
0.000146746000000000
0.000222938000000000
0.000187898000000000
0.000310054000000000
0.000426605000000000
0.000292326000000000
-2.84577000000000e-05
-0.000373966000000000
-0.000565638000000000
-0.000617119000000000
-0.000730547000000000
-0.00100868000000000
-0.00108210000000000
-0.000597812000000000
0.000194817000000000
0.000756995000000000
0.00102305000000000
0.00125909000000000
0.00134301000000000
0.00103878000000000
0.000515915000000000
0.000192759000000000
-3.38175000000000e-05
-0.000420465000000000
-0.000845204000000000
-0.000818613000000000
-0.000260509000000000
0.000377611000000000
0.000763500000000000
0.00102126000000000
0.00135194000000000
0.00164973000000000
0.00169262000000000
0.00129633000000000
0.000483948000000000
-0.000448900000000000
-0.00112706000000000
-0.00137939000000000
-0.00134636000000000
-0.00122735000000000
-0.000928338000000000
-0.000249730000000000
0.000613009000000000
0.00110926000000000
0.00105279000000000
0.000748131000000000
0.000581964000000000
0.000531491000000000
0.000300882000000000
-0.000219078000000000
-0.000720110000000000
-0.000832695000000000
-0.000500203000000000
4.36555000000000e-06
0.000356538000000000
0.000493169000000000
0.000591800000000000
0.000701010000000000
0.000623738000000000
0.000194960000000000
-0.000407519000000000
-0.000762142000000000
-0.000702025000000000
-0.000397019000000000
-0.000105593000000000
0.000107695000000000
0.000192994000000000
0.000192944000000000
0.000213009000000000
0.000335673000000000
0.000357954000000000
0.000116323000000000
-0.000154916000000000
-0.000121019000000000
9.73872000000000e-05
0.000161099000000000
0.000111076000000000
0.000191043000000000
0.000306572000000000
6.62360000000000e-05
-0.000523878000000000
-0.000999748000000000
-0.00102098000000000
-0.000794452000000000
-0.000581028000000000
-0.000394517000000000
-0.000141649000000000
8.89166000000000e-05
0.000130097000000000
-9.07251000000000e-05
-0.000456006000000000
-0.000773293000000000
-0.000947852000000000
-0.00102605000000000
-0.00104085000000000
-0.000824546000000000
-5.51341000000000e-05
0.000991814000000000
0.00152457000000000
0.00111541000000000
0.000424439000000000
0.000135266000000000
9.32198000000000e-05
-0.000197398000000000
-0.000458672000000000
-0.000156632000000000
0.000388820000000000
0.000582686000000000
0.000616447000000000
0.00100297000000000
0.00138289000000000
0.00112263000000000
0.000408327000000000
-7.96739000000000e-05
-0.000217763000000000
-0.000201179000000000
0.000128396000000000
0.000838985000000000
0.00134801000000000
0.00110840000000000
0.000410093000000000
-0.000141327000000000
-0.000457821000000000
-0.000719253000000000
-0.000884591000000000
-0.000771506000000000
-0.000403488000000000
-1.25930000000000e-05
0.000103635000000000
-4.29314000000000e-05
-7.47845000000000e-05
0.000193781000000000
0.000261296000000000
-0.000302769000000000
-0.00102570000000000
-0.00111827000000000
-0.000691811000000000
-0.000317616000000000
5.41327000000000e-05
0.000757067000000000
0.00141363000000000
0.00148089000000000
0.00123156000000000
0.00115973000000000
0.00109053000000000
0.000748060000000000
0.000381993000000000
0.000108982000000000
-0.000433589000000000
-0.00112935000000000
-0.00121562000000000
-0.000593766000000000
-0.000155524000000000
-0.000312756000000000
-0.000388276000000000
4.41137000000000e-05
0.000527238000000000
0.000629943000000000
0.000501375000000000
0.000263847000000000
-0.000149012000000000
-0.000514457000000000
-0.000494299000000000
-0.000244168000000000
-5.94445000000000e-05
0.000158268000000000
0.000475091000000000
0.000530676000000000
0.000196905000000000
-8.75441000000000e-05
-7.97740000000000e-05
-0.000104778000000000
-0.000387690000000000
-0.000555494000000000
-0.000461024000000000
-0.000466692000000000
-0.000629221000000000
-0.000439815000000000
0.000114171000000000
0.000412166000000000
0.000370370000000000
0.000608570000000000
0.00116602000000000
0.00119225000000000
0.000447928000000000
-0.000140941000000000
1.15780000000000e-05
0.000356274000000000
0.000375431000000000
0.000474570000000000
0.000976803000000000
0.00141220000000000
0.00131884000000000
0.000966223000000000
0.000703098000000000
0.000419371000000000
5.69376000000000e-05
-9.38059000000000e-05
0.000106230000000000
0.000485764000000000
0.000871652000000000
0.00123614000000000
0.00140419000000000
0.00135573000000000
0.00133457000000000
0.00143293000000000
0.00124958000000000
0.000644561000000000
0.000220951000000000
0.000468629000000000
0.000937202000000000
0.000901746000000000
0.000404002000000000
-1.39154000000000e-05
-0.000292512000000000
-0.000667414000000000
-0.00102877000000000
-0.00105908000000000
-0.000973300000000000
-0.00102034000000000
-0.000962435000000000
-0.000505521000000000
1.36259000000000e-05
0.000192523000000000
0.000235662000000000
0.000419979000000000
0.000437520000000000
0.000100161000000000
5.34057000000000e-06
0.000440608000000000
0.000638385000000000
9.11396000000000e-05
-0.000625747000000000
-0.000915614000000000
-0.00102241000000000
-0.00116602000000000
-0.00108167000000000
-0.000723970000000000
-0.000465534000000000
-0.000211630000000000
0.000429386000000000
0.000986167000000000
0.000738696000000000
5.82622000000000e-05
-0.000290746000000000
-0.000527795000000000
-0.00102391000000000
-0.00122435000000000
-0.000744772000000000
-0.000283577000000000
-0.000412545000000000
-0.000513298000000000
-0.000127338000000000
0.000213388000000000
0.000126137000000000
0.000103370000000000
0.000337410000000000
0.000329961000000000
7.12733000000000e-05
3.88720000000000e-05
0.000178855000000000
-8.57856000000000e-05
-0.000598055000000000
-0.000859715000000000
-0.000844060000000000
-0.000794809000000000
-0.000493319000000000
8.26762000000000e-05
0.000496486000000000
0.000606061000000000
0.000833410000000000
0.00118460000000000
0.00103370000000000
0.000184867000000000
-0.000643782000000000
-0.000870437000000000
-0.000757281000000000
-0.000724900000000000
-0.000614195000000000
-0.000184438000000000
0.000429800000000000
0.000975016000000000
0.00145588000000000
0.00182351000000000
0.00178777000000000
0.00112105000000000
0.000143286000000000
-0.000546037000000000
-0.000800456000000000
-0.000984380000000000
-0.00117345000000000
-0.00103192000000000
-0.000633160000000000
-0.000517952000000000
-0.000765502000000000
-0.000872081000000000
-0.000776796000000000
-0.000957860000000000
-0.00135451000000000
-0.00124214000000000
-0.000575181000000000
-0.000171843000000000
-0.000357804000000000
-0.000591307000000000
-0.000618020000000000
-0.000773150000000000
-0.00105343000000000
-0.00109847000000000
-0.00113835000000000
-0.00159033000000000
-0.00195954000000000
-0.00143372000000000
-0.000496622000000000
-0.000187526000000000
-0.000385896000000000
-0.000141277000000000
0.000509031000000000
0.000639443000000000
6.52167000000000e-05
-0.000469988000000000
-0.000564923000000000
-0.000560555000000000
-0.000705078000000000
-0.000831051000000000
-0.000837127000000000
-0.000770291000000000
-0.000760069000000000
-0.000883518000000000
-0.00104843000000000
-0.000824188000000000
-0.000134122000000000
0.000379891000000000
0.000258801000000000
4.92726000000000e-05
0.000330426000000000
0.000622595000000000
0.000157418000000000
-0.000738553000000000
-0.00123421000000000
-0.00118567000000000
-0.00104092000000000
-0.000799313000000000
-0.000371307000000000
-7.79941000000000e-05
-0.000174988000000000
-0.000252568000000000
2.35798000000000e-05
0.000301561000000000
0.000267993000000000
0.000331369000000000
0.000973586000000000
0.00180928000000000
0.00208592000000000
0.00171950000000000
0.00125172000000000
0.000872224000000000
0.000303520000000000
-0.000391657000000000
-0.000618256000000000
-0.000222767000000000
0.000148061000000000
5.66302000000000e-05
-1.13471000000000e-05
0.000394753000000000
0.000928338000000000
0.00112742000000000
0.00121798000000000
0.00143307000000000
0.00138032000000000
0.000754565000000000
2.80960000000000e-05
-0.000292826000000000
-0.000410443000000000
-0.000598755000000000
-0.000635333000000000
-0.000355952000000000
-1.56338000000000e-05
0.000225948000000000
0.000574859000000000
0.00104478000000000
0.00132592000000000
0.00127703000000000
0.00118067000000000
0.00130319000000000
0.00148847000000000
0.00132714000000000
0.000712798000000000
6.50187000000000e-05
-0.000114300000000000
1.17502000000000e-05
-2.03895000000000e-05
-0.000176461000000000
0.000156331000000000
0.000858142000000000
0.00112906000000000
0.000708945000000000
0.000393159000000000
0.000532985000000000
0.000479838000000000
-0.000181371000000000
-0.000869294000000000
-0.00104164000000000
-0.000963578000000000
-0.000933199000000000
-0.000749418000000000
-0.000224189000000000
0.000374573000000000
0.000745272000000000
0.000895099000000000
0.000829335000000000
0.000451881000000000
-0.000140226000000000
-0.000625204000000000
-0.000904034000000000
-0.00111984000000000
-0.00131498000000000
-0.00133185000000000
-0.00101626000000000
-0.000501447000000000
-0.000117745000000000
-3.72708000000000e-05
-0.000104407000000000
-0.000155481000000000
-0.000196354000000000
-0.000189227000000000
-3.33535000000000e-05
0.000191429000000000
0.000269130000000000
0.000257007000000000
0.000346545000000000
0.000395074000000000
0.000118381000000000
-0.000274863000000000
-0.000379541000000000
-0.000336552000000000
-0.000551291000000000
-0.000799027000000000
-0.000553986000000000
5.13842000000000e-05
0.000341920000000000
0.000195182000000000
0.000130362000000000
0.000459744000000000
0.000811322000000000
0.000745272000000000
0.000271925000000000
-0.000113885000000000
-5.69583000000000e-05
0.000212180000000000
0.000167254000000000
-0.000147510000000000
-0.000269151000000000
-0.000189020000000000
-0.000244412000000000
-0.000313027000000000
-2.10851000000000e-05
0.000364694000000000
0.000368990000000000
0.000352342000000000
0.000847063000000000
0.00129604000000000
0.000788018000000000
-0.000205504000000000
-0.000557725000000000
-0.000300139000000000
-0.000231287000000000
-0.000336816000000000
-8.50923000000000e-05
0.000228128000000000
8.77371000000000e-05
-0.000126380000000000
0.000193581000000000
0.000655441000000000
0.000618163000000000
0.000375524000000000
0.000403666000000000
0.000371628000000000
-0.000108953000000000
-0.000543192000000000
-0.000487722000000000
-0.000346652000000000
-0.000492126000000000
-0.000536323000000000
-0.000190621000000000
4.11765000000000e-05
-0.000213796000000000
-0.000522026000000000
-0.000362843000000000
-5.11526000000000e-05
-1.12334000000000e-05
-0.000107423000000000
1.49319000000000e-05
0.000241002000000000
0.000277393000000000
3.57310000000000e-05
-0.000236034000000000
-0.000188698000000000
0.000223088000000000
0.000545515000000000
0.000379355000000000
-4.46649000000000e-05
-0.000216562000000000
-0.000124572000000000
-8.92668000000000e-05
-0.000139176000000000
-4.71860000000000e-05
1.15086000000000e-05
-0.000257293000000000
-0.000608119000000000
-0.000386954000000000
0.000386239000000000
0.00100275000000000
0.000969583000000000
0.000664026000000000
0.000736909000000000
0.00116816000000000
0.00121341000000000
0.000515429000000000
-0.000238514000000000
-0.000324364000000000
-5.20761000000000e-05
-0.000169813000000000
-0.000548382000000000
-0.000449694000000000
0.000157454000000000
0.000408191000000000
-6.43081000000000e-05
-0.000578976000000000
-0.000296165000000000
0.000571321000000000
0.00113485000000000
0.000785945000000000
4.77429000000000e-06
-0.000343007000000000
-5.93794000000000e-05
0.000150112000000000
-6.25354000000000e-05
-0.000212638000000000
6.12130000000000e-05
0.000342842000000000
0.000216341000000000
-7.95596000000000e-05
-0.000202251000000000
-0.000252639000000000
-0.000346223000000000
-0.000271260000000000
6.88380000000000e-05
0.000392108000000000
0.000555187000000000
0.000670030000000000
0.000694313000000000
0.000437027000000000
-2.64720000000000e-05
-0.000448593000000000
-0.000681903000000000
-0.000712476000000000
-0.000505972000000000
-0.000158512000000000
0.000183373000000000
0.000447485000000000
0.000679823000000000
0.000776510000000000
0.000639815000000000
0.000352106000000000
1.25737000000000e-05
-0.000348775000000000
-0.000525622000000000
-0.000301147000000000
5.64108000000000e-05
9.38059000000000e-05
-7.71935000000000e-05
1.58240000000000e-05
0.000409135000000000
0.000693498000000000
0.000731548000000000
0.000568962000000000
0.000247450000000000
-0.000115579000000000
-0.000143250000000000
0.000102984000000000
0.000136574000000000
-0.000151085000000000
-0.000171779000000000
0.000269030000000000
0.000517838000000000
0.000264670000000000
4.51767000000000e-05
0.000295957000000000
0.000597218000000000
0.000566288000000000
0.000398513000000000
0.000339047000000000
0.000148575000000000
-0.000300718000000000
-0.000745129000000000
-0.000930983000000000
-0.000950712000000000
-0.000792951000000000
-0.000473476000000000
-0.000308174000000000
-0.000615518000000000
-0.000913755000000000
-0.000675527000000000
-0.000231159000000000
-0.000244219000000000
-0.000411901000000000
-0.000100025000000000
0.000433096000000000
0.000364044000000000
-0.000149219000000000
-0.000301769000000000
-7.83015000000000e-06
1.43615000000000e-05
-0.000393316000000000
-0.000736694000000000
-0.000718824000000000
-0.000641123000000000
-0.000715250000000000
-0.000793022000000000
-0.000656248000000000
-0.000418349000000000
-0.000318874000000000
-0.000367582000000000
-0.000301576000000000
6.30558000000000e-06
0.000262818000000000
0.000241638000000000
0.000123071000000000
0.000204203000000000
0.000374766000000000
0.000448707000000000
0.000446606000000000
0.000464912000000000
0.000466621000000000
0.000448622000000000
0.000413202000000000
0.000240201000000000
-2.45484000000000e-05
-7.60784000000000e-05
0.000182858000000000
0.000395982000000000
0.000291897000000000
2.20737000000000e-06
-0.000292433000000000
-0.000463790000000000
-0.000298938000000000
0.000164244000000000
0.000385839000000000
9.42634000000000e-05
-0.000236820000000000
-0.000109761000000000
0.000209764000000000
0.000264955000000000
0.000174438000000000
0.000297530000000000
0.000489252000000000
0.000441652000000000
0.000288209000000000
0.000273133000000000
0.000410414000000000
0.000403838000000000
5.45608000000000e-06
-0.000683104000000000
-0.00104707000000000
-0.000693255000000000
9.57002000000000e-05
0.000653754000000000
0.000641809000000000
0.000285742000000000
-7.38267000000000e-05
-0.000190750000000000
-5.07387000000000e-05
0.000119296000000000
-2.94885000000000e-06
-0.000370434000000000
-0.000687436000000000
-0.000763929000000000
-0.000601979000000000
-0.000360248000000000
-0.000177733000000000
-0.000112184000000000
-4.75327000000000e-05
0.000127045000000000
0.000422502000000000
0.000730118000000000
0.000952928000000000
0.000945922000000000
0.000589570000000000
0.000142006000000000
-1.75331000000000e-05
6.34768000000000e-05
-5.94359000000000e-05
-0.000400671000000000
-0.000637570000000000
-0.000617784000000000
-0.000461453000000000
-0.000163830000000000
0.000247106000000000
0.000447842000000000
0.000266642000000000
6.81524000000000e-05
0.000271146000000000
0.000594288000000000
0.000515657000000000
0.000138103000000000
-9.27337000000000e-05
-0.000129375000000000
-0.000305972000000000
-0.000588162000000000
-0.000700317000000000
-0.000593287000000000
-0.000488001000000000
-0.000356917000000000
4.79738000000000e-05
0.000626140000000000
0.000893240000000000
0.000625332000000000
0.000210844000000000
6.73862000000000e-05
0.000101583000000000
4.46163000000000e-05
-7.95238000000000e-05
2.41888000000000e-05
0.000303105000000000
0.000468108000000000
0.000428485000000000
0.000447099000000000
0.000515379000000000
0.000395024000000000
0.000117960000000000
4.89423000000000e-05
0.000246377000000000
0.000368433000000000
0.000251967000000000
8.22687000000000e-05
-0.000117345000000000
-0.000467979000000000
-0.000685627000000000
-0.000469230000000000
-0.000244319000000000
-0.000519632000000000
-0.000825118000000000
-0.000454555000000000
0.000187998000000000
0.000189899000000000
-0.000237099000000000
-0.000202859000000000
0.000157804000000000
-1.82351000000000e-05
-0.000640472000000000
-0.000917401000000000
-0.000800099000000000
-0.000729046000000000
-0.000563858000000000
1.16351000000000e-05
0.000492497000000000
0.000257521000000000
-0.000234018000000000
-0.000245083000000000
-5.88297000000000e-05
-0.000344922000000000
-0.000813609000000000
-0.000851566000000000
-0.000642838000000000
-0.000696814000000000
-0.000754851000000000
-0.000239422000000000
0.000596303000000000
0.000926622000000000
0.000554208000000000
0.000100847000000000
1.55860000000000e-05
0.000130483000000000
0.000166117000000000
0.000143929000000000
9.21618000000000e-05
-8.97743000000000e-05
-0.000376010000000000
-0.000530540000000000
-0.000460152000000000
-0.000327888000000000
-0.000271746000000000
-0.000178920000000000
-1.88848000000000e-05
6.04445000000000e-05
-3.24143000000000e-05
-3.07938000000000e-05
0.000143772000000000
0.000219257000000000
-3.04599000000000e-05
-0.000322663000000000
-0.000378054000000000
-0.000329897000000000
-0.000437935000000000
-0.000649601000000000
-0.000734407000000000
-0.000622573000000000
-0.000333064000000000
0.000102377000000000
0.000498609000000000
0.000516901000000000
0.000217591000000000
2.13531000000000e-05
2.64691000000000e-05
-0.000125072000000000
-0.000491582000000000
-0.000696807000000000
-0.000609235000000000
-0.000495928000000000
-0.000491003000000000
-0.000316101000000000
0.000102055000000000
0.000473755000000000
0.000533714000000000
0.000346388000000000
-5.71814000000000e-05
-0.000524836000000000
-0.000798097000000000
-0.000746559000000000
-0.000619621000000000
-0.000493884000000000
-0.000196311000000000
0.000214711000000000
0.000242095000000000
-0.000179992000000000
-0.000485613000000000
-0.000345980000000000
-0.000194896000000000
-0.000369984000000000
-0.000610078000000000
-0.000510017000000000
-0.000192780000000000
-2.59480000000000e-05
-0.000126009000000000
-0.000344644000000000
-0.000513156000000000
-0.000543314000000000
-0.000443889000000000
-0.000437106000000000
-0.000589170000000000
-0.000756209000000000
-0.000763000000000000
-0.000788304000000000
-0.000936415000000000
-0.00104299000000000
-0.000752921000000000
-0.000194603000000000
0.000174080000000000
0.000112656000000000
-2.55069000000000e-05
0.000109268000000000
0.000345359000000000
0.000357804000000000
0.000237842000000000
0.000397526000000000
0.000782157000000000
0.000974229000000000
0.000815039000000000
0.000725257000000000
0.000941776000000000
0.00121884000000000
0.00134336000000000
0.00150048000000000
0.00182730000000000
0.00199142000000000
0.00184138000000000