0.00105139000000000
0.00285666000000000
0.00411599000000000
0.00392397000000000
0.00350856000000000
0.00358108000000000
0.00391576000000000
0.00392741000000000
0.00383199000000000
0.00379560000000000
0.00306033000000000
0.00152705000000000
0.000496216000000000
0.000460842000000000
0.000588324000000000
0.000743954000000000
0.00156583000000000
0.00251615000000000
0.00259106000000000
0.00219100000000000
0.00217988000000000
0.00155934000000000
-0.00125666000000000
-0.00500623000000000
-0.00607619000000000
-0.00298542000000000
0.00172331000000000
0.00473057000000000
0.00506737000000000
0.00369158000000000
0.00132630000000000
-0.00172252000000000
-0.00426950000000000
-0.00466361000000000
-0.00300303000000000
-0.00156874000000000
-0.00232664000000000
-0.00466454000000000
-0.00603067000000000
-0.00450864000000000
-0.000592281000000000
0.00315310000000000
0.00405048000000000
0.00169989000000000
-0.00189482000000000
-0.00494747000000000
-0.00715554000000000
-0.00784317000000000
-0.00548398000000000
-0.000358995000000000
0.00473150000000000
0.00774035000000000
0.00878781000000000
0.00752953000000000
0.00230428000000000
-0.00622798000000000
-0.0138572000000000
-0.0166164000000000
-0.0136256000000000
-0.00653646000000000
0.000664895000000000
0.00196906000000000
-0.00582276000000000
-0.0185406000000000
-0.0279790000000000
-0.0293646000000000
-0.0231023000000000
-0.0122286000000000
-0.00111380000000000
0.00574508000000000
0.00672941000000000
0.00384589000000000
-0.000145983000000000
-0.00357420000000000
-0.00485762000000000
-0.00337675000000000
-0.00182442000000000
-0.00348302000000000
-0.00725228000000000
-0.00960288000000000
-0.00972344000000000
-0.00851214000000000
-0.00504593000000000
0.000796148000000000
0.00429624000000000
-0.000177678000000000
-0.0107172000000000
-0.0181291000000000
-0.0156464000000000
-0.00580609000000000
0.00362158000000000
0.00829683000000000
0.0103081000000000
0.0126169000000000
0.0143402000000000
0.0146380000000000
0.0180774000000000
0.0289464000000000
0.0416787000000000
0.0460101000000000
0.0416006000000000
0.0371104000000000
0.0338892000000000
0.0234649000000000
0.00409773000000000
-0.0134615000000000
-0.0222593000000000
-0.0287135000000000
-0.0390624000000000
-0.0482281000000000
-0.0494509000000000
-0.0444247000000000
-0.0366339000000000
-0.0248227000000000
-0.0101788000000000
-0.000625458000000000
-0.000842930000000000
-0.00580781000000000
-0.0101746000000000
-0.0158833000000000
-0.0250067000000000
-0.0331256000000000
-0.0354178000000000
-0.0323237000000000
-0.0250808000000000
-0.0131693000000000
0.000134390000000000
0.00746469000000000
0.00649411000000000
0.00290576000000000
0.00127884000000000
0.000376887000000000
-0.000393429000000000
0.00220502000000000
0.00765208000000000
0.00922042000000000
0.00348871000000000
-0.00361046000000000
-0.00532927000000000
-0.00364460000000000
-0.00513394000000000
-0.00887555000000000
-0.00412473000000000
0.0168388000000000
0.0469537000000000
0.0704001000000000
0.0793594000000000
0.0789823000000000
0.0765261000000000
0.0729172000000000
0.0673140000000000
0.0608810000000000
0.0523227000000000
0.0374544000000000
0.0178247000000000
0.000701513000000000
-0.0112150000000000
-0.0217154000000000
-0.0312253000000000
-0.0346436000000000
-0.0295644000000000
-0.0185936000000000
-0.00416244000000000
0.0102558000000000
0.0164206000000000
0.00980549000000000
-0.00127519000000000
-0.00602193000000000
-0.00637475000000000
-0.0104460000000000
-0.0151845000000000
-0.00757360000000000
0.0176381000000000
0.0506592000000000
0.0770197000000000
0.0892451000000000
0.0887290000000000
0.0830146000000000
0.0812294000000000
0.0874691000000000
0.0967289000000000
0.0990792000000000
0.0881136000000000
0.0650947000000000
0.0351875000000000
0.00122003000000000
-0.0369767000000000
-0.0784238000000000
-0.119074000000000
-0.154373000000000
-0.181132000000000
-0.197343000000000
-0.201724000000000
-0.193783000000000
-0.172146000000000
-0.135594000000000
-0.0887131000000000
-0.0453855000000000
-0.0212337000000000
-0.0224989000000000
-0.0422133000000000
-0.0664670000000000
-0.0830848000000000
-0.0871700000000000
-0.0801548000000000
-0.0655645000000000
-0.0462086000000000
-0.0237693000000000
0.00264598000000000
0.0356189000000000
0.0739772000000000
0.109706000000000
0.135118000000000
0.149635000000000
0.156292000000000
0.155948000000000
0.150284000000000
0.142754000000000
0.129918000000000
0.100493000000000
0.0524563000000000
0.00210617000000000
-0.0339978000000000
-0.0574362000000000
-0.0789134000000000
-0.0997872000000000
-0.111485000000000
-0.106167000000000
-0.0811883000000000
-0.0391669000000000
0.0104562000000000
0.0563669000000000
0.0948721000000000
0.129944000000000
0.162618000000000
0.188953000000000
0.207626000000000
0.221045000000000
0.229078000000000
0.229938000000000
0.225690000000000
0.220330000000000
0.214282000000000
0.206091000000000
0.196377000000000
0.184361000000000
0.163716000000000
0.128952000000000
0.0833071000000000
0.0352656000000000
-0.0101948000000000
-0.0526244000000000
-0.0918853000000000
-0.127523000000000
-0.160910000000000
-0.194207000000000
-0.227305000000000
-0.257663000000000
-0.282318000000000
-0.299284000000000
-0.308388000000000
-0.311697000000000
-0.311115000000000
-0.306456000000000
-0.297590000000000
-0.286910000000000
-0.276720000000000
-0.266172000000000
-0.251853000000000
-0.230692000000000
-0.200056000000000
-0.159005000000000
-0.111020000000000
-0.0641352000000000
-0.0245938000000000
0.00628171000000000
0.0286314000000000
0.0428975000000000
0.0543488000000000
0.0717089000000000
0.0965158000000000
0.119740000000000
0.133344000000000
0.140213000000000
0.146485000000000
0.148987000000000
0.137579000000000
0.109072000000000
0.0720252000000000
0.0377297000000000
0.0123059000000000
-0.00102676000000000
0.000809171000000000
0.0164259000000000
0.0371527000000000
0.0533748000000000
0.0613574000000000
0.0611841000000000
0.0516292000000000
0.0326651000000000
0.0106861000000000
-0.00468346000000000
-0.00915160000000000
-0.00506155000000000
0.00424290000000000
0.0166720000000000
0.0292243000000000
0.0383901000000000
0.0435288000000000
0.0467142000000000
0.0493120000000000
0.0509172000000000
0.0517576000000000
0.0531260000000000
0.0551018000000000
0.0558071000000000
0.0537625000000000
0.0494046000000000
0.0439337000000000
0.0377257000000000
0.0301308000000000
0.0204834000000000
0.00926952000000000
-0.00138863000000000
-0.00945016000000000
-0.0151607000000000
-0.0203934000000000
-0.0251284000000000
-0.0268674000000000
-0.0243820000000000
-0.0199341000000000
-0.0161029000000000
-0.0125180000000000
-0.00747554000000000
-0.00106751000000000
0.00498982000000000
0.00926330000000000
0.0111854000000000
0.0109960000000000
0.00958117000000000
0.00772910000000000
0.00536844000000000
0.00275661000000000
0.00129475000000000
0.00196536000000000
0.00329973000000000
0.00310029000000000
0.00126956000000000
-0.000399583000000000
-0.00106850000000000
-0.00183381000000000
-0.00423166000000000
-0.00836207000000000
-0.0127868000000000
-0.0161241000000000
-0.0187285000000000
-0.0218279000000000
-0.0253640000000000
-0.0283773000000000
-0.0315376000000000
-0.0362806000000000
-0.0404069000000000
-0.0383477000000000
-0.0283628000000000
-0.0166072000000000
-0.0106104000000000
-0.0112177000000000
-0.0135819000000000
-0.0138836000000000
-0.0116946000000000
-0.00809343000000000
-0.00471840000000000
-0.00368126000000000
-0.00537281000000000
-0.00718770000000000
-0.00627099000000000
-0.00253640000000000
0.00265775000000000
0.00901344000000000
0.0163173000000000
0.0225055000000000
0.0248479000000000
0.0223149000000000
0.0155948000000000
0.00628846000000000
-0.00261792000000000
-0.00697344000000000
-0.00426474000000000
0.00388903000000000
0.0133860000000000
0.0215566000000000
0.0285150000000000
0.0349427000000000
0.0398709000000000
0.0413399000000000
0.0389419000000000
0.0352431000000000
0.0338839000000000
0.0361880000000000
0.0399795000000000
0.0420519000000000
0.0411136000000000
0.0379123000000000
0.0335081000000000
0.0286142000000000
0.0244628000000000
0.0226616000000000
0.0240459000000000
0.0282847000000000
0.0346555000000000
0.0421617000000000
0.0493173000000000
0.0548702000000000
0.0583110000000000
0.0587252000000000
0.0540881000000000
0.0433501000000000
0.0287730000000000
0.0141470000000000
0.00144659000000000
-0.00933741000000000
-0.0176963000000000
-0.0231764000000000
-0.0274589000000000
-0.0333109000000000
-0.0406438000000000
-0.0466229000000000
-0.0499141000000000
-0.0524921000000000
-0.0561711000000000
-0.0598739000000000
-0.0615136000000000
-0.0609167000000000
-0.0595563000000000
-0.0586498000000000
-0.0582911000000000
-0.0577618000000000
-0.0563352000000000
-0.0543872000000000
-0.0533589000000000
-0.0541873000000000
-0.0563511000000000
-0.0587781000000000
-0.0606454000000000
-0.0608175000000000
-0.0579576000000000
-0.0518290000000000
-0.0432350000000000
-0.0328001000000000
-0.0215262000000000
-0.0118685000000000
-0.00553215000000000
-0.000765366000000000
0.00539623000000000
0.0132141000000000
0.0216109000000000
0.0317520000000000
0.0448561000000000
0.0580450000000000
0.0668945000000000
0.0709467000000000
0.0726538000000000
0.0724739000000000
0.0694592000000000
0.0649742000000000
0.0615983000000000
0.0593009000000000
0.0564635000000000
0.0528269000000000
0.0485246000000000
0.0421511000000000
0.0328702000000000
0.0221019000000000
0.0113650000000000
0.000625035000000000
-0.00939471000000000
-0.0165053000000000
-0.0201790000000000
-0.0231182000000000
-0.0280028000000000
-0.0348302000000000
-0.0420810000000000
-0.0486079000000000
-0.0536050000000000
-0.0563550000000000
-0.0567044000000000
-0.0554167000000000
-0.0538538000000000
-0.0532027000000000
-0.0528084000000000
-0.0499393000000000
-0.0424582000000000
-0.0316911000000000
-0.0209108000000000
-0.0119364000000000
-0.00447807000000000
0.00157337000000000
0.00541516000000000
0.00640929000000000
0.00448111000000000
-0.000369701000000000
-0.00725705000000000
-0.0138307000000000
-0.0179888000000000
-0.0198653000000000
-0.0208513000000000
-0.0211993000000000
-0.0195940000000000
-0.0152203000000000
-0.00908173000000000
-0.00303942000000000
0.00188106000000000
0.00545340000000000
0.00746217000000000
0.00780374000000000
0.00749195000000000
0.00843698000000000
0.0117110000000000
0.0164735000000000
0.0213012000000000
0.0260217000000000
0.0312954000000000
0.0370190000000000
0.0421511000000000
0.0460829000000000
0.0486834000000000
0.0491399000000000
0.0462205000000000
0.0407364000000000
0.0361999000000000
0.0356083000000000
0.0381770000000000
0.0404757000000000
0.0404532000000000
0.0387950000000000
0.0364593000000000
0.0326770000000000
0.0263698000000000
0.0182984000000000
0.0104959000000000
0.00410024000000000
-0.00123415000000000
-0.00607645000000000
-0.0104596000000000
-0.0143296000000000
-0.0177016000000000
-0.0201035000000000
-0.0206091000000000
-0.0188357000000000
-0.0154439000000000
-0.0115815000000000
-0.00806272000000000
-0.00505877000000000
-0.00219232000000000
0.000964814000000000
0.00431794000000000
0.00716467000000000
0.00894688000000000
0.00974038000000000
0.00989773000000000
0.00954121000000000
0.00876571000000000
0.00769019000000000
0.00610173000000000
0.00343762000000000
-0.000441389000000000
-0.00494178000000000
-0.00930512000000000
-0.0131097000000000
-0.0162168000000000
-0.0185975000000000
-0.0203259000000000
-0.0211053000000000
-0.0200744000000000
-0.0166971000000000
-0.0119480000000000
-0.00755719000000000
-0.00414789000000000
-0.00112075000000000
0.00177122000000000
0.00389922000000000
0.00493345000000000
0.00529870000000000
0.00542178000000000
0.00521043000000000
0.00469166000000000
0.00405525000000000
0.00317348000000000
0.00174409000000000
-4.17488000000000e-06
-0.00197264000000000
-0.00491188000000000
-0.00930948000000000
-0.0139458000000000
-0.0170492000000000
-0.0184387000000000
-0.0190739000000000
-0.0190501000000000
-0.0176209000000000
-0.0147849000000000
-0.0110790000000000
-0.00649173000000000
-0.00118336000000000
0.00323806000000000
0.00506367000000000
0.00446576000000000
0.00277381000000000
0.000641127000000000
-0.00163372000000000
-0.00314317000000000
-0.00339686000000000
-0.00333665000000000
-0.00408039000000000
-0.00514744000000000
-0.00500703000000000
-0.00282304000000000
0.000835228000000000
0.00448707000000000
0.00654917000000000
0.00656095000000000
0.00556973000000000
0.00485299000000000
0.00475241000000000
0.00527607000000000
0.00652495000000000
0.00803983000000000
0.00874453000000000
0.00826044000000000
0.00718333000000000
0.00620191000000000
0.00541066000000000
0.00470966000000000
0.00365188000000000
0.00172543000000000
-0.000806921000000000
-0.00293805000000000
-0.00462298000000000
-0.00694433000000000
-0.00992552000000000
-0.0120343000000000
-0.0125575000000000
-0.0127765000000000
-0.0137976000000000
-0.0152030000000000
-0.0162803000000000
-0.0171643000000000
-0.0181635000000000
-0.0194127000000000
-0.0209796000000000
-0.0226008000000000
-0.0237389000000000
-0.0245356000000000
-0.0256340000000000
-0.0265484000000000
-0.0258656000000000
-0.0234954000000000
-0.0210273000000000
-0.0192407000000000
-0.0175044000000000
-0.0156689000000000
-0.0141523000000000
-0.0119413000000000
-0.00731647000000000
-0.000922995000000000
0.00465501000000000
0.00849851000000000
0.0122081000000000
0.0167779000000000
0.0212443000000000
0.0244390000000000
0.0261911000000000
0.0266119000000000
0.0260680000000000
0.0257914000000000
0.0268303000000000
0.0286605000000000
0.0297523000000000
0.0294427000000000
0.0279552000000000
0.0255003000000000
0.0220238000000000
0.0179742000000000
0.0142436000000000
0.0115529000000000
0.00986279000000000
0.00862278000000000
0.00757956000000000
0.00742313000000000
0.00895455000000000
0.0115231000000000
0.0132039000000000
0.0127340000000000
0.0105536000000000
0.00771481000000000
0.00476339000000000
0.00172556000000000
-0.00119164000000000
-0.00367530000000000
-0.00552685000000000
-0.00673510000000000
-0.00716295000000000
-0.00675959000000000
-0.00579206000000000
-0.00494867000000000
-0.00477927000000000
-0.00514201000000000
-0.00537731000000000
-0.00521096000000000
-0.00511528000000000
-0.00553850000000000
-0.00635317000000000
-0.00732533000000000
-0.00861510000000000
-0.0100880000000000
-0.0108658000000000
-0.0102007000000000
-0.00852525000000000
-0.00670652000000000
-0.00479118000000000
-0.00223162000000000
0.000723786000000000
0.00314926000000000
0.00486887000000000
0.00673127000000000
0.00913811000000000
0.0112239000000000
0.0122261000000000
0.0127212000000000
0.0138413000000000
0.0154479000000000
0.0161599000000000
0.0152798000000000
0.0138108000000000
0.0129578000000000
0.0121833000000000
0.0100594000000000
0.00659774000000000
0.00347097000000000
0.00159746000000000
5.12997000000000e-06
-0.00246944000000000
-0.00532662000000000
-0.00705020000000000
-0.00697239000000000
-0.00574164000000000
-0.00414352000000000
-0.00226034000000000
2.07520000000000e-05
0.00212072000000000
0.00294903000000000
0.00201141000000000
2.99998000000000e-05
-0.00184771000000000
-0.00296518000000000
-0.00339964000000000
-0.00367676000000000
-0.00438874000000000
-0.00543276000000000
-0.00596000000000000
-0.00534092000000000
-0.00420241000000000
-0.00383490000000000
-0.00492154000000000
-0.00693970000000000
-0.00882539000000000
-0.00975414000000000
-0.00958832000000000
-0.00869411000000000
-0.00748440000000000
-0.00642199000000000
-0.00619688000000000
-0.00711902000000000
-0.00818897000000000
-0.00822391000000000
-0.00773545000000000
-0.00841024000000000
-0.0105922000000000
-0.0129725000000000
-0.0146605000000000
-0.0159415000000000
-0.0169711000000000
-0.0173456000000000
-0.0171286000000000
-0.0169711000000000
-0.0172649000000000
-0.0180179000000000
-0.0188476000000000
-0.0186425000000000
-0.0162446000000000
-0.0122391000000000
-0.00865838000000000
-0.00664617000000000
-0.00540325000000000
-0.00384774000000000
-0.00183659000000000
0.000175878000000000
0.00168401000000000
0.00208923000000000
0.00138797000000000
0.000451221000000000
8.05849000000000e-05
5.31710000000000e-05
3.98154000000000e-05
0.000548411000000000
0.00222792000000000
0.00480720000000000
0.00749380000000000
0.00981052000000000
0.0115603000000000
0.0126629000000000
0.0132788000000000
0.0136388000000000
0.0139048000000000
0.0144633000000000
0.0157324000000000
0.0172940000000000
0.0179941000000000
0.0172847000000000
0.0158092000000000
0.0143362000000000
0.0130310000000000
0.0121683000000000
0.0123713000000000
0.0133635000000000
0.0137725000000000
0.0128630000000000
0.0115078000000000
0.0106730000000000
0.0101955000000000
0.00936401000000000
0.00794362000000000
0.00612383000000000
0.00442064000000000
0.00353939000000000
0.00366789000000000
0.00400615000000000
0.00369224000000000
0.00291131000000000
0.00220516000000000
0.00148868000000000
0.000491452000000000
-0.000131399000000000
0.000339501000000000
0.00148113000000000
0.00216704000000000
0.00202518000000000
0.00139657000000000
0.000511012000000000
-0.000635609000000000
-0.00185261000000000
-0.00291290000000000
-0.00386084000000000
-0.00475744000000000
-0.00527726000000000
-0.00520209000000000
-0.00491810000000000
-0.00514360000000000
-0.00615678000000000
-0.00765618000000000
-0.00922121000000000
-0.0106572000000000
-0.0118292000000000
-0.0123159000000000
-0.0118268000000000
-0.0107641000000000
-0.0100915000000000
-0.0100240000000000
-0.00984784000000000
-0.00904719000000000
-0.00809144000000000
-0.00729000000000000
-0.00588126000000000
-0.00317215000000000
-2.35668000000000e-05
0.00196536000000000
0.00259529000000000
0.00299389000000000
0.00385912000000000
0.00480680000000000
0.00540404000000000
0.00590071000000000
0.00663029000000000
0.00726168000000000
0.00700785000000000
0.00565099000000000
0.00408291000000000
0.00359325000000000
0.00453577000000000
0.00599904000000000
0.00689695000000000
0.00688226000000000
0.00612555000000000
0.00495833000000000
0.00377284000000000
0.00287413000000000
0.00206673000000000
0.00120767000000000
0.000653832000000000
0.000917331000000000
0.00174872000000000
0.00257742000000000
0.00319545000000000
0.00353039000000000
0.00307039000000000
0.00164642000000000
0.000134906000000000
-0.000660726000000000
-0.00126014000000000
-0.00252105000000000
-0.00411626000000000
-0.00514016000000000
-0.00538671000000000
-0.00515088000000000
-0.00432310000000000
-0.00301613000000000
-0.00205297000000000
-0.00210379000000000
-0.00260680000000000
-0.00279036000000000
-0.00250014000000000
-0.00173191000000000
-0.000198455000000000
0.00171259000000000
0.00296637000000000
0.00310334000000000
0.00264121000000000
0.00205482000000000
0.00130058000000000
0.000122491000000000
-0.00185393000000000
-0.00471721000000000
-0.00752212000000000
-0.00881718000000000
-0.00861854000000000
-0.00821293000000000
-0.00785535000000000
-0.00619874000000000
-0.00290020000000000
0.000536540000000000
0.00277117000000000
0.00400417000000000
0.00475069000000000
0.00505043000000000
0.00492749000000000
0.00455615000000000
0.00397399000000000
0.00338667000000000
0.00301494000000000
0.00224446000000000
7.00653000000000e-05
-0.00300594000000000
-0.00516398000000000
-0.00567097000000000
-0.00563352000000000
-0.00573476000000000
-0.00529605000000000
-0.00385065000000000
-0.00205376000000000
-0.000389432000000000
0.00136123000000000
0.00318076000000000
0.00455430000000000
0.00519270000000000
0.00524947000000000
0.00495356000000000
0.00473851000000000
0.00481739000000000
0.00462007000000000
0.00341394000000000
0.00179927000000000
0.00129019000000000
0.00238672000000000
0.00402918000000000
0.00504130000000000
0.00511025000000000
0.00429981000000000
0.00291727000000000
0.00169354000000000
0.00113988000000000
0.000868683000000000
0.000238381000000000
-0.000892967000000000
-0.00244482000000000
-0.00410713000000000
-0.00503574000000000
-0.00442752000000000
-0.00300607000000000
-0.00244773000000000
-0.00337529000000000
-0.00454331000000000
-0.00470662000000000
-0.00387355000000000
-0.00271215000000000
-0.00154346000000000
-0.000636456000000000
-0.000399305000000000
-0.000738211000000000
-0.000877073000000000
-0.000294519000000000
0.000639843000000000
0.00127906000000000
0.00142621000000000
0.00125384000000000
0.000974197000000000
0.000981105000000000
0.00158343000000000
0.00245911000000000
0.00290086000000000
0.00285335000000000
0.00278612000000000
0.00282609000000000
0.00273279000000000
0.00270619000000000
0.00308838000000000
0.00343471000000000
0.00280002000000000
0.00111774000000000
-0.000694446000000000
-0.00184109000000000
-0.00224486000000000
-0.00228178000000000
-0.00255691000000000
-0.00351107000000000
-0.00488131000000000
-0.00586246000000000
-0.00590097000000000
-0.00516517000000000
-0.00425839000000000
-0.00371395000000000
-0.00337543000000000
-0.00233220000000000
-5.62624000000000e-05
0.00246547000000000
0.00378978000000000
0.00407563000000000
0.00467142000000000
0.00596847000000000
0.00695955000000000
0.00699171000000000
0.00635238000000000
0.00547537000000000
0.00454027000000000
0.00384364000000000
0.00350776000000000
0.00334737000000000
0.00338522000000000
0.00374664000000000
0.00389777000000000
0.00296160000000000
0.00114614000000000
-0.000427625000000000
-0.00110652000000000
-0.00105389000000000
-0.000375987000000000
0.000587146000000000
0.000723600000000000
-0.000661190000000000
-0.00261091000000000
-0.00383689000000000
-0.00464164000000000
-0.00603556000000000
-0.00772433000000000
-0.00862265000000000
-0.00875869000000000
-0.00896527000000000
-0.00919435000000000
-0.00884048000000000
-0.00820234000000000
-0.00807503000000000
-0.00817468000000000
-0.00749698000000000
-0.00606084000000000
-0.00484094000000000
-0.00416430000000000
-0.00358928000000000
-0.00310122000000000
-0.00289464000000000
-0.00243953000000000
-0.00111593000000000
0.000616684000000000
0.00191758000000000
0.00267787000000000
0.00306747000000000
0.00284740000000000
0.00233697000000000
0.00263592000000000
0.00389790000000000
0.00447159000000000
0.00316421000000000
0.000783060000000000
-0.00123564000000000
-0.00250861000000000
-0.00302089000000000
-0.00261977000000000
-0.00180126000000000
-0.00179927000000000
-0.00291105000000000
-0.00414841000000000
-0.00484121000000000
-0.00540881000000000
-0.00597627000000000
-0.00592532000000000
-0.00503098000000000
-0.00396592000000000
-0.00306681000000000
-0.00193796000000000
-0.000355713000000000
0.000983103000000000
0.00131158000000000
0.000686440000000000
-3.55779000000000e-05
-0.000126973000000000
0.000395904000000000
0.000880977000000000
0.000742485000000000
5.80807000000000e-05
-0.000554062000000000
-0.000454278000000000
0.000531366000000000
0.00235390000000000
0.00479992000000000
0.00733063000000000
0.00895839000000000
0.00919620000000000
0.00881771000000000
0.00918932000000000
0.0104452000000000
0.0111944000000000
0.0105828000000000
0.00958872000000000
0.00939286000000000
0.00933542000000000
0.00819215000000000
0.00641723000000000
0.00556298000000000
0.00569505000000000
0.00538552000000000
0.00396499000000000
0.00232135000000000
0.00130159000000000
0.000703445000000000
0.000166866000000000
-5.11396000000000e-05
0.000506737000000000
0.00168401000000000
0.00272048000000000
0.00271598000000000
0.00141165000000000
-0.000490711000000000
-0.00186280000000000
-0.00224578000000000
-0.00204053000000000
-0.00192235000000000
-0.00235152000000000
-0.00347799000000000
-0.00495581000000000
-0.00620323000000000
-0.00701407000000000
-0.00763792000000000
-0.00805240000000000
-0.00793899000000000
-0.00750928000000000
-0.00734360000000000
-0.00725731000000000
-0.00662632000000000
-0.00587490000000000
-0.00602775000000000
-0.00676250000000000
-0.00652667000000000
-0.00502013000000000
-0.00373764000000000
-0.00368033000000000
-0.00408026000000000
-0.00417382000000000
-0.00427427000000000
-0.00469669000000000
-0.00493014000000000
-0.00464998000000000
-0.00430021000000000
-0.00441984000000000
-0.00491690000000000
-0.00514942000000000
-0.00432045000000000
-0.00218623000000000
0.000439351000000000
0.00244839000000000
0.00365241000000000
0.00467049000000000
0.00578319000000000
0.00677573000000000
0.00761396000000000
0.00845643000000000
0.00895164000000000
0.00861907000000000
0.00771917000000000
0.00709453000000000
0.00711928000000000
0.00747355000000000
0.00753363000000000
0.00692051000000000
0.00577578000000000
0.00469034000000000
0.00393998000000000
0.00330661000000000
0.00266252000000000
0.00217842000000000
0.00162790000000000
0.000762376000000000
0.000390187000000000
0.00169870000000000
0.00415186000000000
0.00567732000000000
0.00527488000000000
0.00386415000000000
0.00224578000000000
0.000294533000000000
-0.00148087000000000
-0.00193611000000000
-0.00130893000000000
-0.00119394000000000
-0.00194405000000000
-0.00236965000000000
-0.00185684000000000
-0.00122261000000000
-0.00101591000000000
-0.00106843000000000
-0.00137685000000000
-0.00198971000000000
-0.00226365000000000
-0.00186187000000000
-0.00174012000000000
-0.00256498000000000
-0.00339925000000000
-0.00331468000000000
-0.00303373000000000
-0.00356083000000000
-0.00447026000000000
-0.00486238000000000
-0.00483565000000000
-0.00492379000000000
-0.00499803000000000
-0.00473494000000000
-0.00411811000000000
-0.00302526000000000
-0.00137314000000000
0.000118443000000000
0.000564384000000000
0.000206342000000000
0.000100253000000000
0.000683806000000000
0.00155723000000000
0.00214680000000000
0.00202571000000000
0.000981608000000000
-0.000449395000000000
-0.00131292000000000
-0.00150204000000000
-0.00180073000000000
-0.00231923000000000
-0.00230322000000000
-0.00167673000000000
-0.00112887000000000
-0.000719419000000000
0.000104197000000000
0.00112698000000000
0.00158383000000000
0.00175401000000000
0.00270116000000000
0.00434719000000000
0.00546783000000000
0.00580807000000000
0.00623910000000000
0.00698284000000000
0.00745794000000000
0.00773426000000000
0.00839225000000000
0.00917212000000000
0.00922280000000000
0.00848118000000000
0.00766266000000000
0.00722767000000000
0.00718069000000000
0.00747990000000000
0.00765644000000000
0.00687115000000000
0.00501814000000000
0.00319148000000000
0.00214190000000000
0.00142502000000000
0.000485920000000000
-0.000584619000000000
-0.00175693000000000
-0.00303042000000000
-0.00360305000000000
-0.00290046000000000
-0.00207189000000000
-0.00286036000000000
-0.00488819000000000
-0.00631546000000000
-0.00668548000000000
-0.00720080000000000
-0.00815946000000000
-0.00860796000000000
-0.00856098000000000
-0.00899068000000000
-0.00973826000000000
-0.00947094000000000
-0.00811420000000000
-0.00697106000000000
-0.00676316000000000
-0.00692329000000000
-0.00688213000000000
-0.00650841000000000
-0.00562028000000000
-0.00426117000000000
-0.00310823000000000
-0.00278043000000000
-0.00304207000000000
-0.00339488000000000
-0.00353833000000000
-0.00314158000000000
-0.00202650000000000
-0.000925933000000000
-0.000568182000000000
-0.000425243000000000
0.000498744000000000
0.00168043000000000
0.00193744000000000
0.00167064000000000
0.00241055000000000
0.00412433000000000
0.00517999000000000
0.00485272000000000
0.00409879000000000
0.00374928000000000
0.00367636000000000
0.00362502000000000
0.00376331000000000
0.00428711000000000
0.00529155000000000
0.00659482000000000
0.00742710000000000
0.00701301000000000
0.00593366000000000
0.00571266000000000
0.00668878000000000
0.00741228000000000
0.00685580000000000
0.00556153000000000
0.00448641000000000
0.00380010000000000
0.00349188000000000
0.00362144000000000
0.00378409000000000
0.00330952000000000
0.00221455000000000
0.00115219000000000
0.000419248000000000
1.85724000000000e-05
1.68189000000000e-05
0.000287876000000000
0.000228125000000000
-0.000288816000000000
-0.000442699000000000
0.000323647000000000
0.00121986000000000
0.00123415000000000
0.000461650000000000
-0.000519865000000000
-0.00178300000000000
-0.00345734000000000
-0.00500372000000000
-0.00566448000000000
-0.00553294000000000
-0.00528454000000000
-0.00544758000000000
-0.00601399000000000
-0.00668389000000000
-0.00694790000000000
-0.00655287000000000
-0.00594742000000000
-0.00587437000000000
-0.00638851000000000
-0.00679399000000000
-0.00647056000000000
-0.00542575000000000
-0.00401687000000000
-0.00272207000000000
-0.00209862000000000
-0.00239175000000000
-0.00296174000000000
-0.00283840000000000
-0.00183130000000000
-0.000660793000000000
-4.11335000000000e-05
3.41499000000000e-06
-5.12348000000000e-05
4.90830000000000e-05
3.61033000000000e-05
-0.000408648000000000
-0.00107000000000000
-0.00147213000000000
-0.00163001000000000
-0.00193796000000000
-0.00224949000000000
-0.00187775000000000
-0.000779169000000000
0.000294162000000000
0.000843936000000000
0.00100575000000000
0.000957416000000000
0.000937089000000000
0.00156808000000000
0.00303029000000000
0.00428763000000000
0.00418163000000000
0.00296703000000000
0.00169896000000000
0.000793263000000000
4.68492000000000e-05
-0.000687723000000000
-0.00162869000000000
-0.00295313000000000
-0.00405538000000000
-0.00400430000000000
-0.00306668000000000
-0.00237495000000000
-0.00203867000000000
-0.00124654000000000
-5.51904000000000e-05
0.000678275000000000
0.00101893000000000
0.00177929000000000
0.00289252000000000
0.00349241000000000
0.00352140000000000
0.00360014000000000
0.00369304000000000
0.00349135000000000
0.00353608000000000
0.00439192000000000
0.00542111000000000
0.00590349000000000
0.00629812000000000
0.00715369000000000
0.00781618000000000
0.00764850000000000
0.00722926000000000
0.00715740000000000
0.00690476000000000
0.00613376000000000
0.00559620000000000
0.00563219000000000
0.00527237000000000
0.00391735000000000
0.00248360000000000
0.00201128000000000
0.00236118000000000
0.00277183000000000
0.00283284000000000
0.00236224000000000
0.00138783000000000
0.000452254000000000
0.000161638000000000
0.000195332000000000
-0.000265550000000000
-0.00131988000000000
-0.00238103000000000
-0.00318777000000000
-0.00394501000000000
-0.00476935000000000
-0.00551706000000000
-0.00627999000000000
-0.00743663000000000
-0.00903541000000000
-0.0101484000000000
-0.00967844000000000
-0.00770435000000000
-0.00568275000000000
-0.00487932000000000
-0.00532040000000000
-0.00613243000000000
-0.00658106000000000
-0.00628237000000000
-0.00508233000000000
-0.00327776000000000
-0.00181568000000000
-0.00142237000000000
-0.00166217000000000
-0.00150191000000000
-0.000675429000000000
5.05176000000000e-05
-9.50799000000000e-06
-0.000513500000000000
-0.000627060000000000
-0.000179080000000000
0.000214812000000000
0.000168983000000000
-2.72419000000000e-06
0.000129925000000000
0.000266834000000000
-0.000227013000000000
-0.00112788000000000
-0.00127819000000000
-0.000194167000000000
0.00106125000000000
0.00118521000000000
0.000125641000000000
-0.00114928000000000
-0.00193611000000000
-0.00203920000000000
-0.00139485000000000
-0.000306972000000000
0.000424462000000000
0.000444578000000000
0.000406861000000000
0.000908901000000000
0.00168163000000000
0.00210061000000000
0.00198243000000000
0.00161202000000000
0.00154386000000000
0.00216665000000000
0.00314516000000000
0.00365850000000000
0.00366551000000000
0.00401092000000000
0.00499763000000000
0.00563669000000000
0.00520117000000000
0.00412420000000000
0.00316964000000000
0.00235404000000000
0.00166019000000000
0.00128804000000000
0.00131207000000000
0.00144884000000000
0.00170134000000000
0.00200797000000000
0.00190620000000000
0.00111258000000000
0.000297762000000000
0.000153314000000000
0.000355011000000000
0.000320458000000000
0.000391484000000000
0.00109519000000000
0.00193717000000000
0.00211080000000000
0.00190104000000000
0.00208486000000000
0.00239758000000000
0.00181542000000000
0.000248955000000000
-0.00136441000000000
-0.00242365000000000
-0.00303201000000000
-0.00333890000000000
-0.00358174000000000
-0.00436744000000000
-0.00571782000000000
-0.00651820000000000
-0.00590852000000000
-0.00497606000000000
-0.00523544000000000
-0.00620085000000000
-0.00613032000000000
-0.00505811000000000
-0.00460975000000000
-0.00504302000000000
-0.00477054000000000
-0.00329285000000000
-0.00236807000000000
-0.00336087000000000
-0.00520090000000000
-0.00608982000000000
-0.00571901000000000
-0.00484769000000000
-0.00392662000000000
-0.00325076000000000
-0.00315588000000000
-0.00331680000000000
-0.00292045000000000
-0.00200731000000000
-0.00140279000000000
-0.00116527000000000
-0.000561896000000000
0.000471376000000000
0.00125583000000000
0.00179358000000000
0.00266225000000000
0.00357499000000000
0.00362753000000000
0.00301229000000000
0.00272644000000000
0.00280637000000000
0.00252899000000000
0.00202518000000000
0.00200400000000000
0.00215315000000000
0.00166482000000000
0.00105364000000000
0.00184202000000000
0.00412459000000000
0.00623619000000000
0.00686916000000000
0.00641855000000000
0.00584447000000000
0.00552341000000000
0.00544017000000000
0.00567878000000000
0.00604086000000000
0.00592030000000000
0.00504514000000000
0.00406187000000000
0.00387130000000000
0.00461491000000000
0.00553731000000000
0.00583136000000000
0.00538234000000000
0.00468187000000000
0.00422027000000000
0.00405591000000000
0.00412896000000000
0.00455324000000000
0.00529063000000000
0.00565112000000000
0.00507306000000000
0.00407973000000000
0.00373327000000000
0.00403712000000000
0.00408595000000000
0.00369026000000000
0.00366366000000000
0.00422160000000000
0.00464799000000000
0.00465673000000000
0.00469100000000000
0.00449130000000000
0.00330410000000000
0.00152176000000000
0.000532795000000000
0.000412009000000000
5.79669000000000e-06
-0.000888799000000000
-0.00134588000000000
-0.00144659000000000
-0.00208962000000000
-0.00302261000000000
-0.00319968000000000
-0.00295671000000000
-0.00351570000000000
-0.00470053000000000
-0.00522644000000000
-0.00492418000000000
-0.00468769000000000
-0.00474645000000000
-0.00471575000000000
-0.00473957000000000
-0.00503508000000000
-0.00513010000000000
-0.00468889000000000
-0.00429849000000000
-0.00443427000000000
-0.00474248000000000
-0.00493834000000000
-0.00535084000000000
-0.00607844000000000
-0.00659866000000000
-0.00660501000000000
-0.00642609000000000
-0.00644634000000000
-0.00663664000000000
-0.00670308000000000
-0.00626517000000000
-0.00511382000000000
-0.00366379000000000
-0.00278149000000000
-0.00289080000000000
-0.00344080000000000
-0.00361231000000000
-0.00326347000000000
-0.00293342000000000
-0.00292627000000000
-0.00294361000000000
-0.00265246000000000
-0.00220622000000000
-0.00180298000000000
-0.00105343000000000
0.000437246000000000
0.00196814000000000
0.00225412000000000
0.00125719000000000
0.000412658000000000
0.000732202000000000
0.00161149000000000
0.00206779000000000
0.00215699000000000
0.00226630000000000
0.00197925000000000
0.000904401000000000
2.60958000000000e-05
0.000640743000000000
0.00242325000000000
0.00374902000000000
0.00392741000000000
0.00368946000000000
0.00368033000000000
0.00380645000000000
0.00411573000000000
0.00488541000000000
0.00567812000000000
0.00549072000000000
0.00411917000000000
0.00253269000000000
0.00166627000000000
0.00141536000000000
0.000995794000000000
6.33557000000000e-06
-0.00106151000000000
-0.00130138000000000
-0.000734585000000000
-0.000401369000000000
-0.000849044000000000
-0.00106465000000000
-6.05171000000000e-05
0.00151475000000000
0.00229621000000000
0.00219483000000000
0.00212747000000000
0.00220873000000000
0.00157867000000000
9.09735000000000e-05
-0.00115444000000000
-0.00125559000000000
-0.000724275000000000
-0.000588231000000000
-0.00102294000000000
-0.00135766000000000
-0.00129610000000000
-0.00120223000000000
-0.00129655000000000
-0.00126265000000000
-0.00113352000000000
-0.00155087000000000
-0.00265445000000000
-0.00340917000000000
-0.00300964000000000
-0.00200480000000000
-0.00139458000000000
-0.00126157000000000
-0.00120075000000000
-0.00120490000000000
-0.00133900000000000
-0.00131116000000000
-0.00111391000000000
-0.00124246000000000
-0.00155551000000000
-0.00100667000000000
0.000537533000000000
0.00157311000000000
0.00109109000000000
0.000207719000000000
0.000215526000000000
0.000644899000000000
0.000451777000000000
0.000124799000000000
0.000762309000000000
0.00193360000000000
0.00205932000000000
0.000724421000000000
-0.000881639000000000
-0.00168467000000000
-0.00155723000000000
-0.000916431000000000
-0.000228866000000000
-5.57198000000000e-05
-0.000587530000000000
-0.00127278000000000
-0.00114164000000000
6.87551000000000e-05
0.00156477000000000
0.00226788000000000
0.00187881000000000
0.00110734000000000
0.000881480000000000
0.00134628000000000
0.00185062000000000
0.00186094000000000
0.00144924000000000
0.000957840000000000
0.000580860000000000
0.000408952000000000
0.000407933000000000
0.000452320000000000
0.000494218000000000
0.000456766000000000
0.000124503000000000
-0.000451367000000000
-0.000480376000000000
0.000691733000000000
0.00261196000000000
0.00413558000000000
0.00480984000000000
0.00494284000000000
0.00472237000000000
0.00425257000000000
0.00401290000000000
0.00420360000000000
0.00411414000000000
0.00310797000000000
0.00156609000000000
0.000148550000000000
-0.00102553000000000
-0.00202041000000000
-0.00276548000000000
-0.00341751000000000
-0.00408780000000000
-0.00429955000000000
-0.00364526000000000
-0.00262335000000000
-0.00181873000000000
-0.00102057000000000
-4.39271000000000e-05
0.000531233000000000
0.000401356000000000
0.000195014000000000
0.000320696000000000
0.000204609000000000
-0.000529407000000000
-0.00127606000000000
-0.00144447000000000
-0.00130627000000000
-0.00135925000000000
-0.00167911000000000
-0.00211847000000000
-0.00253441000000000
-0.00286870000000000
-0.00319372000000000
-0.00339157000000000
-0.00290020000000000
-0.00148973000000000
-0.000168573000000000
-0.000123482000000000
-0.000972516000000000
-0.00118730000000000
-0.000278930000000000
0.000830080000000000
0.00146896000000000
0.00191269000000000
0.00230243000000000
0.00210352000000000
0.00119999000000000
0.000355064000000000
1.21818000000000e-05
-0.000385184000000000
-0.00129365000000000
-0.00215857000000000
-0.00218464000000000
-0.00146049000000000
-0.000703829000000000
-0.000281987000000000
-5.97548000000000e-06
0.000211040000000000
0.000392582000000000
0.000660091000000000
0.00115977000000000
0.00179438000000000
0.00231526000000000
0.00230415000000000
0.00156556000000000
0.000611007000000000
0.000467870000000000
0.00147518000000000
0.00273014000000000
0.00310612000000000
0.00246163000000000
0.00148259000000000
0.000746508000000000
0.000410302000000000
0.000338562000000000
0.000383279000000000
0.000444009000000000
0.000478324000000000
0.000423907000000000
0.000329298000000000
0.000416416000000000
0.000703525000000000
0.000848515000000000
0.000642927000000000
0.000402309000000000
0.000404532000000000
0.000564040000000000
0.000898525000000000
0.00156927000000000
0.00212893000000000
0.00175362000000000
0.000747964000000000
0.000497275000000000
0.00144739000000000
0.00242788000000000
0.00239546000000000
0.00159587000000000
0.000753033000000000
0.000259913000000000
0.000188662000000000
0.000434123000000000
0.000530201000000000
2.96716000000000e-05
-0.00106642000000000
-0.00234398000000000
-0.00323197000000000
-0.00308534000000000
-0.00199447000000000
-0.00127232000000000
-0.00193214000000000
-0.00304908000000000
-0.00309659000000000
-0.00239480000000000
-0.00239268000000000
-0.00301295000000000
-0.00283826000000000
-0.00171603000000000
-0.00100704000000000
-0.00120853000000000
-0.00144712000000000
-0.00122753000000000
-0.00108874000000000
-0.00144725000000000
-0.00211517000000000
-0.00285573000000000
-0.00343233000000000
-0.00348460000000000
-0.00318089000000000
-0.00344173000000000
-0.00444499000000000
-0.00486490000000000
-0.00368920000000000
-0.00187696000000000
-0.00103348000000000
-0.00123099000000000
-0.00138783000000000
-0.000994365000000000
-0.000424939000000000
3.54813000000000e-05
0.000345523000000000
0.000439231000000000
0.000391206000000000
0.000499432000000000
0.000660171000000000
0.000525940000000000
0.000343524000000000
0.000608188000000000
0.000800158000000000
2.38977000000000e-05
-0.00125364000000000
-0.00157112000000000
-0.000813472000000000
-0.000273385000000000
-0.000610861000000000
-0.00114806000000000
-0.00152480000000000
-0.00205919000000000
-0.00264545000000000
-0.00257465000000000
-0.00164285000000000
-0.000454120000000000
0.000329470000000000
0.000514016000000000
0.000463132000000000
0.000786316000000000
0.00169936000000000
0.00274470000000000
0.00338945000000000
0.00351385000000000
0.00308812000000000
0.00221111000000000
0.00153486000000000
0.00167011000000000
0.00215778000000000
0.00212761000000000
0.00174118000000000
0.00167024000000000
0.00181158000000000
0.00177122000000000
0.00190157000000000
0.00232558000000000
0.00222924000000000
0.00127108000000000
0.000483419000000000
0.000536196000000000
0.000755203000000000
0.000605819000000000
0.000606560000000000
0.000856931000000000
0.000409336000000000
-0.000973958000000000
-0.00197356000000000
-0.00151753000000000
-0.000174607000000000
0.000949092000000000
0.00142979000000000
0.00137010000000000
0.00100122000000000
0.000784953000000000
0.00118493000000000
0.00221482000000000
0.00328967000000000
0.00364196000000000
0.00290986000000000
0.00160513000000000
0.000703260000000000
0.000683634000000000
0.000888005000000000
0.000441719000000000
-0.000654361000000000
-0.00167329000000000
-0.00233008000000000
-0.00279883000000000
-0.00292389000000000
-0.00228602000000000
-0.00120948000000000
-0.000661785000000000
-0.000840164000000000
-0.000982587000000000
-0.000760152000000000
-0.000742869000000000
-0.00101791000000000
-0.000802898000000000
9.23630000000000e-05
0.000769098000000000
0.000810428000000000
0.000890942000000000
0.00114270000000000
0.000592638000000000
-0.000982521000000000
-0.00218861000000000
-0.00196218000000000
-0.00103378000000000
-0.000623341000000000
-0.000848766000000000
-0.00109421000000000
-0.000934482000000000
-0.000323475000000000
0.000502516000000000
0.00105222000000000
0.00109249000000000
0.000910873000000000
0.000914790000000000
0.00102570000000000
0.000909920000000000
0.000428049000000000
-0.000234477000000000
-0.000719617000000000
-0.000598395000000000
0.000165661000000000
0.000973932000000000
0.00121319000000000
0.00101558000000000
0.000905486000000000
0.00102646000000000
0.00124759000000000
0.00170333000000000
0.00252793000000000
0.00313986000000000
0.00260270000000000
0.000912289000000000
-0.000576493000000000
-0.000614501000000000
0.000496349000000000
0.00134059000000000
0.00109515000000000
0.000162988000000000
-0.000630275000000000
-0.000834328000000000
-0.000396513000000000
0.000600645000000000
0.00178498000000000
0.00263896000000000
0.00289583000000000
0.00282649000000000
0.00278295000000000
0.00287849000000000
0.00292230000000000
0.00262533000000000
0.00189165000000000
0.00110328000000000
0.000772433000000000
0.000842282000000000
0.000799497000000000
0.000454305000000000
0.000122966000000000
-0.000206872000000000
-0.000865891000000000
-0.00158303000000000
-0.00150257000000000
-0.000580847000000000
0.000338191000000000
0.000856151000000000
0.00121492000000000
0.00131198000000000
0.000943547000000000
0.000829630000000000
0.00170333000000000
0.00277368000000000
0.00263737000000000
0.00138744000000000
9.94140000000000e-05
-0.000884498000000000
-0.00172384000000000
-0.00215090000000000
-0.00221296000000000
-0.00262837000000000
-0.00335663000000000
-0.00337609000000000
-0.00272458000000000
-0.00267933000000000
-0.00322112000000000
-0.00268872000000000
-0.000729979000000000
0.000924940000000000
0.00123860000000000
0.00120531000000000
0.00179319000000000
0.00253918000000000
0.00282649000000000
0.00279459000000000
0.00271109000000000
0.00252886000000000
0.00232347000000000
0.00206382000000000
0.00141060000000000
0.000303108000000000
-0.000644171000000000
-0.000811579000000000
-0.000228429000000000
0.000761105000000000
0.00183117000000000
0.00256274000000000
0.00250729000000000
0.00179755000000000
0.00115701000000000
0.00106712000000000
0.00132908000000000
0.00139988000000000
0.000966137000000000
0.000170426000000000
-0.000489732000000000
-0.000687326000000000
-0.000567097000000000
-0.000485696000000000
-0.000560162000000000
-0.000655406000000000
-0.000566859000000000
-0.000253441000000000
3.81757000000000e-05
-0.000162856000000000
-0.000936070000000000
-0.00173191000000000
-0.00203470000000000
-0.00217803000000000
-0.00261699000000000
-0.00290774000000000
-0.00243595000000000
-0.00196139000000000
-0.00266305000000000
-0.00397585000000000
-0.00399411000000000
-0.00234835000000000
-0.000727650000000000
-0.000357989000000000
-0.000569585000000000
-0.000590534000000000
-0.000728590000000000
-0.00111702000000000
-0.000870046000000000
0.000351504000000000
0.00136891000000000
0.000940186000000000
-0.000588523000000000
-0.00193982000000000
-0.00248757000000000
-0.00245739000000000
-0.00215897000000000
-0.00170042000000000
-0.00127183000000000
-0.00102024000000000
-0.000897943000000000
-0.000735577000000000
-0.000553493000000000
-0.000465964000000000
-0.000578002000000000
-0.000840045000000000
-0.00107681000000000
-0.000906347000000000
-0.000119126000000000
0.000979914000000000
0.00144633000000000
0.000604840000000000
-0.00112390000000000
-0.00242921000000000
-0.00263010000000000
-0.00224539000000000
-0.00222038000000000
-0.00282212000000000
-0.00367028000000000
-0.00424013000000000
-0.00419566000000000
-0.00349056000000000
-0.00260879000000000
-0.00224645000000000
-0.00246904000000000
-0.00256432000000000
-0.00205733000000000
-0.00121435000000000
-0.000424158000000000
0.000341473000000000
0.000964205000000000
0.00108999000000000
0.000796175000000000
0.000768754000000000
0.00125129000000000
0.00175534000000000
0.00190792000000000
0.00192566000000000
0.00187444000000000
0.00150906000000000
0.00101872000000000
0.000992062000000000
0.00119262000000000
0.000690436000000000
-0.000413756000000000
-0.000689510000000000
0.000528282000000000
0.00210974000000000
0.00271612000000000
0.00226683000000000
0.00139075000000000
0.000496216000000000
-0.000221191000000000
-0.000623076000000000
-0.000794229000000000
-0.000934429000000000
-0.00109859000000000
-0.00138757000000000
-0.00183805000000000
-0.00205403000000000
-0.00168043000000000
-0.00133993000000000
-0.00177916000000000
-0.00240102000000000
-0.00205389000000000
-0.00105277000000000
-0.000528520000000000
-0.000413928000000000
4.91386000000000e-05
0.000478152000000000
0.000108449000000000
-0.000636403000000000