3.15616000000000e-06
1.26276000000000e-06
-7.71960000000000e-05
-0.000428687000000000
8.72083000000000e-05
0.00246000000000000
0.00364285000000000
-0.000887593000000000
-0.00455307000000000
0.00737566000000000
0.0353884000000000
0.0572437000000000
0.0571123000000000
0.0459982000000000
0.0386046000000000
0.0261299000000000
-0.00164276000000000
-0.0263072000000000
-0.0263834000000000
-0.0191434000000000
-0.0355289000000000
-0.0635959000000000
-0.0619819000000000
-0.0251489000000000
0.00995516000000000
0.0227575000000000
0.0322839000000000
0.0521259000000000
0.0655251000000000
0.0590783000000000
0.0452864000000000
0.0323863000000000
0.0108716000000000
-0.0207167000000000
-0.0463738000000000
-0.0601906000000000
-0.0710565000000000
-0.0725904000000000
-0.0450304000000000
0.00397209000000000
0.0350470000000000
0.0330561000000000
0.0245619000000000
0.0316194000000000
0.0368172000000000
0.0170067000000000
-0.0174178000000000
-0.0359163000000000
-0.0301183000000000
-0.0206326000000000
-0.0240865000000000
-0.0276467000000000
-0.00663039000000000
0.0320869000000000
0.0499551000000000
0.0333739000000000
0.0162936000000000
0.0226183000000000
0.0260354000000000
-0.00123487000000000
-0.0408910000000000
-0.0598466000000000
-0.0569928000000000
-0.0461585000000000
-0.0282824000000000
-0.00649840000000000
0.00455320000000000
0.0131162000000000
0.0440257000000000
0.0829258000000000
0.0801522000000000
0.0337376000000000
-0.00530636000000000
-0.0198998000000000
-0.0493418000000000
-0.100948000000000
-0.121001000000000
-0.0837269000000000
-0.0386033000000000
-0.0242585000000000
-0.00561602000000000
0.0508796000000000
0.102743000000000
0.0979692000000000
0.0590481000000000
0.0376104000000000
0.0282390000000000
-0.00269757000000000
-0.0440441000000000
-0.0613345000000000
-0.0619727000000000
-0.0721978000000000
-0.0749858000000000
-0.0353845000000000
0.0306397000000000
0.0691983000000000
0.0635040000000000
0.0420545000000000
0.0253590000000000
0.00947070000000000
-0.00636064000000000
-0.0171183000000000
-0.0253078000000000
-0.0331217000000000
-0.0351835000000000
-0.0277177000000000
-0.00985628000000000
0.0214009000000000
0.0539106000000000
0.0520799000000000
0.00361133000000000
-0.0401923000000000
-0.0258056000000000
0.0173495000000000
0.0193377000000000
-0.0195715000000000
-0.0368750000000000
-0.0154216000000000
-0.000343102000000000
-0.0112687000000000
-0.0165326000000000
-0.00433665000000000
-0.000364587000000000
-0.0104528000000000
-0.0121698000000000
-0.00616181000000000
-0.0115203000000000
-0.0201099000000000
-0.0119651000000000
-0.000311006000000000
-0.00583547000000000
-0.0126358000000000
-0.00117552000000000
0.00671207000000000
-0.00990158000000000
-0.0250793000000000
-0.00888840000000000
0.0198552000000000
0.0292476000000000
0.0242034000000000
0.0227693000000000
0.0191828000000000
0.00421412000000000
-0.0114040000000000
-0.0194100000000000
-0.0288103000000000
-0.0426166000000000
-0.0491632000000000
-0.0439535000000000
-0.0324506000000000
-0.0134924000000000
0.0131058000000000
0.0273381000000000
0.0103271000000000
-0.0225093000000000
-0.0362079000000000
-0.0225014000000000
-0.00515888000000000
0.000115963000000000
0.00278923000000000
0.0121742000000000
0.0235008000000000
0.0371429000000000
0.0581840000000000
0.0691339000000000
0.0377470000000000
-0.0344586000000000
-0.107062000000000
-0.159535000000000
-0.209242000000000
-0.255521000000000
-0.261982000000000
-0.223097000000000
-0.174716000000000
-0.112625000000000
0.0139796000000000
0.177855000000000
0.256269000000000
0.201704000000000
0.126439000000000
0.129831000000000
0.159312000000000
0.127550000000000
0.0528035000000000
-0.0158878000000000
-0.0936682000000000
-0.184382000000000
-0.228980000000000
-0.217082000000000
-0.231712000000000
-0.291176000000000
-0.284570000000000
-0.140020000000000
0.0704459000000000
0.273710000000000
0.474179000000000
0.639531000000000
0.672875000000000
0.573540000000000
0.456397000000000
0.383235000000000
0.310744000000000
0.211514000000000
0.0880541000000000
-0.0940964000000000
-0.322261000000000
-0.447979000000000
-0.368540000000000
-0.204947000000000
-0.101121000000000
0.00103667000000000
0.185170000000000
0.337534000000000
0.325688000000000
0.208362000000000
0.0800340000000000
-0.0840224000000000
-0.244752000000000
-0.249060000000000
-0.124661000000000
-0.130401000000000
-0.294840000000000
-0.288799000000000
0.0372230000000000
0.339281000000000
0.281156000000000
0.0171774000000000
-0.0978247000000000
-0.00821116000000000
0.0812382000000000
0.0609077000000000
-0.0161991000000000
-0.0921278000000000
-0.155726000000000
-0.184802000000000
-0.157696000000000
-0.0943761000000000
-0.0431577000000000
-0.0341553000000000
-0.0480666000000000
-0.0294446000000000
0.0368094000000000
0.0835456000000000
0.0482636000000000
-0.0214153000000000
-0.0262468000000000
0.0409921000000000
0.0883351000000000
0.0532671000000000
-0.0282732000000000
-0.0850414000000000
-0.0920950000000000
-0.0847617000000000
-0.107088000000000
-0.148320000000000
-0.139744000000000
-0.0404550000000000
0.0913700000000000
0.154032000000000
0.115627000000000
0.0437342000000000
0.0238186000000000
0.0778999000000000
0.159009000000000
0.207955000000000
0.197409000000000
0.129187000000000
0.0192353000000000
-0.0925835000000000
-0.137669000000000
-0.0848957000000000
-0.00208756000000000
0.00499328000000000
-0.0846974000000000
-0.198145000000000
-0.256388000000000
-0.223464000000000
-0.109584000000000
0.0265804000000000
0.111903000000000
0.143040000000000
0.187297000000000
0.263926000000000
0.297178000000000
0.231554000000000
0.109007000000000
-0.0134399000000000
-0.122175000000000
-0.199983000000000
-0.217056000000000
-0.202321000000000
-0.225460000000000
-0.282653000000000
-0.281970000000000
-0.167519000000000
0.00580395000000000
0.138365000000000
0.174650000000000
0.135003000000000
0.0869457000000000
0.0757252000000000
0.0738498000000000
0.0355171000000000
-0.0203608000000000
-0.0408805000000000
-0.0303468000000000
-0.0328630000000000
-0.0477344000000000
-0.0403197000000000
-0.0121255000000000
0.0122472000000000
0.0354567000000000
0.0606805000000000
0.0551464000000000
0.000622564000000000
-0.0637942000000000
-0.0952258000000000
-0.0996909000000000
-0.0990644000000000
-0.0969514000000000
-0.0921738000000000
-0.0768099000000000
-0.0209110000000000
0.0864388000000000
0.192865000000000
0.237595000000000
0.230162000000000
0.221429000000000
0.217358000000000
0.177684000000000
0.0815836000000000
-0.0459418000000000
-0.157709000000000
-0.212748000000000
-0.206064000000000
-0.179917000000000
-0.170514000000000
-0.152417000000000
-0.0781022000000000
0.0352742000000000
0.113095000000000
0.113039000000000
0.0611835000000000
0.000144616000000000
-0.0517201000000000
-0.0818791000000000
-0.0718104000000000
-0.0244805000000000
0.0234574000000000
0.0433363000000000
0.0524936000000000
0.0841602000000000
0.127378000000000
0.128450000000000
0.0620988000000000
-0.0261917000000000
-0.0705247000000000
-0.0608959000000000
-0.0417065000000000
-0.0409133000000000
-0.0360752000000000
0.00110123000000000
0.0527799000000000
0.0698024000000000
0.0274629000000000
-0.0472879000000000
-0.103846000000000
-0.111665000000000
-0.0841852000000000
-0.0649735000000000
-0.0814970000000000
-0.100656000000000
-0.0545712000000000
0.0665455000000000
0.175058000000000
0.180061000000000
0.101394000000000
0.0377129000000000
0.0344980000000000
0.0381922000000000
-0.00655789000000000
-0.0738039000000000
-0.102788000000000
-0.0931101000000000
-0.100980000000000
-0.143697000000000
-0.156711000000000
-0.0749648000000000
0.0628250000000000
0.146914000000000
0.129976000000000
0.0822363000000000
0.0914738000000000
0.158313000000000
0.210804000000000
0.190475000000000
0.0961122000000000
-0.0244332000000000
-0.108990000000000
-0.130669000000000
-0.125734000000000
-0.144183000000000
-0.180849000000000
-0.187376000000000
-0.142620000000000
-0.0705391000000000
0.00471355000000000
0.0745931000000000
0.123248000000000
0.132285000000000
0.113657000000000
0.0958798000000000
0.0805120000000000
0.0495729000000000
0.0131602000000000
0.00830256000000000
0.0440100000000000
0.0834274000000000
0.0907384000000000
0.0648172000000000
0.0161859000000000
-0.0503556000000000
-0.111619000000000
-0.131405000000000
-0.110612000000000
-0.0926741000000000
-0.0911442000000000
-0.0651810000000000
0.0117559000000000
0.0993612000000000
0.139875000000000
0.117497000000000
0.0536375000000000
-0.0217594000000000
-0.0802769000000000
-0.110831000000000
-0.127718000000000
-0.133467000000000
-0.0955685000000000
0.00330245000000000
0.116700000000000
0.184040000000000
0.198315000000000
0.185997000000000
0.149488000000000
0.0728675000000000
-0.0401437000000000
-0.157578000000000
-0.234377000000000
-0.240248000000000
-0.191342000000000
-0.131733000000000
-0.0689120000000000
0.0283047000000000
0.147111000000000
0.214915000000000
0.202006000000000
0.174506000000000
0.184946000000000
0.187008000000000
0.114298000000000
-0.0118058000000000
-0.118430000000000
-0.167716000000000
-0.169923000000000
-0.150513000000000
-0.137958000000000
-0.144051000000000
-0.139206000000000
-0.0820393000000000
0.0159469000000000
0.0956710000000000
0.124012000000000
0.124682000000000
0.123840000000000
0.107517000000000
0.0476424000000000
-0.0482137000000000
-0.130893000000000
-0.146639000000000
-0.0853540000000000
0.00487692000000000
0.0598452000000000
0.0582181000000000
0.0310402000000000
0.0208913000000000
0.0436567000000000
0.0823847000000000
0.0995096000000000
0.0633293000000000
-0.0198749000000000
-0.0947937000000000
-0.102489000000000
-0.0416999000000000
0.0297572000000000
0.0571846000000000
0.0342038000000000
-0.00819710000000000
-0.0329116000000000
-0.0235415000000000
0.000719430000000000
0.000276796000000000
-0.0366360000000000
-0.0674044000000000
-0.0411983000000000
0.0327816000000000
0.0932217000000000
0.106945000000000
0.100986000000000
0.106159000000000
0.103795000000000
0.0527681000000000
-0.0479931000000000
-0.147440000000000
-0.192629000000000
-0.178932000000000
-0.145260000000000
-0.125340000000000
-0.109184000000000
-0.0607054000000000
0.0305609000000000
0.129117000000000
0.188466000000000
0.189976000000000
0.144800000000000
0.0726784000000000
-0.00392940000000000
-0.0574958000000000
-0.0682291000000000
-0.0484567000000000
-0.0368396000000000
-0.0558936000000000
-0.0794194000000000
-0.0618860000000000
-5.84860000000000e-05
0.0559856000000000
0.0646885000000000
0.0426770000000000
0.0352439000000000
0.0521745000000000
0.0578386000000000
0.0221350000000000
-0.0351888000000000
-0.0603732000000000
-0.0294577000000000
0.0115988000000000
-0.00343181000000000
-0.0638678000000000
-0.0812987000000000
-0.0139481000000000
0.0617981000000000
0.0560092000000000
-0.00807655000000000
-0.0367043000000000
-0.00199182000000000
0.0378810000000000
0.0368474000000000
0.0125537000000000
-0.00153336000000000
0.00132048000000000
0.0111831000000000
0.0194126000000000
0.0217489000000000
0.0200272000000000
0.0197422000000000
0.0195426000000000
0.0115063000000000
-0.00837847000000000
-0.0333213000000000
-0.0497568000000000
-0.0444683000000000
-0.0220260000000000
-0.00857217000000000
-0.0212787000000000
-0.0324388000000000
-0.00281024000000000
0.0520983000000000
0.0668384000000000
0.0150815000000000
-0.0474047000000000
-0.0508836000000000
0.00498238000000000
0.0595077000000000
0.0660071000000000
0.0344429000000000
0.00577742000000000
0.000409842000000000
0.00186837000000000
-0.0125580000000000
-0.0384982000000000
-0.0531253000000000
-0.0493470000000000
-0.0373189000000000
-0.0164945000000000
0.0221875000000000
0.0611060000000000
0.0630325000000000
0.0261365000000000
-0.00573159000000000
-0.00523912000000000
0.00486234000000000
-6.83998000000000e-05
-0.00759918000000000
-0.00235467000000000
0.000442726000000000
-0.0145877000000000
-0.0325649000000000
-0.0357561000000000
-0.0320225000000000
-0.0332202000000000
-0.0321433000000000
-0.0207797000000000
-0.00448307000000000
0.0119823000000000
0.0299883000000000
0.0431944000000000
0.0421977000000000
0.0315747000000000
0.0227115000000000
0.0124465000000000
-0.00855667000000000
-0.0327895000000000
-0.0430119000000000
-0.0392743000000000
-0.0365835000000000
-0.0414478000000000
-0.0445339000000000
-0.0322760000000000
0.00303284000000000
0.0550400000000000
0.0994610000000000
0.109249000000000
0.0816099000000000
0.0424288000000000
0.0147466000000000
-0.00703027000000000
-0.0391076000000000
-0.0749976000000000
-0.0895866000000000
-0.0710579000000000
-0.0282495000000000
0.0255915000000000
0.0746352000000000
0.0931797000000000
0.0708871000000000
0.0394254000000000
0.0378376000000000
0.0479747000000000
0.0147637000000000
-0.0638520000000000
-0.120631000000000
-0.113133000000000
-0.0740179000000000
-0.0456463000000000
-0.0185170000000000
0.0317835000000000
0.0911153000000000
0.121936000000000
0.109514000000000
0.0692259000000000
0.0266986000000000
-9.60466000000000e-05
-0.0177382000000000
-0.0519919000000000
-0.104345000000000
-0.126531000000000
-0.0787168000000000
0.00825252000000000
0.0614697000000000
0.0522717000000000
0.0158353000000000
-0.00320842000000000
0.00326214000000000
0.0129285000000000
0.00154794000000000
-0.0312477000000000
-0.0549061000000000
-0.0386729000000000
0.00736620000000000
0.0401358000000000
0.0341881000000000
0.00383564000000000
-0.0249716000000000
-0.0383117000000000
-0.0319490000000000
-0.0110977000000000
0.00576652000000000
0.00597507000000000
-0.000258620000000000
0.00193982000000000
0.00737947000000000
0.00536388000000000
0.00168360000000000
0.00371547000000000
-0.00149646000000000
-0.0253183000000000
-0.0487797000000000
-0.0427256000000000
-0.00983382000000000
0.0215782000000000
0.0384325000000000
0.0520852000000000
0.0658271000000000
0.0614264000000000
0.0305766000000000
-0.00255245000000000
-0.0105569000000000
-0.00370694000000000
-0.0137958000000000
-0.0437210000000000
-0.0607895000000000
-0.0453272000000000
-0.0164551000000000
-0.000318058000000000
0.00310993000000000
0.00860855000000000
0.0217003000000000
0.0381699000000000
0.0505671000000000
0.0479865000000000
0.0268154000000000
0.00348986000000000
-0.00349550000000000
-0.00307014000000000
-0.0168898000000000
-0.0388909000000000
-0.0397077000000000
-0.0140256000000000
0.0109395000000000
0.0174112000000000
0.0158642000000000
0.0162542000000000
0.0151695000000000
0.0157000000000000
0.0271057000000000
0.0378324000000000
0.0240024000000000
-0.00970775000000000
-0.0299318000000000
-0.0252566000000000
-0.0192734000000000
-0.0266185000000000
-0.0299962000000000
-0.0166745000000000
-0.00329510000000000
-0.00731893000000000
-0.0180718000000000
-0.0167519000000000
-0.00767508000000000
-0.00967754000000000
-0.0256598000000000
-0.0383695000000000
-0.0339149000000000
-0.0180376000000000
-0.00488309000000000
0.00292200000000000
0.0154544000000000
0.0349064000000000
0.0438616000000000
0.0255665000000000
-0.00844584000000000
-0.0264005000000000
-0.0144550000000000
0.00794864000000000
0.0157998000000000
0.00966467000000000
0.0101394000000000
0.0278398000000000
0.0491304000000000
0.0516492000000000
0.0297072000000000
0.000210345000000000
-0.0185997000000000
-0.0292332000000000
-0.0448110000000000
-0.0584151000000000
-0.0448032000000000
-0.000498014000000000
0.0396027000000000
0.0459102000000000
0.0334934000000000
0.0355473000000000
0.0525658000000000
0.0569154000000000
0.0351336000000000
-0.00101690000000000
-0.0392258000000000
-0.0729805000000000
-0.0907870000000000
-0.0849508000000000
-0.0676920000000000
-0.0532422000000000
-0.0328801000000000
0.00554944000000000
0.0446915000000000
0.0561484000000000
0.0437512000000000
0.0341119000000000
0.0308458000000000
0.0145601000000000
-0.0147991000000000
-0.0322891000000000
-0.0287945000000000
-0.0228573000000000
-0.0271070000000000
-0.0293461000000000
-0.0164368000000000
0.00456739000000000
0.0175570000000000
0.0171577000000000
0.0110573000000000
0.0104541000000000
0.0202741000000000
0.0325977000000000
0.0330298000000000
0.0190436000000000
0.00571058000000000
0.00684077000000000
0.0172812000000000
0.0201415000000000
0.00729647000000000
-0.0130102000000000
-0.0257701000000000
-0.0228744000000000
-0.00736253000000000
0.00967478000000000
0.0180967000000000
0.0172786000000000
0.0166745000000000
0.0233182000000000
0.0323876000000000
0.0314263000000000
0.0143329000000000
-0.0115563000000000
-0.0309417000000000
-0.0336930000000000
-0.0232014000000000
-0.0131272000000000
-0.0140099000000000
-0.0217121000000000
-0.0210502000000000
-0.00311032000000000
0.0228021000000000
0.0361251000000000
0.0243544000000000
-0.00407281000000000
-0.0250557000000000
-0.0213956000000000
-0.00257254000000000
0.00442463000000000
-0.0118258000000000
-0.0322655000000000
-0.0335577000000000
-0.0178275000000000
-0.00498553000000000
-0.00366294000000000
-0.00594079000000000
-0.00520983000000000
-0.00307749000000000
0.000613240000000000
0.00878032000000000
0.0171643000000000
0.0174506000000000
0.0113294000000000
0.00976960000000000
0.0161019000000000
0.0208808000000000
0.0149804000000000
0.00105527000000000
-0.0108731000000000
-0.0146731000000000
-0.0137144000000000
-0.0161281000000000
-0.0231882000000000
-0.0236452000000000
-0.00766760000000000
0.0138365000000000
0.0171656000000000
-0.00144629000000000
-0.0168320000000000
-0.00760955000000000
0.0148635000000000
0.0247247000000000
0.0174506000000000
0.0110771000000000
0.0150565000000000
0.0179063000000000
0.00788665000000000
-0.00787339000000000
-0.0148648000000000
-0.0113631000000000
-0.00758460000000000
-0.00792920000000000
-0.00645204000000000
0.000525895000000000
0.00733140000000000
0.00911034000000000
0.00922118000000000
0.0108635000000000
0.00831753000000000
-0.00415936000000000
-0.0200036000000000
-0.0259789000000000
-0.0189740000000000
-0.00896431000000000
-0.00557518000000000
-0.00795139000000000
-0.00958614000000000
-0.00747284000000000
-0.00332780000000000
0.00145916000000000
0.00661410000000000
0.0103976000000000
0.0104623000000000
0.00754455000000000
0.00433244000000000
0.00157000000000000
-0.00105788000000000
-0.00109188000000000
0.00410289000000000
0.0109381000000000
0.0123571000000000
0.00767495000000000
0.00303783000000000
0.00201861000000000
0.00277965000000000
0.00470226000000000
0.00889024000000000
0.0121252000000000
0.00852752000000000
5.91952000000000e-05
-0.00382920000000000
0.00114406000000000
0.00836757000000000
0.0101830000000000
0.00745669000000000
0.00711209000000000
0.0136343000000000
0.0232237000000000
0.0261115000000000
0.0164827000000000
0.00107115000000000
-0.00829140000000000
-0.0106587000000000
-0.0166797000000000
-0.0296757000000000
-0.0377772000000000
-0.0312030000000000
-0.0183751000000000
-0.0140742000000000
-0.0184053000000000
-0.0164144000000000
0.00166718000000000
0.0277662000000000
0.0439771000000000
0.0410880000000000
0.0269048000000000
0.0160664000000000
0.0108861000000000
-0.00126712000000000
-0.0271516000000000
-0.0524240000000000
-0.0578688000000000
-0.0445839000000000
-0.0296797000000000
-0.0204002000000000
-0.00776045000000000
0.0124726000000000
0.0293382000000000
0.0326332000000000
0.0262022000000000
0.0177132000000000
0.00762308000000000
-0.00496452000000000
-0.0139311000000000
-0.0127192000000000
-0.00423828000000000
0.00209990000000000
0.00186286000000000
-0.00155661000000000
-0.00292003000000000
-0.000814405000000000
0.00329851000000000
0.00701662000000000
0.00876995000000000
0.00769097000000000
0.00544793000000000
0.00605807000000000
0.0120087000000000
0.0195899000000000
0.0214311000000000
0.0137419000000000
-0.000867789000000000
-0.0160165000000000
-0.0254024000000000
-0.0255166000000000
-0.0185170000000000
-0.0103631000000000
-0.00420388000000000
0.00242822000000000
0.0115529000000000
0.0204580000000000
0.0264412000000000
0.0297072000000000
0.0287670000000000
0.0194625000000000
0.00345702000000000
-0.00960571000000000
-0.0125198000000000
-0.00893831000000000
-0.00684865000000000
-0.00838963000000000
-0.00969330000000000
-0.00744723000000000
-0.00184132000000000
0.00459208000000000
0.00844282000000000
0.00791817000000000
0.00439981000000000
0.00167611000000000
0.00273434000000000
0.00728373000000000
0.00996213000000000
0.00408082000000000
-0.0102132000000000
-0.0225080000000000
-0.0230503000000000
-0.0147558000000000
-0.00829455000000000
-0.00627633000000000
-0.00149449000000000
0.00866581000000000
0.0159141000000000
0.0131251000000000
0.00523991000000000
0.00171302000000000
0.00401660000000000
0.00625151000000000
0.00598124000000000
0.00798370000000000
0.0167454000000000
0.0281510000000000
0.0318282000000000
0.0209728000000000
-0.00125717000000000
-0.0244371000000000
-0.0385534000000000
-0.0400045000000000
-0.0319542000000000
-0.0196122000000000
-0.00512198000000000
0.0119986000000000
0.0288379000000000
0.0376118000000000
0.0344718000000000
0.0257964000000000
0.0197619000000000
0.0138588000000000
-0.000775230000000000
-0.0238606000000000
-0.0425575000000000
-0.0458761000000000
-0.0352334000000000
-0.0198289000000000
-0.00713100000000000
0.000227102000000000
0.00422042000000000
0.0101574000000000
0.0211671000000000
0.0313528000000000
0.0295431000000000
0.0123768000000000
-0.0104499000000000
-0.0268562000000000
-0.0335879000000000
-0.0337442000000000
-0.0278726000000000
-0.0144078000000000
0.00259540000000000
0.0138982000000000
0.0149055000000000
0.0105209000000000
0.00756044000000000
0.00669736000000000
0.00423145000000000
-0.000685075000000000
-0.00490200000000000
-0.00608013000000000
-0.00522362000000000
-0.00372795000000000
-0.000807392000000000
0.00368264000000000
0.00650865000000000
0.00456831000000000
4.98750000000000e-05
-0.00147926000000000
0.00232565000000000
0.00858176000000000
0.0128517000000000
0.0130182000000000
0.0101909000000000
0.00826658000000000
0.00951706000000000
0.00958627000000000
0.00113219000000000
-0.0139442000000000
-0.0230280000000000
-0.0176883000000000
-0.00445156000000000
0.00506669000000000
0.00838372000000000
0.0110436000000000
0.0161189000000000
0.0209570000000000
0.0205354000000000
0.0107048000000000
-0.00717145000000000
-0.0235783000000000
-0.0283612000000000
-0.0222125000000000
-0.0135581000000000
-0.00586502000000000
0.00435451000000000
0.0160034000000000
0.0209570000000000
0.0153428000000000
0.00548549000000000
-0.00164171000000000
-0.00595248000000000
-0.00996974000000000
-0.0127834000000000
-0.0122546000000000
-0.00849285000000000
-0.00368382000000000
-0.000238147000000000
9.13477000000000e-05
-0.00259697000000000
-0.00651245000000000
-0.0102655000000000
-0.0133335000000000
-0.0133112000000000
-0.00639636000000000
0.00680111000000000
0.0187941000000000
0.0226209000000000
0.0189136000000000
0.0134386000000000
0.00918875000000000
0.00422147000000000
-0.00390971000000000
-0.0134846000000000
-0.0192025000000000
-0.0172969000000000
-0.00945718000000000
-0.000300487000000000
0.00894448000000000
0.0204094000000000
0.0324638000000000
0.0372493000000000
0.0291517000000000
0.0123502000000000
-0.00408004000000000
-0.0159876000000000
-0.0250531000000000
-0.0323456000000000
-0.0358966000000000
-0.0340660000000000
-0.0272370000000000
-0.0163540000000000
-0.00247720000000000
0.0114667000000000
0.0207810000000000
0.0219984000000000
0.0161991000000000
0.00865609000000000
0.00374108000000000
0.000765420000000000
-0.00365900000000000
-0.00946151000000000
-0.0127940000000000
-0.0122628000000000
-0.0116837000000000
-0.0134885000000000
-0.0133926000000000
-0.00635302000000000
0.00401017000000000
0.00867342000000000
0.00559317000000000
0.00386400000000000
0.0114570000000000
0.0237083000000000
0.0277597000000000
0.0179010000000000
0.00105073000000000
-0.0124014000000000
-0.0188151000000000
-0.0209964000000000
-0.0217581000000000
-0.0214639000000000
-0.0185524000000000
-0.0111473000000000
0.00117168000000000
0.0144038000000000
0.0221455000000000
0.0206418000000000
0.0121655000000000
0.00246262000000000
-0.00318899000000000
-0.00293251000000000
0.000987295000000000
0.00452628000000000
0.00653491000000000
0.00920779000000000
0.0126406000000000
0.0122588000000000
0.00456397000000000
-0.00743660000000000
-0.0172470000000000
-0.0211343000000000
-0.0188085000000000
-0.0108989000000000
0.000637732000000000
0.0111274000000000
0.0161203000000000
0.0151747000000000
0.0110948000000000
0.00649761000000000
0.00236282000000000
-0.00122588000000000
-0.00462780000000000
-0.00806565000000000
-0.0106922000000000
-0.0100731000000000
-0.00491750000000000
0.00242323000000000
0.00777253000000000
0.0104189000000000
0.0129759000000000
0.0158589000000000
0.0145273000000000
0.00572962000000000
-0.00658981000000000
-0.0145824000000000
-0.0156015000000000
-0.0141241000000000
-0.0149370000000000
-0.0170251000000000
-0.0156567000000000
-0.00884086000000000
0.000347856000000000
0.00769662000000000
0.0119148000000000
0.0130252000000000
0.00973033000000000
0.00165142000000000
-0.00708963000000000
-0.0111275000000000
-0.0101776000000000
-0.00894776000000000
-0.0111417000000000
-0.0160914000000000
-0.0203161000000000
-0.0192839000000000
-0.0104252000000000
0.00300881000000000
0.0123968000000000
0.0127042000000000
0.00742267000000000
0.00316706000000000
0.00131786000000000
-0.000458853000000000
-0.00279252000000000
-0.00373977000000000
-0.00258489000000000
-0.000123041000000000
0.00323627000000000
0.00703553000000000
0.0101426000000000
0.0122138000000000
0.0143710000000000
0.0162227000000000
0.0154347000000000
0.0110601000000000
0.00557794000000000
0.00132219000000000
-0.00211684000000000
-0.00571885000000000
-0.00927673000000000
-0.0126779000000000
-0.0151301000000000
-0.0127218000000000
-0.00223464000000000
0.0125617000000000
0.0235901000000000
0.0276730000000000
0.0273394000000000
0.0232880000000000
0.0135594000000000
-1.12138000000000e-06
-0.0116565000000000
-0.0193968000000000
-0.0257530000000000
-0.0313803000000000
-0.0332662000000000
-0.0290152000000000
-0.0186404000000000
-0.00379808000000000
0.0109475000000000
0.0193863000000000
0.0198854000000000
0.0175859000000000
0.0169332000000000
0.0158865000000000
0.0106202000000000
0.00181256000000000
-0.00706035000000000
-0.0143145000000000
-0.0197764000000000
-0.0221337000000000
-0.0191697000000000
-0.0103687000000000
0.00137433000000000
0.0110491000000000
0.0155779000000000
0.0164394000000000
0.0168596000000000
0.0167230000000000
0.0129654000000000
0.00515271000000000
-0.00253774000000000
-0.00588038000000000
-0.00484291000000000
-0.00230044000000000
-0.000898112000000000
-0.00146731000000000
-0.00368934000000000
-0.00653294000000000
-0.00857060000000000
-0.00800826000000000
-0.00423316000000000
0.00137157000000000
0.00667740000000000
0.0112768000000000
0.0151826000000000
0.0158353000000000
0.00965062000000000
-0.00234417000000000
-0.0140072000000000
-0.0202058000000000
-0.0203463000000000
-0.0159233000000000
-0.00809506000000000
0.00115575000000000
0.00922906000000000
0.0148359000000000
0.0175268000000000
0.0148517000000000
0.00480929000000000
-0.00870560000000000
-0.0177513000000000
-0.0192064000000000
-0.0173232000000000
-0.0160165000000000
-0.0133270000000000
-0.00603824000000000
0.00301826000000000
0.00790635000000000
0.00737277000000000
0.00548299000000000
0.00473706000000000
0.00441163000000000
0.00419508000000000
0.00589128000000000
0.00927043000000000
0.0107228000000000
0.00705247000000000
-0.000165786000000000
-0.00670984000000000
-0.00999929000000000
-0.0108180000000000
-0.0108104000000000
-0.00906885000000000
-0.00272121000000000
0.00858504000000000
0.0198079000000000
0.0252422000000000
0.0239539000000000
0.0189017000000000
0.0115979000000000
0.00260721000000000
-0.00520340000000000
-0.00796426000000000
-0.00624048000000000
-0.00413375000000000
-0.00380005000000000
-0.00312582000000000
-0.000268903000000000
0.00367306000000000
0.00643024000000000
0.00741874000000000
0.00719115000000000
0.00610639000000000
0.00374410000000000
0.000151301000000000
-0.00288444000000000
-0.00306068000000000
-0.00106933000000000
-0.00116189000000000
-0.00616930000000000
-0.0128952000000000
-0.0150972000000000
-0.0108650000000000
-0.00414951000000000
0.000767364000000000
0.00310323000000000
0.00405640000000000
0.00408253000000000
0.00296193000000000
0.00116315000000000
-0.000249900000000000
-0.000824845000000000
-0.00102853000000000
-0.00143093000000000
-0.00197895000000000
-0.00192997000000000
-0.00114131000000000
-0.000653990000000000
-0.00155083000000000
-0.00337810000000000
-0.00463962000000000
-0.00424918000000000
-0.00257517000000000
-0.000520576000000000
0.00160415000000000
0.00417315000000000
0.00706219000000000
0.00939151000000000
0.0100287000000000
0.00864834000000000
0.00553920000000000
0.00166928000000000
-0.00145036000000000
-0.00214074000000000
-0.000270952000000000
0.00281668000000000
0.00535245000000000
0.00614750000000000
0.00470331000000000
0.00195505000000000
-0.000431668000000000
-0.00197120000000000
-0.00365415000000000
-0.00495362000000000
-0.00311820000000000
0.00254654000000000
0.00790267000000000
0.00864729000000000
0.00566566000000000
0.00290769000000000
0.00217161000000000
0.00232867000000000
0.00210489000000000
0.00121039000000000
-7.21676000000000e-05
-0.00120779000000000
-0.00179024000000000
-0.00230674000000000
-0.00360674000000000
-0.00526604000000000
-0.00644469000000000
-0.00740980000000000
-0.00873922000000000
-0.00903483000000000
-0.00675935000000000
-0.00268824000000000
0.000513747000000000
0.00180941000000000
0.00222085000000000
0.00301288000000000
0.00399874000000000
0.00403670000000000
0.00215112000000000
-0.00112617000000000
-0.00413926000000000
-0.00667596000000000
-0.0103644000000000
-0.0146192000000000
-0.0148451000000000
-0.00808653000000000
0.00137866000000000
0.00690656000000000
0.00802192000000000
0.00921554000000000
0.0112305000000000
0.00989883000000000
0.00397130000000000
-0.00206444000000000
-0.00439850000000000
-0.00442345000000000
-0.00446443000000000
-0.00308143000000000
0.00241692000000000
0.0105623000000000
0.0158970000000000
0.0144866000000000
0.00772827000000000
0.000297729000000000
-0.00406323000000000
-0.00489518000000000
-0.00378009000000000
-0.00210266000000000
0.000152548000000000
0.00315918000000000
0.00600435000000000
0.00681871000000000
0.00475269000000000
0.000814773000000000
-0.00340817000000000
-0.00725944000000000
-0.0100786000000000
-0.0100135000000000
-0.00593199000000000
0.000413178000000000
0.00522507000000000
0.00664811000000000
0.00549363000000000
0.00333607000000000
0.000447112000000000
-0.00282719000000000
-0.00571334000000000
-0.00774915000000000
-0.00918756000000000
-0.00926951000000000
-0.00656459000000000
-0.00146744000000000
0.00268942000000000
0.00315826000000000
0.00100156000000000
-0.000420217000000000
0.000259579000000000
0.00169752000000000
0.00213615000000000
0.000987834000000000
-0.000989646000000000
-0.00201533000000000
-0.000962344000000000
0.000563927000000000
-0.000556599000000000
-0.00474218000000000
-0.00868839000000000
-0.00909747000000000
-0.00583547000000000
-0.000321683000000000
0.00589798000000000
0.0110171000000000
0.0131227000000000
0.0119526000000000
0.00793393000000000
0.00124954000000000
-0.00679231000000000
-0.0125194000000000
-0.0135673000000000
-0.0115164000000000
-0.00846409000000000
-0.00342301000000000
0.00451092000000000
0.0120514000000000
0.0150014000000000
0.0134872000000000
0.0103954000000000
0.00657996000000000
0.00136618000000000
-0.00411694000000000
-0.00780667000000000
-0.00956762000000000
-0.0101595000000000
-0.00896129000000000
-0.00517411000000000
-0.000300303000000000
0.00289823000000000
0.00332281000000000
0.00190541000000000
-0.000107050000000000
-0.00196424000000000
-0.00249467000000000
-0.000935277000000000
0.00207127000000000
0.00476989000000000
0.00598846000000000
0.00543269000000000
0.00331388000000000
0.000134727000000000
-0.00265318000000000
-0.00291951000000000
4.19967000000000e-05
0.00425089000000000
0.00673899000000000
0.00650471000000000
0.00484475000000000
0.00298543000000000
0.000431117000000000
-0.00305464000000000
-0.00562154000000000
-0.00521706000000000
-0.00245133000000000
0.000637982000000000
0.00334422000000000
0.00618388000000000
0.00840027000000000
0.00844295000000000
0.00620279000000000
0.00337390000000000
0.00114900000000000
-0.000350864000000000
-0.00110826000000000
-0.000969002000000000
-0.000406493000000000
-0.000378009000000000
-0.00160887000000000
-0.00442017000000000
-0.00825108000000000
-0.0116825000000000
-0.0136684000000000
-0.0143500000000000
-0.0133401000000000
-0.00911284000000000
-0.00172392000000000
0.00544819000000000
0.00898926000000000
0.00888210000000000
0.00664102000000000
0.00221678000000000
-0.00457986000000000
-0.0113345000000000
-0.0149357000000000
-0.0147899000000000
-0.0119336000000000
-0.00692679000000000
-0.000995267000000000
0.00325623000000000
0.00435214000000000
0.00382132000000000
0.00343339000000000
0.00295024000000000
0.00172103000000000
0.00103967000000000
0.00171236000000000
0.00209412000000000
0.000142147000000000
-0.00312818000000000
-0.00515599000000000
-0.00509282000000000
-0.00441689000000000
-0.00459221000000000
-0.00561852000000000
-0.00646268000000000
-0.00545305000000000
-0.00171814000000000
0.00370851000000000
0.00809388000000000
0.00985181000000000
0.00925296000000000
0.00730251000000000
0.00421556000000000
0.000857191000000000
-0.00126617000000000
-0.00161098000000000
-0.00164722000000000
-0.00220693000000000
-0.00225933000000000
-0.000811411000000000
0.00124987000000000
0.00245015000000000
0.00283940000000000
0.00328052000000000
0.00417617000000000
0.00520025000000000
0.00596496000000000
0.00577861000000000
0.00425207000000000
0.00227325000000000
0.00135778000000000
0.00171840000000000
0.00194126000000000
0.00104075000000000
-0.000158957000000000
-0.000522599000000000
-0.000431025000000000
-0.00102028000000000
-0.00164735000000000
-0.000406795000000000
0.00289928000000000
0.00540866000000000
0.00452457000000000
0.000998839000000000
-0.00215361000000000
-0.00327579000000000
-0.00274025000000000
-0.00173403000000000
-0.00117982000000000
-0.00147033000000000
-0.00183226000000000
-0.00152351000000000
-0.00145050000000000
-0.00344599000000000
-0.00746286000000000
-0.0112018000000000
-0.0126912000000000
-0.0115895000000000
-0.00805632000000000
-0.00261785000000000
0.00301971000000000
0.00713849000000000
0.00945993000000000
0.00987164000000000
0.00757226000000000
0.00294472000000000
-0.00185459000000000
-0.00533591000000000
-0.00803150000000000
-0.00986363000000000
-0.00923563000000000
-0.00581813000000000
-0.00204921000000000
0.000656131000000000
0.00381699000000000
0.00886253000000000
0.0141438000000000
0.0167414000000000
0.0151077000000000
0.00944221000000000
0.00139271000000000
-0.00594697000000000
-0.00969133000000000
-0.00953952000000000
-0.00713888000000000
-0.00384378000000000
7.74534000000000e-05
0.00417288000000000
0.00798409000000000
0.0110284000000000
0.0128250000000000
0.0124896000000000
0.0101125000000000
0.00658074000000000
0.00220720000000000
-0.00347607000000000
-0.00947517000000000
-0.0132140000000000
-0.0139494000000000
-0.0134320000000000
-0.0123481000000000
-0.00852043000000000
-0.000698733000000000
0.00844859000000000
0.0147216000000000
0.0163067000000000
0.0137866000000000
0.00834012000000000
0.00136763000000000
-0.00514601000000000
-0.00947609000000000
-0.0108449000000000
-0.00973427000000000
-0.00782742000000000
-0.00640096000000000
-0.00443251000000000
0.000307093000000000
0.00685771000000000
0.0112999000000000
0.0114877000000000
0.00937024000000000
0.00669171000000000
0.00328669000000000
-0.000373465000000000
-0.00183856000000000
-0.000687400000000000
0.000433494000000000
-0.000484107000000000
-0.00208086000000000
-0.00310835000000000
-0.00412048000000000
-0.00519276000000000
-0.00453652000000000
-0.00174112000000000
0.000824425000000000
0.00103598000000000
-0.000155713000000000
-0.000233314000000000
0.00133808000000000
0.00256493000000000
0.00131133000000000
-0.00200023000000000
-0.00470331000000000
-0.00482623000000000
-0.00309903000000000
-0.00168412000000000
-0.00171013000000000
-0.00288983000000000
-0.00410118000000000
-0.00367529000000000
6.89474000000000e-05
0.00640989000000000
0.0114808000000000
0.0116430000000000
0.00741086000000000
0.00219039000000000
-0.00175964000000000
-0.00485499000000000
-0.00811870000000000
-0.0112079000000000
-0.0126539000000000
-0.0110781000000000
-0.00597179000000000
0.00193758000000000
0.0100049000000000
0.0146310000000000
0.0135936000000000
0.00811857000000000
0.00179155000000000
-0.00244450000000000
-0.00435792000000000
-0.00559948000000000
-0.00684221000000000
-0.00678180000000000
-0.00395042000000000
0.000470475000000000
0.00348079000000000
0.00360175000000000
0.00261588000000000
0.00271438000000000
0.00348027000000000
0.00296600000000000
0.000896090000000000
-0.00135187000000000
-0.00281143000000000
-0.00363182000000000
-0.00386308000000000
-0.00324270000000000
-0.00182688000000000
0.000102663000000000
0.00279895000000000
0.00647227000000000
0.00972666000000000
0.0106399000000000
0.00931587000000000
0.00785986000000000
0.00690656000000000
0.00409435000000000
-0.00237464000000000
-0.0100380000000000
-0.0144012000000000
-0.0139153000000000
-0.0101465000000000
-0.00439443000000000
0.00277873000000000
0.00946676000000000
0.0131983000000000
0.0134885000000000
0.0114592000000000
0.00715030000000000
0.000520182000000000
-0.00622249000000000
-0.00994978000000000
-0.0101510000000000
-0.00817911000000000
-0.00467783000000000
-0.000255679000000000
0.00313738000000000
0.00421136000000000
0.00425601000000000
0.00491002000000000
0.00545095000000000
0.00412075000000000
0.000560171000000000
-0.00420191000000000
-0.00875800000000000
-0.0111299000000000
-0.0103524000000000
-0.00791672000000000
-0.00595708000000000
-0.00397891000000000
-0.000594736000000000
0.00352571000000000
0.00676224000000000
0.00892977000000000
0.00969238000000000
0.00727139000000000
0.00168150000000000
-0.00365401000000000
-0.00640372000000000
-0.00793787000000000
-0.00937772000000000
-0.00866922000000000
-0.00489623000000000
-0.000717854000000000
0.00167427000000000
0.00319122000000000
0.00431340000000000
0.00362604000000000
0.00180796000000000
0.00162437000000000
0.00319490000000000
0.00374765000000000
0.00319385000000000
0.00426888000000000
0.00700979000000000
0.00805120000000000
0.00627423000000000
0.00415476000000000
0.00267813000000000
0.000171039000000000
-0.00327461000000000
-0.00477593000000000
-0.00314631000000000
-0.000193246000000000
0.00258266000000000
0.00505592000000000
0.00637351000000000
0.00524595000000000
0.00291084000000000
0.00162976000000000
0.000941673000000000
-0.00170842000000000
-0.00591072000000000
-0.00848142000000000
-0.00800143000000000
-0.00629275000000000
-0.00423474000000000
-0.000713560000000000
0.00396407000000000
0.00708504000000000
0.00772275000000000
0.00784804000000000
0.00799775000000000
0.00547550000000000
-0.00124527000000000
-0.00903969000000000
-0.0137209000000000
-0.0141806000000000
-0.0115500000000000
-0.00621080000000000
0.00133467000000000
0.00891756000000000
0.0139061000000000
0.0152089000000000
0.0127368000000000
0.00622433000000000
-0.00329615000000000
-0.0126691000000000
-0.0184802000000000
-0.0198644000000000
-0.0174992000000000
-0.0119958000000000
-0.00398167000000000
0.00428096000000000
0.0100240000000000
0.0124183000000000
0.0129191000000000
0.0125637000000000
0.0104818000000000
0.00563205000000000
-0.000870507000000000
-0.00644653000000000
-0.00948843000000000
-0.0105518000000000
-0.0107158000000000
-0.00994820000000000
-0.00745235000000000
-0.00331848000000000
0.00123884000000000
0.00492013000000000
0.00716239000000000
0.00790924000000000
0.00726981000000000
0.00546460000000000
0.00310770000000000
0.000709554000000000
-0.00126455000000000
-0.00208033000000000
-0.000912624000000000
0.00185997000000000
0.00463462000000000
0.00617232000000000
0.00651850000000000
0.00565450000000000
0.00270059000000000
-0.00254707000000000
-0.00788271000000000
-0.0108127000000000
-0.0109330000000000
-0.00955107000000000
-0.00699994000000000
-0.00327041000000000
0.000873213000000000
0.00421425000000000
0.00682987000000000
0.00886621000000000
0.00953190000000000
0.00820932000000000
0.00622419000000000
0.00475610000000000
0.00308327000000000
0.000411339000000000
-0.00212945000000000
-0.00355342000000000
-0.00497673000000000
-0.00736923000000000
-0.00964064000000000
-0.0104423000000000
-0.0100673000000000
-0.00841708000000000
-0.00397406000000000
0.00316863000000000
0.00968017000000000
0.0125944000000000
0.0125915000000000
0.0112722000000000
0.00852095000000000
0.00388029000000000
-0.00102819000000000
-0.00442385000000000
-0.00617810000000000
-0.00715924000000000
-0.00735530000000000
-0.00680531000000000
-0.00632321000000000
-0.00631061000000000
-0.00556218000000000
-0.00307867000000000
0.000111621000000000
0.00206786000000000
0.00256545000000000
0.00305438000000000
0.00408253000000000
0.00439154000000000
0.00311571000000000
0.00128563000000000
-8.19277000000000e-06
-0.00122846000000000
-0.00326660000000000
-0.00549941000000000
-0.00674280000000000
-0.00679257000000000
-0.00627607000000000
-0.00539093000000000
-0.00414202000000000
-0.00261010000000000
-0.000794561000000000
0.00122280000000000
0.00294013000000000
0.00406231000000000
0.00479038000000000
0.00455609000000000
0.00227063000000000
-0.00166718000000000
-0.00470318000000000
-0.00552961000000000
-0.00520826000000000
-0.00463082000000000
-0.00250176000000000
0.00175740000000000
0.00598203000000000
0.00756661000000000
0.00625033000000000
0.00368658000000000
0.00114879000000000
-0.000894947000000000
-0.00258108000000000
-0.00351441000000000
-0.00281602000000000
-0.000133059000000000
0.00309903000000000
0.00510714000000000
0.00573238000000000
0.00562732000000000
0.00421688000000000
0.000512289000000000
-0.00422226000000000
-0.00759668000000000
-0.00893568000000000
-0.00906320000000000
-0.00757908000000000
-0.00360805000000000
0.00183239000000000
0.00628565000000000
0.00850244000000000
0.00863770000000000
0.00673689000000000
0.00317914000000000
-0.000339162000000000
-0.00218500000000000
-0.00276139000000000
-0.00320475000000000
-0.00325150000000000
-0.00205354000000000
-0.000265134000000000
0.000549087000000000
-4.12758000000000e-05
-0.00116478000000000
-0.00209320000000000
-0.00242021000000000
-0.00174939000000000
-0.000113621000000000
0.00160244000000000
0.00292739000000000
0.00434610000000000
0.00609865000000000
0.00716186000000000
0.00638402000000000
0.00401595000000000
0.00154728000000000
3.14237000000000e-05
-0.000490319000000000
-0.000504095000000000
-0.000244739000000000
1.12118000000000e-05
0.000132075000000000
2.99607000000000e-06
-8.55917000000000e-05
0.000106605000000000
0.000572778000000000
0.00111040000000000
0.00177579000000000
0.00242336000000000
0.00231869000000000
0.000930221000000000
-0.00101481000000000
-0.00196319000000000
-0.00139258000000000
-0.000271280000000000
0.000536939000000000
0.00140033000000000
0.00284360000000000
0.00432181000000000
0.00466470000000000
0.00333161000000000
0.000749898000000000
-0.00213628000000000
-0.00439889000000000
-0.00525606000000000
-0.00454782000000000
-0.00269100000000000
-0.000401963000000000
0.00182386000000000
0.00328696000000000
0.00332977000000000
0.00196726000000000
0.000147203000000000
-0.00144301000000000
-0.00292529000000000
-0.00437040000000000
-0.00476096000000000
-0.00342538000000000
-0.00149672000000000
-0.000679966000000000
-0.000836862000000000
-0.000799565000000000
-0.000392455000000000
-0.000419915000000000
-0.00108895000000000
-0.00165182000000000
-0.00173600000000000
-0.00136356000000000
-0.000414031000000000
0.000945705000000000
0.00142778000000000
0.000461296000000000
-0.000898913000000000
-0.00168439000000000
-0.00246643000000000
-0.00363799000000000
-0.00428228000000000
-0.00352164000000000
-0.00202189000000000
-0.000629458000000000
0.000879700000000000
0.00275929000000000
0.00395554000000000
0.00363891000000000
0.00248245000000000
0.00132377000000000
-4.05049000000000e-05
-0.00163251000000000
-0.00248469000000000
-0.00203266000000000
-0.00101265000000000
-0.000484698000000000
-0.000539369000000000
-0.000792618000000000
-0.00120270000000000
-0.00177395000000000
-0.00202242000000000
-0.00157933000000000
-0.00100896000000000
-0.00107040000000000
-0.00166403000000000
-0.00185340000000000
-0.00172050000000000
-0.00269520000000000
-0.00527563000000000
-0.00700637000000000
-0.00529940000000000
-0.00124592000000000
0.00167178000000000
0.00236584000000000
0.00277557000000000
0.00402698000000000
0.00488257000000000
0.00433363000000000
0.00279527000000000
0.000463502000000000
-0.00279606000000000
-0.00565332000000000
-0.00603338000000000
-0.00377812000000000
-0.000652033000000000
0.00214560000000000
0.00466273000000000
0.00665061000000000
0.00727152000000000
0.00638100000000000
0.00455898000000000
0.00239696000000000
0.000443278000000000
-0.000358730000000000
0.000415975000000000
0.00206891000000000
0.00342235000000000
0.00433520000000000
0.00532304000000000
0.00587158000000000
0.00448806000000000
0.000983238000000000
-0.00251003000000000
-0.00420361000000000
-0.00444630000000000
-0.00392730000000000
-0.00152785000000000
0.00329720000000000
0.00823676000000000
0.0105241000000000
0.0103876000000000
0.00921646000000000
0.00675186000000000
0.00254116000000000
-0.00159469000000000
-0.00375763000000000
-0.00433205000000000
-0.00413742000000000
-0.00247011000000000
0.000791397000000000
0.00356997000000000
0.00458669000000000
0.00462937000000000
0.00436751000000000
0.00311886000000000
0.00147584000000000
0.000908250000000000
0.00121241000000000
0.000627423000000000
-0.000860592000000000
-0.00170054000000000
-0.00176699000000000
-0.00220037000000000
-0.00287827000000000
-0.00267800000000000
-0.00191316000000000
-0.00176647000000000
-0.00225749000000000
-0.00240839000000000
-0.00187533000000000
-0.00107942000000000
-0.000224252000000000
0.000687807000000000
0.00169200000000000
0.00265633000000000
0.00286343000000000
0.00122761000000000
-0.00211750000000000
-0.00531726000000000
-0.00690748000000000
-0.00712168000000000
-0.00682435000000000
-0.00577348000000000
-0.00330889000000000
0.000195584000000000
0.00339714000000000
0.00533091000000000
0.00602786000000000
0.00577519000000000
0.00445011000000000
0.00137354000000000
-0.00319529000000000
-0.00739024000000000
-0.00925205000000000
-0.00899097000000000
-0.00804503000000000
-0.00673124000000000
-0.00400032000000000
0.000235284000000000
0.00418628000000000
0.00590363000000000
0.00509991000000000
0.00280722000000000
0.000142370000000000
-0.00217988000000000
-0.00385113000000000
-0.00458695000000000
-0.00378928000000000
-0.000974058000000000
0.00295024000000000
0.00576705000000000
0.00617770000000000
0.00492840000000000
0.00327251000000000
0.00127779000000000
-0.00102668000000000
-0.00271818000000000
-0.00295418000000000
-0.00241653000000000
-0.00189858000000000
-0.00107000000000000
0.000465905000000000
0.00161098000000000
0.00156002000000000
0.00126639000000000
0.00172589000000000
0.00228376000000000
0.00246853000000000
0.00348158000000000
0.00586331000000000
0.00754481000000000
0.00655632000000000
0.00387044000000000
0.00142856000000000
-0.000948764000000000
-0.00390642000000000
-0.00620817000000000
-0.00622183000000000
-0.00451144000000000
-0.00235651000000000
0.000317087000000000
0.00362841000000000
0.00608722000000000
0.00632124000000000
0.00495611000000000
0.00314552000000000
0.000972022000000000
-0.00164263000000000
-0.00381108000000000
-0.00474665000000000
-0.00454414000000000
-0.00343956000000000
-0.00154584000000000
0.000340948000000000
0.00120888000000000
0.00114486000000000
0.000984761000000000
0.000846002000000000
0.000114143000000000
-0.00104346000000000
-0.00155818000000000
-0.000850716000000000
0.000307526000000000
0.000912466000000000
0.000810859000000000
0.000554169000000000
0.000395239000000000
4.77751000000000e-05
-0.000603745000000000
-0.00118425000000000
-0.00134176000000000
-0.00118652000000000
-0.000813617000000000
-0.000186260000000000
0.000366583000000000
0.000134320000000000
-0.00101988000000000
-0.00239237000000000
-0.00324809000000000
-0.00357062000000000
-0.00360700000000000
-0.00328604000000000
-0.00217016000000000
-0.000351126000000000
0.00132836000000000
0.00185248000000000
0.00107490000000000
-0.000356497000000000
-0.00174913000000000
-0.00283007000000000
-0.00336260000000000
-0.00309220000000000
-0.00215440000000000
-0.00105246000000000
-0.000133375000000000
0.000101219000000000
-0.000951325000000000
-0.00297099000000000
-0.00427098000000000
-0.00411681000000000
-0.00384956000000000
-0.00452536000000000
-0.00436357000000000
-0.00130827000000000
0.00335104000000000
0.00622511000000000
0.00630457000000000
0.00533525000000000
0.00432575000000000
0.00239854000000000
-0.000671273000000000
-0.00340554000000000
-0.00458932000000000
-0.00452063000000000
-0.00372611000000000
-0.00220142000000000
-0.000213838000000000
0.00122418000000000
0.00141990000000000
0.000704892000000000
-6.35775000000000e-05
-0.000464198000000000
-0.000780667000000000
-0.00145128000000000
-0.00234614000000000
-0.00272593000000000
-0.00232066000000000
-0.00179496000000000
-0.00160979000000000
-0.000829560000000000
0.00133322000000000
0.00394004000000000
0.00539211000000000
0.00572975000000000
0.00586173000000000
0.00539907000000000
0.00302601000000000
-0.000799631000000000
-0.00364141000000000
-0.00416763000000000
-0.00365900000000000
-0.00383104000000000
-0.00428123000000000
-0.00324349000000000
-3.94976000000000e-05
0.00392599000000000
0.00671299000000000
0.00767732000000000
0.00748400000000000
0.00649000000000000
0.00425036000000000
0.000757252000000000
-0.00259461000000000
-0.00417433000000000
-0.00393295000000000
-0.00324139000000000
-0.00288142000000000
-0.00207390000000000
3.38348000000000e-05
0.00286225000000000
0.00482295000000000
0.00494403000000000
0.00363681000000000
0.00198854000000000
0.000951286000000000
0.000614999000000000
0.000133480000000000
-0.00127390000000000
-0.00283861000000000
-0.00308275000000000
-0.00189306000000000
-0.000706205000000000
-0.000220470000000000
0.000289009000000000
0.00109598000000000
0.00137144000000000
0.00104316000000000
0.00108041000000000
0.00139705000000000
0.000864348000000000
-0.000395042000000000
-0.000977288000000000
-0.000635815000000000
-0.000362512000000000
-0.000280210000000000
0.000419376000000000
0.00140624000000000
0.00144288000000000
0.000403144000000000
-0.000895551000000000
-0.00202688000000000
-0.00277282000000000
-0.00232513000000000
-0.000818187000000000
0.000511935000000000
0.000805356000000000
0.000748624000000000
0.000831412000000000
0.000662408000000000
-0.000108269000000000
-0.00117289000000000
-0.00248639000000000
-0.00396421000000000
-0.00466732000000000
-0.00355473000000000
-0.000963132000000000
0.00213759000000000
0.00492669000000000
0.00665810000000000
0.00638113000000000
0.00416067000000000
0.00101183000000000
-0.00191526000000000
-0.00415791000000000
-0.00533354000000000
-0.00522979000000000
-0.00403131000000000
-0.00217095000000000
0.000183423000000000
0.00263361000000000
0.00421399000000000
0.00436068000000000
0.00348697000000000
0.00220299000000000
0.000692285000000000
-0.000714216000000000
-0.00140282000000000
-0.00119482000000000
-0.000549034000000000
0.000113923000000000
0.000884178000000000
0.00201073000000000
0.00313081000000000
0.00352243000000000
0.00268851000000000
0.000829731000000000
-0.00148096000000000
-0.00340252000000000
-0.00438813000000000
-0.00442962000000000
-0.00403827000000000
-0.00372703000000000
-0.00326345000000000
-0.00181873000000000
0.000874802000000000
0.00348027000000000
0.00426232000000000
0.00301800000000000
0.00139481000000000
0.000471644000000000
-0.000593620000000000
-0.00270243000000000
-0.00473509000000000
-0.00477042000000000
-0.00279278000000000
-0.000526643000000000
0.000902525000000000
0.00205762000000000
0.00342813000000000
0.00431616000000000
0.00376406000000000
0.00197094000000000
8.94290000000000e-05
-0.000938271000000000
-0.00110492000000000
-0.000965009000000000
-0.000772275000000000
-0.000504357000000000
-0.000220825000000000
4.26665000000000e-05
0.000561208000000000
0.00153796000000000
0.00246354000000000
0.00285542000000000
0.00287105000000000
0.00299069000000000
0.00273591000000000
0.00154282000000000
6.33871000000000e-05
-0.000380162000000000
0.000236912000000000
0.000889261000000000
0.00153507000000000
0.00302654000000000
0.00512578000000000
0.00611532000000000
0.00528416000000000
0.00387070000000000
0.00303376000000000
0.00227745000000000
0.00102069000000000
-9.64734000000000e-05
-0.000405154000000000
-0.000483936000000000
-0.00126267000000000
-0.00261601000000000
-0.00377982000000000
-0.00417879000000000
-0.00367923000000000
-0.00221429000000000
-0.000112064000000000
0.00214823000000000
0.00418011000000000
0.00562627000000000
0.00581144000000000
0.00451866000000000
0.00243373000000000
0.000408897000000000
-0.00137472000000000
-0.00305727000000000
-0.00448347000000000
-0.00520248000000000
-0.00476254000000000
-0.00327763000000000
-0.00156055000000000
-0.000746930000000000
-0.00110452000000000
-0.00193351000000000
-0.00225828000000000
-0.00194165000000000
-0.00126564000000000
-0.000403525000000000
0.000627699000000000
0.00161991000000000
0.00214876000000000
0.00192156000000000
0.00106243000000000
0.000166613000000000
-0.000725405000000000
-0.00221258000000000
-0.00428635000000000
-0.00567236000000000
-0.00529020000000000
-0.00357010000000000
-0.00160152000000000
8.62024000000000e-05
0.00143185000000000
0.00229164000000000
0.00286251000000000
0.00337284000000000
0.00324086000000000
0.00170592000000000
-0.000652493000000000
-0.00255508000000000
-0.00375999000000000
-0.00484645000000000
-0.00559738000000000
-0.00506958000000000
-0.00325623000000000
-0.00112579000000000
0.000710815000000000
0.00221337000000000
0.00324546000000000
0.00400820000000000
0.00491960000000000
0.00559751000000000
0.00484159000000000
0.00257859000000000
0.000325807000000000
-0.000816414000000000
-0.00162306000000000
-0.00289180000000000
-0.00380530000000000
-0.00332110000000000
-0.00207127000000000
-0.00132114000000000
-0.000831385000000000
0.000391955000000000
0.00190226000000000
0.00221678000000000
0.00126832000000000
0.000340830000000000
-6.02537000000000e-05
-0.000820512000000000
-0.00240983000000000
-0.00378718000000000
-0.00362565000000000
-0.00217870000000000
-0.000684891000000000
0.000202334000000000
0.000964235000000000
0.00198499000000000
0.00278844000000000
0.00241246000000000
0.000777266000000000
-0.00125915000000000
-0.00314998000000000
-0.00498750000000000
-0.00635263000000000
-0.00635289000000000
-0.00507299000000000
-0.00375776000000000
-0.00282272000000000
-0.00136119000000000
0.000947294000000000
0.00265935000000000
0.00264425000000000
0.00187389000000000
0.00181059000000000
0.00220536000000000
0.00168360000000000
7.30041000000000e-05
-0.00153651000000000
-0.00225579000000000
-0.00222335000000000
-0.00166587000000000
-0.000449765000000000
0.00139770000000000
0.00316391000000000
0.00403447000000000
0.00392139000000000
0.00348001000000000
0.00321302000000000
0.00276481000000000
0.00163974000000000
0.000149016000000000
-0.000903943000000000
-0.00135463000000000
-0.00149751000000000
-0.00132744000000000
-0.000391890000000000
0.000976225000000000
0.00184447000000000
0.00196477000000000
0.00207456000000000
0.00237713000000000
0.00247602000000000
0.00228980000000000
0.00185117000000000
0.000818174000000000
-0.000901658000000000
-0.00224607000000000
-0.00221652000000000
-0.00135922000000000
-0.000867986000000000
-0.000570664000000000
0.000444158000000000
0.00188571000000000
0.00291649000000000
0.00350824000000000
0.00402553000000000
0.00385560000000000
0.00251148000000000
0.000846422000000000
5.71307000000000e-05
-0.000322996000000000
-0.00157919000000000
-0.00348342000000000
-0.00424682000000000
-0.00315104000000000
-0.00150591000000000
-0.000655868000000000
-0.000276914000000000
0.000188807000000000
0.000344967000000000
-0.000161176000000000
-0.000551517000000000
-0.000234049000000000
9.32572000000000e-05
-0.000198013000000000
-0.000504462000000000
-5.48667000000000e-05
0.000651009000000000
0.000918848000000000
0.00101545000000000
0.00144708000000000
0.00188912000000000
0.00188505000000000
0.00144314000000000
0.000548654000000000
-0.000786931000000000
-0.00196096000000000
-0.00236649000000000
-0.00227115000000000
-0.00206812000000000
-0.00138864000000000
0.000144354000000000
0.00175596000000000
0.00238790000000000
0.00224160000000000
0.00232000000000000
0.00274734000000000
0.00275089000000000
0.00204527000000000
0.00111733000000000
0.000384378000000000
-0.000238357000000000
-0.000950222000000000
-0.00166193000000000
-0.00225789000000000
-0.00263913000000000
-0.00248140000000000
-0.00131484000000000
0.000592083000000000
0.00221363000000000
0.00277662000000000
0.00252041000000000
0.00211934000000000
0.00187376000000000
0.00131139000000000
-0.000208441000000000
-0.00265318000000000
-0.00483647000000000
-0.00554261000000000
-0.00464211000000000
-0.00304768000000000
-0.00117358000000000
0.00110739000000000
0.00323784000000000
0.00395475000000000
0.00338755000000000
0.00278700000000000
0.00246354000000000
0.00150106000000000
0.000137406000000000
-0.000456437000000000
-0.000211422000000000
-0.000447690000000000
-0.00138444000000000
-0.00196372000000000
-0.00191237000000000
-0.00210607000000000
-0.00238068000000000
-0.00150158000000000
0.000542862000000000
0.00225342000000000
0.00289009000000000
0.00309220000000000
0.00316115000000000
0.00256519000000000
0.00115344000000000
-0.000354987000000000
-0.00137971000000000
-0.00173665000000000
-0.00144051000000000
-0.000595537000000000
0.000315419000000000
0.000976264000000000
0.00118566000000000
0.000679402000000000
-0.000704629000000000
-0.00222085000000000
-0.00296757000000000
-0.00318571000000000
-0.00369709000000000
-0.00424091000000000
-0.00388436000000000
-0.00297020000000000
-0.00262061000000000
-0.00277676000000000
-0.00220654000000000
-0.000807143000000000
0.000269599000000000
0.000409579000000000
0.000345203000000000
0.000569626000000000
0.000783753000000000
0.000537058000000000
-5.22822000000000e-05
-0.000687045000000000
-0.00103918000000000
-0.00113376000000000
-0.00134215000000000
-0.00185314000000000
-0.00198801000000000
-0.00109829000000000
0.000357916000000000
0.00139074000000000
0.00187954000000000
0.00231318000000000
0.00246735000000000
0.00190843000000000
0.000947832000000000
0.000354134000000000
-6.21290000000000e-05
-0.000772472000000000
-0.00155280000000000
-0.00150394000000000
-0.000478604000000000
0.000693743000000000
0.00140269000000000
0.00187625000000000
0.00248377000000000
0.00303087000000000
0.00310967000000000
0.00238160000000000
0.000889103000000000
-0.000824714000000000
-0.00207062000000000
-0.00253420000000000
-0.00247352000000000
-0.00225487000000000
-0.00170553000000000
-0.000458800000000000
0.00112621000000000
0.00203792000000000
0.00193417000000000
0.00137446000000000
0.00106918000000000
0.000976448000000000
0.000552777000000000
-0.000402488000000000
-0.00132298000000000
-0.00152982000000000
-0.000918967000000000
8.02034000000000e-06
0.000655028000000000
0.000906044000000000
0.00108725000000000
0.00128789000000000
0.00114592000000000
0.000358178000000000
-0.000748689000000000
-0.00140020000000000
-0.00128975000000000
-0.000729398000000000
-0.000193995000000000
0.000197856000000000
0.000354567000000000
0.000354475000000000
0.000391338000000000
0.000616694000000000
0.000657628000000000
0.000213707000000000
-0.000284610000000000
-0.000222335000000000
0.000178918000000000
0.000295969000000000
0.000204067000000000
0.000350982000000000
0.000563231000000000
0.000121688000000000
-0.000962462000000000
-0.00183672000000000
-0.00187573000000000
-0.00145956000000000
-0.00106746000000000
-0.000724801000000000
-0.000260236000000000
0.000163356000000000
0.000239013000000000
-0.000166679000000000
-0.000837768000000000
-0.00142068000000000
-0.00174138000000000
-0.00188505000000000
-0.00191224000000000
-0.00151485000000000
-0.000101292000000000
0.00182215000000000
0.00280092000000000
0.00204921000000000
0.000779774000000000
0.000248508000000000
0.000171262000000000
-0.000362657000000000
-0.000842666000000000
-0.000287761000000000
0.000714334000000000
0.00107050000000000
0.00113253000000000
0.00184263000000000
0.00254063000000000
0.00206247000000000
0.000750173000000000
-0.000146376000000000
-0.000400071000000000
-0.000369604000000000
0.000235888000000000
0.00154137000000000
0.00247655000000000
0.00203634000000000
0.000753417000000000
-0.000259645000000000
-0.000841103000000000
-0.00132140000000000
-0.00162516000000000
-0.00141740000000000
-0.000741283000000000
-2.31357000000000e-05
0.000190396000000000
-7.88731000000000e-05
-0.000137393000000000
0.000356012000000000
0.000480049000000000
-0.000556244000000000
-0.00188440000000000
-0.00205446000000000
-0.00127099000000000
-0.000583521000000000
9.94518000000000e-05
0.00139087000000000
0.00259710000000000
0.00272068000000000
0.00226262000000000
0.00213063000000000
0.00200351000000000
0.00137433000000000
0.000701793000000000
0.000200220000000000
-0.000796584000000000
-0.00207482000000000
-0.00223333000000000
-0.00109086000000000
-0.000285726000000000
-0.000574590000000000
-0.000713336000000000
8.10452000000000e-05
0.000968634000000000
0.00115732000000000
0.000921120000000000
0.000484737000000000
-0.000273762000000000
-0.000945153000000000
-0.000908119000000000
-0.000448583000000000
-0.000109211000000000
0.000290769000000000
0.000872832000000000
0.000974951000000000
0.000361751000000000
-0.000160835000000000
-0.000146560000000000
-0.000192498000000000
-0.000712260000000000
-0.00102055000000000
-0.000846987000000000
-0.000857401000000000
-0.00115600000000000
-0.000808022000000000
0.000209754000000000
0.000757226000000000
0.000680439000000000
0.00111806000000000
0.00214219000000000
0.00219039000000000
0.000822928000000000
-0.000258935000000000
2.12709000000000e-05
0.000654542000000000
0.000689737000000000
0.000871873000000000
0.00179457000000000
0.00259448000000000
0.00242296000000000
0.00177513000000000
0.00129172000000000
0.000770463000000000
0.000104605000000000
-0.000172339000000000
0.000195164000000000
0.000892439000000000
0.00160139000000000
0.00227102000000000
0.00257977000000000
0.00249073000000000
0.00245186000000000
0.00263256000000000
0.00229571000000000
0.00118418000000000
0.000405929000000000
0.000860960000000000
0.00172181000000000
0.00165668000000000
0.000742228000000000
-2.55652000000000e-05
-0.000537399000000000
-0.00122616000000000
-0.00189004000000000
-0.00194573000000000
-0.00178813000000000
-0.00187455000000000
-0.00176817000000000
-0.000928737000000000
2.50334000000000e-05
0.000353700000000000
0.000432955000000000
0.000771579000000000
0.000803807000000000
0.000184014000000000
9.81163000000000e-06
0.000809480000000000
0.00117283000000000
0.000167441000000000
-0.00114961000000000
-0.00168215000000000
-0.00187836000000000
-0.00214219000000000
-0.00198722000000000
-0.00133007000000000
-0.000855273000000000
-0.000388804000000000
0.000788862000000000
0.00181177000000000
0.00135712000000000
0.000107039000000000
-0.000534155000000000
-0.000969658000000000
-0.00188111000000000
-0.00224935000000000
-0.00136829000000000
-0.000520983000000000
-0.000757922000000000
-0.000943025000000000
-0.000233944000000000
0.000392034000000000
0.000231738000000000
0.000189910000000000
0.000619885000000000
0.000606201000000000
0.000130942000000000
7.14151000000000e-05
0.000328591000000000
-0.000157604000000000
-0.00109874000000000
-0.00157946000000000
-0.00155070000000000
-0.00146021000000000
-0.000906320000000000
0.000151892000000000
0.000912138000000000
0.00111345000000000
0.00153113000000000
0.00217633000000000
0.00189910000000000
0.000339635000000000
-0.00118275000000000
-0.00159916000000000
-0.00139127000000000
-0.00133178000000000
-0.00112839000000000
-0.000338847000000000
0.000789624000000000
0.00179129000000000
0.00267472000000000
0.00335013000000000
0.00328446000000000
0.00205959000000000
0.000263243000000000
-0.00100317000000000
-0.00147059000000000
-0.00180849000000000
-0.00215585000000000
-0.00189582000000000
-0.00116323000000000
-0.000951575000000000
-0.00140637000000000
-0.00160218000000000
-0.00142712000000000
-0.00175977000000000
-0.00248850000000000
-0.00228205000000000
-0.00105671000000000
-0.000315708000000000
-0.000657352000000000
-0.00108634000000000
-0.00113542000000000
-0.00142042000000000
-0.00193535000000000
-0.00201809000000000
-0.00209137000000000
-0.00292174000000000
-0.00360004000000000
-0.00263400000000000
-0.000912387000000000
-0.000344521000000000
-0.000708963000000000
-0.000259553000000000
0.000935185000000000
0.00117478000000000
0.000119815000000000
-0.000863455000000000
-0.00103787000000000
-0.00102985000000000
-0.00129536000000000
-0.00152680000000000
-0.00153796000000000
-0.00141517000000000
-0.00139639000000000
-0.00162319000000000
-0.00192616000000000
-0.00151419000000000
-0.000246407000000000
0.000697932000000000
0.000475466000000000
9.05230000000000e-05
0.000607054000000000
0.00114382000000000
0.000289206000000000
-0.00135686000000000
-0.00226747000000000
-0.00217830000000000
-0.00191237000000000
-0.00146849000000000
-0.000682160000000000
-0.000143290000000000
-0.000321486000000000
-0.000464014000000000
4.33205000000000e-05
0.000554025000000000
0.000492354000000000
0.000608788000000000
0.00178866000000000
0.00332399000000000
0.00383222000000000
0.00315905000000000
0.00229965000000000
0.00160244000000000
0.000557623000000000
-0.000719548000000000
-0.00113585000000000
-0.000409264000000000
0.000272015000000000
0.000104040000000000
-2.08467000000000e-05
0.000725235000000000
0.00170553000000000
0.00207127000000000
0.00223766000000000
0.00263282000000000
0.00253590000000000
0.00138628000000000
5.16177000000000e-05
-0.000537977000000000
-0.000754061000000000
-0.00110003000000000
-0.00116723000000000
-0.000653951000000000
-2.87223000000000e-05
0.000415108000000000
0.00105612000000000
0.00191946000000000
0.00243597000000000
0.00234614000000000
0.00216911000000000
0.00239420000000000
0.00273460000000000
0.00243820000000000
0.00130954000000000
0.000119451000000000
-0.000209990000000000
2.15874000000000e-05
-3.74594000000000e-05
-0.000324191000000000
0.000287210000000000
0.00157657000000000
0.00207429000000000
0.00130246000000000
0.000722306000000000
0.000979193000000000
0.000881552000000000
-0.000333213000000000
-0.00159706000000000
-0.00191368000000000
-0.00177027000000000
-0.00171446000000000
-0.00137682000000000
-0.000411878000000000
0.000688161000000000
0.00136920000000000
0.00164446000000000
0.00152364000000000
0.000830190000000000
-0.000257622000000000
-0.00114862000000000
-0.00166088000000000
-0.00205735000000000
-0.00241587000000000
-0.00244687000000000
-0.00186706000000000
-0.000921252000000000
-0.000216320000000000
-6.84734000000000e-05
-0.000191815000000000
-0.000285647000000000
-0.000360739000000000
-0.000347646000000000
-6.12767000000000e-05
0.000351691000000000
0.000494442000000000
0.000472169000000000
0.000636668000000000
0.000725825000000000
0.000217489000000000
-0.000504975000000000
-0.000697288000000000
-0.000618309000000000
-0.00101283000000000
-0.00146796000000000
-0.00101778000000000
9.44024000000000e-05
0.000628171000000000
0.000358586000000000
0.000239499000000000
0.000844636000000000
0.00149055000000000
0.00136920000000000
0.000499577000000000
-0.000209229000000000
-0.000104643000000000
0.000389815000000000
0.000307276000000000
-0.000271004000000000
-0.000494482000000000
-0.000347265000000000
-0.000449030000000000
-0.000575090000000000
-3.87372000000000e-05
0.000670012000000000
0.000677905000000000
0.000647319000000000
0.00155621000000000
0.00238107000000000
0.00144774000000000
-0.000377549000000000
-0.00102464000000000
-0.000551411000000000
-0.000424918000000000
-0.000618795000000000
-0.000156330000000000
0.000419114000000000
0.000161189000000000
-0.000232184000000000
0.000355644000000000
0.00120417000000000
0.00113568000000000
0.000689908000000000
0.000741611000000000
0.000682751000000000
-0.000200167000000000
-0.000997946000000000
-0.000896037000000000
-0.000636865000000000
-0.000904127000000000
-0.000985326000000000
-0.000350207000000000
7.56490000000000e-05
-0.000392783000000000
-0.000959060000000000
-0.000666611000000000
-9.39769000000000e-05
-2.06379000000000e-05
-0.000197357000000000
2.74327000000000e-05
0.000442765000000000
0.000509624000000000
6.56446000000000e-05
-0.000433638000000000
-0.000346674000000000
0.000409855000000000
0.00100221000000000
0.000696947000000000
-8.20577000000000e-05
-0.000397865000000000
-0.000228862000000000
-0.000164000000000000
-0.000255692000000000
-8.66896000000000e-05
2.11435000000000e-05
-0.000472695000000000
-0.00111723000000000
-0.000710907000000000
0.000709594000000000
0.00184224000000000
0.00178131000000000
0.00121994000000000
0.00135384000000000
0.00214613000000000
0.00222926000000000
0.000946939000000000
-0.000438195000000000
-0.000595918000000000
-9.56736000000000e-05
-0.000311978000000000
-0.00100748000000000
-0.000826172000000000
0.000289272000000000
0.000749924000000000
-0.000118146000000000
-0.00106369000000000
-0.000544110000000000
0.00104962000000000
0.00208493000000000
0.00144393000000000
8.77126000000000e-06
-0.000630168000000000
-0.000109091000000000
0.000275785000000000
-0.000114889000000000
-0.000390655000000000
0.000112460000000000
0.000629866000000000
0.000397458000000000
-0.000146166000000000
-0.000371574000000000
-0.000464145000000000
-0.000636077000000000
-0.000498356000000000
0.000126468000000000
0.000720375000000000
0.00101998000000000
0.00123097000000000
0.00127558000000000
0.000802901000000000
-4.86339000000000e-05
-0.000824149000000000
-0.00125278000000000
-0.00130895000000000
-0.000929565000000000
-0.000291215000000000
0.000336891000000000
0.000822114000000000
0.00124896000000000
0.00142659000000000
0.00117546000000000
0.000646885000000000
2.31002000000000e-05
-0.000640766000000000
-0.000965666000000000
-0.000553263000000000
0.000103637000000000
0.000172339000000000
-0.000141819000000000
2.90716000000000e-05
0.000751657000000000
0.00127409000000000
0.00134399000000000
0.00104529000000000
0.000454611000000000
-0.000212341000000000
-0.000263177000000000
0.000189201000000000
0.000250911000000000
-0.000277571000000000
-0.000315589000000000
0.000494258000000000
0.000951365000000000
0.000486248000000000
8.29980000000000e-05
0.000543729000000000
0.00109720000000000
0.00104038000000000
0.000732142000000000
0.000622892000000000
0.000272961000000000
-0.000552475000000000
-0.00136894000000000
-0.00171039000000000
-0.00174664000000000
-0.00145680000000000
-0.000869864000000000
-0.000566173000000000
-0.00113082000000000
-0.00167874000000000
-0.00124107000000000
-0.000424682000000000
-0.000448675000000000
-0.000756740000000000
-0.000183764000000000
0.000795678000000000
0.000668817000000000
-0.000274143000000000
-0.000554406000000000
-1.43854000000000e-05
2.63847000000000e-05
-0.000722595000000000
-0.00135345000000000
-0.00132061000000000
-0.00117786000000000
-0.00131405000000000
-0.00145693000000000
-0.00120565000000000
-0.000768585000000000
-0.000585832000000000
-0.000675318000000000
-0.000554051000000000
1.15845000000000e-05
0.000482846000000000
0.000443934000000000
0.000226104000000000
0.000375159000000000
0.000688516000000000
0.000824359000000000
0.000820498000000000
0.000854131000000000
0.000857270000000000
0.000824202000000000
0.000759130000000000
0.000441295000000000
-4.51000000000000e-05
-0.000139770000000000
0.000335945000000000
0.000727493000000000
0.000536270000000000
4.05535000000000e-06
-0.000537255000000000
-0.000852069000000000
-0.000549205000000000
0.000301748000000000
0.000708858000000000
0.000173180000000000
-0.000435083000000000
-0.000201651000000000
0.000385376000000000
0.000486773000000000
0.000320475000000000
0.000546618000000000
0.000898847000000000
0.000811397000000000
0.000529493000000000
0.000501797000000000
0.000754008000000000
0.000741926000000000
1.00238000000000e-05
-0.00125499000000000
-0.00192366000000000
-0.00127364000000000
0.000175819000000000
0.00120107000000000
0.00117912000000000
0.000524962000000000
-0.000135633000000000
-0.000350443000000000
-9.32165000000000e-05
0.000219170000000000
-5.41759000000000e-06
-0.000680557000000000
-0.00126295000000000
-0.00140348000000000
-0.00110595000000000
-0.000661843000000000
-0.000326529000000000
-0.000206103000000000
-8.73265000000000e-05
0.000233406000000000
0.000776215000000000
0.00134136000000000
0.00175071000000000
0.00173784000000000
0.00108315000000000
0.000260892000000000
-3.22116000000000e-05
0.000116619000000000
-0.000109195000000000
-0.000736108000000000
-0.00117134000000000
-0.00113498000000000
-0.000847775000000000
-0.000300986000000000
0.000453981000000000
0.000822770000000000
0.000489872000000000
0.000125209000000000
0.000498146000000000
0.00109182000000000
0.000947359000000000
0.000253722000000000
-0.000170369000000000
-0.000237687000000000
-0.000562128000000000
-0.00108056000000000
-0.00128661000000000
-0.00108998000000000
-0.000896549000000000
-0.000655724000000000
8.81368000000000e-05
0.00115034000000000
0.00164105000000000
0.00114885000000000
0.000387359000000000
0.000123801000000000
0.000186627000000000
8.19684000000000e-05
-0.000146100000000000
4.44394000000000e-05
0.000556861000000000
0.000860001000000000
0.000787207000000000
0.000821405000000000
0.000946847000000000
0.000725734000000000
0.000216714000000000
8.99163000000000e-05
0.000452641000000000
0.000676880000000000
0.000462911000000000
0.000151143000000000
-0.000215585000000000
-0.000859765000000000
-0.00125963000000000
-0.000862063000000000
-0.000448859000000000
-0.000954661000000000
-0.00151590000000000
-0.000835102000000000
0.000345387000000000
0.000348881000000000
-0.000435595000000000
-0.000372690000000000
0.000289915000000000
-3.35013000000000e-05
-0.00117667000000000
-0.00168544000000000
-0.00146993000000000
-0.00133939000000000
-0.00103591000000000
2.13759000000000e-05
0.000904810000000000
0.000473115000000000
-0.000429935000000000
-0.000450264000000000
-0.000108081000000000
-0.000633687000000000
-0.00149475000000000
-0.00156449000000000
-0.00118101000000000
-0.00128018000000000
-0.00138680000000000
-0.000439863000000000
0.00109552000000000
0.00170238000000000
0.00101818000000000
0.000185275000000000
2.86343000000000e-05
0.000239722000000000
0.000305188000000000
0.000264425000000000
0.000169319000000000
-0.000164932000000000
-0.000690801000000000
-0.000974701000000000
-0.000845385000000000
-0.000602392000000000
-0.000499249000000000
-0.000328709000000000
-3.46950000000000e-05
0.000111048000000000
-5.95511000000000e-05
-5.65739000000000e-05
0.000264136000000000
0.000402816000000000
-5.59606000000000e-05
-0.000592792000000000
-0.000694557000000000
-0.000606082000000000
-0.000804569000000000
-0.00119344000000000
-0.00134924000000000
-0.00114378000000000
-0.000611900000000000
0.000188085000000000
0.000916038000000000
0.000949644000000000
0.000399756000000000
3.92297000000000e-05
4.86287000000000e-05
-0.000229781000000000
-0.000903129000000000
-0.00128017000000000
-0.00111928000000000
-0.000911113000000000
-0.000902065000000000
-0.000580737000000000
0.000187494000000000
0.000870376000000000
0.000980532000000000
0.000636379000000000
-0.000105053000000000
-0.000964222000000000
-0.00146625000000000
-0.00137157000000000
-0.00113836000000000
-0.000907357000000000
-0.000360661000000000
0.000394464000000000
0.000444775000000000
-0.000330679000000000
-0.000892163000000000
-0.000635631000000000
-0.000358060000000000
-0.000679730000000000
-0.00112083000000000
-0.000936998000000000
-0.000354173000000000
-4.76713000000000e-05
-0.000231501000000000
-0.000633175000000000
-0.000942763000000000
-0.000998169000000000
-0.000815508000000000
-0.000803045000000000
-0.00108241000000000
-0.00138930000000000
-0.00140177000000000
-0.00144826000000000
-0.00172037000000000
-0.00191618000000000
-0.00138326000000000
-0.000357522000000000
0.000319818000000000
0.000206970000000000
-4.68610000000000e-05
0.000200745000000000
0.000634488000000000
0.000657352000000000
0.000436961000000000
0.000730330000000000
0.00143697000000000
0.00178984000000000
0.00149738000000000
0.00133243000000000
0.00173022000000000
0.00223924000000000
0.00246801000000000
0.00275666000000000
0.00335709000000000
0.00365861000000000
0.00338296000000000