-0.000397712000000000
-0.00104343000000000
-0.00140490000000000
-0.00123569000000000
-0.00175718000000000
-0.00376193000000000
-0.00441987000000000
0.000324399000000000
0.00756390000000000
0.00757536000000000
-0.00315444000000000
-0.0151947000000000
-0.0171951000000000
-0.00851235000000000
0.00321106000000000
0.0125240000000000
0.0177337000000000
0.0167987000000000
0.00910536000000000
-0.00117299000000000
-0.00874281000000000
-0.0114052000000000
-0.00909707000000000
-0.00318420000000000
0.00259421000000000
0.00654565000000000
0.00955865000000000
0.00967928000000000
0.00142136000000000
-0.0104248000000000
-0.0112809000000000
0.00318209000000000
0.0166381000000000
0.0150275000000000
0.00305092000000000
-0.00940194000000000
-0.0203926000000000
-0.0246753000000000
-0.0125485000000000
0.00913249000000000
0.0175191000000000
0.00800059000000000
0.00294636000000000
0.0127514000000000
0.0156662000000000
-0.00489884000000000
-0.0288170000000000
-0.0277174000000000
-0.00345535000000000
0.0181288000000000
0.0207508000000000
0.00748001000000000
-0.00793488000000000
-0.0124801000000000
-0.00112992000000000
0.0144427000000000
0.0151868000000000
-0.00202859000000000
-0.0167447000000000
-0.0114980000000000
0.00380947000000000
0.00654855000000000
-0.00665259000000000
-0.0165301000000000
-0.0123829000000000
-0.00748199000000000
-0.0144612000000000
-0.0199159000000000
-0.00436943000000000
0.0247516000000000
0.0416900000000000
0.0366711000000000
0.0228882000000000
0.0104949000000000
-0.00512640000000000
-0.0249544000000000
-0.0350777000000000
-0.0246884000000000
-0.00321449000000000
0.0106148000000000
0.00782729000000000
-0.00548013000000000
-0.0163655000000000
-0.0143571000000000
0.00173703000000000
0.0214804000000000
0.0298758000000000
0.0221073000000000
0.00737795000000000
-0.00502039000000000
-0.0122443000000000
-0.00965729000000000
0.00928618000000000
0.0339135000000000
0.0390890000000000
0.0175718000000000
-0.00685184000000000
-0.0178272000000000
-0.0299522000000000
-0.0543548000000000
-0.0681852000000000
-0.0490753000000000
-0.0129932000000000
0.0139621000000000
0.0335592000000000
0.0521332000000000
0.0503896000000000
0.0163865000000000
-0.0220677000000000
-0.0308424000000000
-0.0119752000000000
0.0157175000000000
0.0426355000000000
0.0582885000000000
0.0434994000000000
0.00374929000000000
-0.0280795000000000
-0.0344324000000000
-0.0358033000000000
-0.0525230000000000
-0.0773892000000000
-0.0890019000000000
-0.0684631000000000
-0.00728748000000000
0.0729130000000000
0.119199000000000
0.0994754000000000
0.0394841000000000
-0.0142452000000000
-0.0438247000000000
-0.0505279000000000
-0.0309017000000000
0.00608723000000000
0.0314100000000000
0.0290685000000000
0.0138725000000000
-0.00201701000000000
-0.0217161000000000
-0.0377063000000000
-0.0335355000000000
-0.0184646000000000
-0.0140582000000000
-0.0116432000000000
0.00853856000000000
0.0269549000000000
0.00913737000000000
-0.0313666000000000
-0.0479032000000000
-0.0241893000000000
0.0174954000000000
0.0533369000000000
0.0647033000000000
0.0396777000000000
-0.000452285000000000
-0.00995096000000000
0.0181696000000000
0.0386400000000000
0.0249031000000000
-5.36002000000000e-05
-0.0177785000000000
-0.0408563000000000
-0.0657555000000000
-0.0629017000000000
-0.0317985000000000
-0.00869804000000000
-0.00550291000000000
0.00625567000000000
0.0406772000000000
0.0748871000000000
0.0862482000000000
0.0721926000000000
0.0368318000000000
-0.00687594000000000
-0.0307766000000000
-0.0257209000000000
-0.0222679000000000
-0.0432821000000000
-0.0583741000000000
-0.0290303000000000
0.0257472000000000
0.0568004000000000
0.0521543000000000
0.0343507000000000
0.0137000000000000
-0.00896327000000000
-0.0216608000000000
-0.0182737000000000
-0.0133773000000000
-0.0128608000000000
0.00259369000000000
0.0359863000000000
0.0556547000000000
0.0435073000000000
0.0217754000000000
0.00607485000000000
-0.0169976000000000
-0.0441250000000000
-0.0425749000000000
-0.00871582000000000
0.0119615000000000
-0.00372124000000000
-0.0168949000000000
0.00920519000000000
0.0478031000000000
0.0474173000000000
0.00103865000000000
-0.0494717000000000
-0.0638328000000000
-0.0405864000000000
-0.00867723000000000
0.00997243000000000
0.0220322000000000
0.0409762000000000
0.0560510000000000
0.0436311000000000
0.00723256000000000
-0.0196090000000000
-0.0162509000000000
0.00238746000000000
0.0115925000000000
0.00675004000000000
-0.00470340000000000
-0.0196907000000000
-0.0410025000000000
-0.0614070000000000
-0.0602520000000000
-0.0259263000000000
0.0185081000000000
0.0352383000000000
0.0150340000000000
-0.0152237000000000
-0.0302762000000000
-0.0279755000000000
-0.0153646000000000
0.00325623000000000
0.0151947000000000
0.00997309000000000
0.000628872000000000
0.00823751000000000
0.0235137000000000
0.0204400000000000
0.000945106000000000
-0.00359218000000000
0.0212315000000000
0.0518342000000000
0.0559971000000000
0.0272815000000000
-0.00929184000000000
-0.0217833000000000
-0.00464994000000000
0.0143321000000000
0.0140938000000000
0.00899540000000000
0.0169172000000000
0.0217872000000000
0.00197447000000000
-0.0251072000000000
-0.0250993000000000
0.000411487000000000
0.0181486000000000
0.00950044000000000
-0.0129732000000000
-0.0281809000000000
-0.0237837000000000
-0.00412962000000000
0.0126338000000000
0.0141030000000000
0.00892969000000000
0.00732211000000000
0.00270405000000000
-0.00604680000000000
-0.00180274000000000
0.0162311000000000
0.0158374000000000
-0.0162232000000000
-0.0432531000000000
-0.0327283000000000
-0.00580396000000000
0.00456855000000000
0.00467074000000000
0.0155595000000000
0.0293359000000000
0.0280993000000000
0.0154080000000000
0.00414147000000000
-0.00601533000000000
-0.0154291000000000
-0.0139542000000000
8.87740000000000e-05
0.00942222000000000
0.000888373000000000
-0.0165656000000000
-0.0282955000000000
-0.0326242000000000
-0.0364868000000000
-0.0390363000000000
-0.0318209000000000
-0.0112231000000000
0.0115061000000000
0.0210405000000000
0.0114432000000000
-0.0117952000000000
-0.0392879000000000
-0.0565383000000000
-0.0500222000000000
-0.0216924000000000
0.00899725000000000
0.0257288000000000
0.0252652000000000
0.00997678000000000
-0.0145757000000000
-0.0346378000000000
-0.0405034000000000
-0.0436048000000000
-0.0594224000000000
-0.0771337000000000
-0.0730460000000000
-0.0507122000000000
-0.0355057000000000
-0.0365842000000000
-0.0427764000000000
-0.0506833000000000
-0.0674833000000000
-0.0874150000000000
-0.0887517000000000
-0.0601348000000000
-0.0147759000000000
0.0284548000000000
0.0669275000000000
0.108502000000000
0.147180000000000
0.157123000000000
0.120559000000000
0.0553425000000000
-0.00144124000000000
-0.0294518000000000
-0.0279123000000000
0.00497074000000000
0.0628517000000000
0.115700000000000
0.134906000000000
0.127274000000000
0.114091000000000
0.0942604000000000
0.0581568000000000
0.0245818000000000
0.0274988000000000
0.0689451000000000
0.111021000000000
0.116152000000000
0.0769902000000000
0.0125054000000000
-0.0534027000000000
-0.108477000000000
-0.152395000000000
-0.175955000000000
-0.160810000000000
-0.104888000000000
-0.0347642000000000
0.0269285000000000
0.0798953000000000
0.125065000000000
0.143176000000000
0.117725000000000
0.0575839000000000
-0.0104181000000000
-0.0599070000000000
-0.0737624000000000
-0.0583649000000000
-0.0452957000000000
-0.0602323000000000
-0.0921823000000000
-0.113104000000000
-0.112070000000000
-0.0933991000000000
-0.0581502000000000
-0.0144493000000000
0.0141873000000000
0.0129786000000000
-0.00365803000000000
-0.0139937000000000
-0.0104024000000000
0.0118012000000000
0.0574654000000000
0.105608000000000
0.111207000000000
0.0540348000000000
-0.0383963000000000
-0.126355000000000
-0.186951000000000
-0.202122000000000
-0.154660000000000
-0.0531090000000000
0.0668051000000000
0.171925000000000
0.246489000000000
0.278978000000000
0.267165000000000
0.226419000000000
0.165235000000000
0.0623670000000000
-0.0975527000000000
-0.266954000000000
-0.360482000000000
-0.336607000000000
-0.239141000000000
-0.139239000000000
-0.0747593000000000
-0.0338740000000000
0.00163720000000000
0.0287301000000000
0.0353832000000000
0.0319302000000000
0.0240049000000000
-0.0147101000000000
-0.100210000000000
-0.177588000000000
-0.174927000000000
-0.107938000000000
-0.0580594000000000
-0.0384279000000000
0.0166697000000000
0.114159000000000
0.160744000000000
0.101874000000000
0.00552056000000000
-0.0379538000000000
-0.0303012000000000
-0.0393774000000000
-0.105139000000000
-0.197170000000000
-0.238561000000000
-0.172004000000000
-0.0230107000000000
0.115962000000000
0.179418000000000
0.185976000000000
0.188768000000000
0.211749000000000
0.248412000000000
0.284864000000000
0.294939000000000
0.244935000000000
0.127735000000000
-0.0150643000000000
-0.113946000000000
-0.122573000000000
-0.0633429000000000
-0.0113581000000000
-0.0133668000000000
-0.0349894000000000
-0.0147443000000000
0.0482641000000000
0.0940260000000000
0.0813558000000000
0.0325031000000000
-0.00487474000000000
-0.00929092000000000
0.00900488000000000
0.0292305000000000
0.0237113000000000
-0.0375653000000000
-0.152237000000000
-0.252047000000000
-0.252244000000000
-0.146390000000000
-0.0195959000000000
0.0634561000000000
0.127029000000000
0.216068000000000
0.310597000000000
0.370425000000000
0.406786000000000
0.452536000000000
0.486302000000000
0.452667000000000
0.347919000000000
0.235150000000000
0.166473000000000
0.130629000000000
0.0994030000000000
0.0811912000000000
0.0931515000000000
0.102495000000000
0.0526837000000000
-0.0670658000000000
-0.215910000000000
-0.360548000000000
-0.487777000000000
-0.577644000000000
-0.611923000000000
-0.607696000000000
-0.588258000000000
-0.529642000000000
-0.394183000000000
-0.208930000000000
-0.0559035000000000
0.0112870000000000
0.00938811000000000
0.00536845000000000
0.0609052000000000
0.148141000000000
0.142873000000000
-0.0257156000000000
-0.240115000000000
-0.309702000000000
-0.215528000000000
-0.117783000000000
-0.118327000000000
-0.145573000000000
-0.111376000000000
-0.0317709000000000
0.0487777000000000
0.134037000000000
0.213579000000000
0.230660000000000
0.166460000000000
0.0907810000000000
0.0776447000000000
0.121959000000000
0.166341000000000
0.169528000000000
0.127181000000000
0.0642897000000000
0.0214462000000000
0.0266138000000000
0.0683735000000000
0.112525000000000
0.135709000000000
0.134498000000000
0.111155000000000
0.0740429000000000
0.0388810000000000
0.0151973000000000
-0.00699038000000000
-0.0404178000000000
-0.0767703000000000
-0.0949254000000000
-0.0925023000000000
-0.0865524000000000
-0.0746342000000000
-0.0260896000000000
0.0654210000000000
0.144836000000000
0.153409000000000
0.104277000000000
0.0604272000000000
0.0479454000000000
0.0430464000000000
0.0319210000000000
0.0266414000000000
0.0208799000000000
-0.00683538000000000
-0.0375443000000000
-0.0186187000000000
0.0536463000000000
0.114401000000000
0.114658000000000
0.0781781000000000
0.0498286000000000
0.0357783000000000
0.0198461000000000
0.000975711000000000
-0.0149682000000000
-0.0320079000000000
-0.0523874000000000
-0.0670948000000000
-0.0704727000000000
-0.0650391000000000
-0.0490806000000000
-0.0206362000000000
0.00646848000000000
0.0141043000000000
0.00281243000000000
-0.0170107000000000
-0.0455077000000000
-0.0796464000000000
-0.0991119000000000
-0.0902464000000000
-0.0694323000000000
-0.0568083000000000
-0.0494335000000000
-0.0403493000000000
-0.0415188000000000
-0.0587152000000000
-0.0691821000000000
-0.0526837000000000
-0.0240049000000000
-0.00951546000000000
-0.0131338000000000
-0.0261410000000000
-0.0464032000000000
-0.0668973000000000
-0.0679679000000000
-0.0423050000000000
-0.00872965000000000
0.0153409000000000
0.0335118000000000
0.0503343000000000
0.0555770000000000
0.0395157000000000
0.00720886000000000
-0.0311809000000000
-0.0636405000000000
-0.0763897000000000
-0.0664218000000000
-0.0514102000000000
-0.0439538000000000
-0.0326203000000000
-0.00841121000000000
0.00999627000000000
0.00397488000000000
-0.00889242000000000
-0.00153988000000000
0.0198435000000000
0.0269746000000000
0.0164418000000000
0.00980887000000000
0.0194853000000000
0.0353173000000000
0.0434428000000000
0.0396672000000000
0.0315180000000000
0.0352502000000000
0.0630703000000000
0.106675000000000
0.142070000000000
0.152553000000000
0.140621000000000
0.118683000000000
0.0961396000000000
0.0754533000000000
0.0536121000000000
0.0244975000000000
-0.0111175000000000
-0.0362300000000000
-0.0302485000000000
0.00305606000000000
0.0350987000000000
0.0441039000000000
0.0368068000000000
0.0302985000000000
0.0261779000000000
0.0183290000000000
0.0138475000000000
0.0202412000000000
0.0222903000000000
0.000484642000000000
-0.0350092000000000
-0.0581555000000000
-0.0637406000000000
-0.0644767000000000
-0.0637538000000000
-0.0615453000000000
-0.0724231000000000
-0.101270000000000
-0.119275000000000
-0.100237000000000
-0.0695456000000000
-0.0706900000000000
-0.0998863000000000
-0.112811000000000
-0.0906902000000000
-0.0572060000000000
-0.0367251000000000
-0.0290540000000000
-0.0260673000000000
-0.0273578000000000
-0.0349763000000000
-0.0483576000000000
-0.0642726000000000
-0.0767847000000000
-0.0786495000000000
-0.0661295000000000
-0.0366843000000000
0.0104796000000000
0.0626291000000000
0.0907745000000000
0.0767400000000000
0.0362510000000000
0.00377602000000000
-0.00247477000000000
0.0108049000000000
0.0282836000000000
0.0417703000000000
0.0506938000000000
0.0604364000000000
0.0739652000000000
0.0830520000000000
0.0732198000000000
0.0493268000000000
0.0375416000000000
0.0531801000000000
0.0755547000000000
0.0760776000000000
0.0577538000000000
0.0481771000000000
0.0573838000000000
0.0687278000000000
0.0680812000000000
0.0582753000000000
0.0422470000000000
0.0141372000000000
-0.0264847000000000
-0.0664363000000000
-0.0896116000000000
-0.0884409000000000
-0.0687225000000000
-0.0488764000000000
-0.0440894000000000
-0.0460714000000000
-0.0320882000000000
-2.20111000000000e-05
0.0234518000000000
0.0154436000000000
-0.0174769000000000
-0.0534462000000000
-0.0772391000000000
-0.0850774000000000
-0.0812860000000000
-0.0743471000000000
-0.0643240000000000
-0.0395579000000000
0.00140964000000000
0.0363511000000000
0.0445293000000000
0.0329521000000000
0.0179971000000000
0.000392589000000000
-0.0214290000000000
-0.0306107000000000
-0.0121012000000000
0.0224299000000000
0.0523979000000000
0.0768229000000000
0.0998138000000000
0.109886000000000
0.0991080000000000
0.0848522000000000
0.0834760000000000
0.0824041000000000
0.0665746000000000
0.0507504000000000
0.0549909000000000
0.0666312000000000
0.0609698000000000
0.0398015000000000
0.0192864000000000
-0.00122886000000000
-0.0270510000000000
-0.0437839000000000
-0.0387769000000000
-0.0288078000000000
-0.0347498000000000
-0.0464427000000000
-0.0431702000000000
-0.0313402000000000
-0.0293016000000000
-0.0336449000000000
-0.0314021000000000
-0.0300417000000000
-0.0428660000000000
-0.0566647000000000
-0.0482864000000000
-0.0239931000000000
-0.0126250000000000
-0.0215173000000000
-0.0312796000000000
-0.0322884000000000
-0.0388559000000000
-0.0578776000000000
-0.0695061000000000
-0.0532315000000000
-0.0188860000000000
0.00869356000000000
0.0230989000000000
0.0348512000000000
0.0415003000000000
0.0276792000000000
-0.00140121000000000
-0.0135248000000000
0.00754915000000000
0.0358375000000000
0.0391733000000000
0.0216898000000000
0.00898842000000000
0.0104756000000000
0.0183948000000000
0.0302788000000000
0.0454853000000000
0.0526942000000000
0.0422510000000000
0.0221468000000000
0.00240524000000000
-0.0205506000000000
-0.0478953000000000
-0.0643266000000000
-0.0600216000000000
-0.0484945000000000
-0.0454603000000000
-0.0443291000000000
-0.0316089000000000
-0.00944948000000000
0.0127091000000000
0.0324530000000000
0.0452654000000000
0.0399292000000000
0.0161192000000000
-0.00935361000000000
-0.0216964000000000
-0.0199067000000000
-0.00901292000000000
0.00428080000000000
0.00915159000000000
0.00212987000000000
-0.00445753000000000
-0.00161653000000000
0.000466126000000000
-0.00488132000000000
-0.00118687000000000
0.0223351000000000
0.0447900000000000
0.0420218000000000
0.0229593000000000
0.00821433000000000
-0.00321396000000000
-0.0196802000000000
-0.0289395000000000
-0.0185015000000000
-0.00340347000000000
-0.00701145000000000
-0.0247622000000000
-0.0346483000000000
-0.0279426000000000
-0.0137843000000000
0.000222455000000000
0.0128864000000000
0.0246423000000000
0.0334486000000000
0.0347037000000000
0.0232569000000000
0.00417031000000000
-0.00376378000000000
0.0127040000000000
0.0390100000000000
0.0462044000000000
0.0252350000000000
-0.00298376000000000
-0.0126453000000000
0.00273868000000000
0.0276700000000000
0.0400636000000000
0.0300510000000000
0.00778462000000000
-0.00772417000000000
-0.00893219000000000
-0.00369082000000000
0.00137237000000000
0.0116258000000000
0.0330259000000000
0.0572231000000000
0.0681259000000000
0.0585967000000000
0.0367265000000000
0.0169212000000000
0.0101997000000000
0.0167816000000000
0.0238522000000000
0.0164050000000000
-0.00531907000000000
-0.0233004000000000
-0.0218807000000000
-0.00366079000000000
0.0186108000000000
0.0369517000000000
0.0455327000000000
0.0362168000000000
0.0103495000000000
-0.0150143000000000
-0.0281269000000000
-0.0380697000000000
-0.0550607000000000
-0.0676163000000000
-0.0606945000000000
-0.0417426000000000
-0.0284232000000000
-0.0216845000000000
-0.0143361000000000
-0.0120104000000000
-0.0233939000000000
-0.0369977000000000
-0.0338911000000000
-0.0165235000000000
-0.00680746000000000
-0.0163194000000000
-0.0342809000000000
-0.0418835000000000
-0.0306449000000000
-0.0104160000000000
0.000178430000000000
-0.00743274000000000
-0.0204677000000000
-0.0208404000000000
-0.00479704000000000
0.0167803000000000
0.0334723000000000
0.0400438000000000
0.0345246000000000
0.0196104000000000
0.00167079000000000
-0.0160441000000000
-0.0345035000000000
-0.0493808000000000
-0.0489712000000000
-0.0285997000000000
-0.000838277000000000
0.0162957000000000
0.0171964000000000
0.00810055000000000
-0.00552688000000000
-0.0236546000000000
-0.0416452000000000
-0.0460832000000000
-0.0289974000000000
-0.000822658000000000
0.0204861000000000
0.0280584000000000
0.0269917000000000
0.0231766000000000
0.0183659000000000
0.0128385000000000
0.00479941000000000
-0.00856911000000000
-0.0233834000000000
-0.0264373000000000
-0.0108404000000000
0.0118585000000000
0.0240813000000000
0.0228408000000000
0.0184659000000000
0.0163839000000000
0.0116153000000000
0.00275383000000000
-0.000385267000000000
0.00861020000000000
0.0206639000000000
0.0245673000000000
0.0239128000000000
0.0294939000000000
0.0403362000000000
0.0465863000000000
0.0446702000000000
0.0385148000000000
0.0299035000000000
0.0213592000000000
0.0186951000000000
0.0198356000000000
0.0126197000000000
-0.00442514000000000
-0.0145613000000000
-0.00839738000000000
0.000981176000000000
-0.000131969000000000
-0.00708625000000000
-0.0119191000000000
-0.0161758000000000
-0.0195669000000000
-0.0145231000000000
-0.00357032000000000
-0.00252350000000000
-0.0167618000000000
-0.0301787000000000
-0.0267665000000000
-0.0110527000000000
0.00113621000000000
-0.000257433000000000
-0.0141583000000000
-0.0333024000000000
-0.0478821000000000
-0.0501591000000000
-0.0382936000000000
-0.0176481000000000
0.000771653000000000
0.00561024000000000
-0.00613332000000000
-0.0248293000000000
-0.0376101000000000
-0.0396843000000000
-0.0352489000000000
-0.0290330000000000
-0.0212381000000000
-0.00959895000000000
0.00576432000000000
0.0213948000000000
0.0325755000000000
0.0348301000000000
0.0262398000000000
0.0106246000000000
-0.00274487000000000