0.000585400000000000
0.00156527000000000
0.00228472000000000
0.000831040000000000
-0.000244189000000000
0.00206210000000000
0.00112646000000000
-0.0138309000000000
-0.0333809000000000
-0.0313319000000000
-0.00182512000000000
0.0304488000000000
0.0450592000000000
0.0498395000000000
0.0535125000000000
0.0421864000000000
0.00579563000000000
-0.0342297000000000
-0.0505354000000000
-0.0445855000000000
-0.0330516000000000
-0.0203138000000000
-0.00477491000000000
0.00741306000000000
0.0138316000000000
0.0211589000000000
0.0274239000000000
0.0192628000000000
-0.00444083000000000
-0.0255713000000000
-0.0315184000000000
-0.0295258000000000
-0.0287863000000000
-0.0248233000000000
-0.0121898000000000
0.00253491000000000
0.0102308000000000
0.00978715000000000
0.00305453000000000
-0.00914487000000000
-0.0214776000000000
-0.0235659000000000
-0.0104223000000000
0.0100929000000000
0.0231279000000000
0.0195593000000000
0.00299716000000000
-0.0154384000000000
-0.0280876000000000
-0.0348255000000000
-0.0365523000000000
-0.0315098000000000
-0.0203238000000000
-0.00955424000000000
-0.00439718000000000
-0.00294815000000000
-0.000827325000000000
0.000843328000000000
-0.00166572000000000
-0.00781243000000000
-0.0116726000000000
-0.00735519000000000
0.00619936000000000
0.0211611000000000
0.0253763000000000
0.0157770000000000
0.00432109000000000
0.00191992000000000
0.00356450000000000
-0.00207817000000000
-0.0150576000000000
-0.0286806000000000
-0.0425829000000000
-0.0584128000000000
-0.0649207000000000
-0.0481113000000000
-0.0129743000000000
0.0165644000000000
0.0254535000000000
0.0173417000000000
0.00402774000000000
-0.00798318000000000
-0.0153105000000000
-0.0139709000000000
-0.000925489000000000
0.0178089000000000
0.0312183000000000
0.0392208000000000
0.0523058000000000
0.0658752000000000
0.0517371000000000
-0.00669969000000000
-0.0847829000000000
-0.143417000000000
-0.170309000000000
-0.157435000000000
-0.0762811000000000
0.0712378000000000
0.198301000000000
0.217276000000000
0.149304000000000
0.0882122000000000
0.0650293000000000
0.0331416000000000
-0.0337910000000000
-0.106545000000000
-0.162114000000000
-0.195457000000000
-0.181590000000000
-0.0963569000000000
0.0375940000000000
0.181747000000000
0.310775000000000
0.377097000000000
0.324564000000000
0.196750000000000
0.130157000000000
0.180825000000000
0.246661000000000
0.222463000000000
0.115247000000000
-0.0342947000000000
-0.213797000000000
-0.360358000000000
-0.372146000000000
-0.264837000000000
-0.185091000000000
-0.195864000000000
-0.191271000000000
-0.0784744000000000
0.0815465000000000
0.185927000000000
0.222906000000000
0.230436000000000
0.207667000000000
0.136058000000000
0.0375847000000000
-0.0413377000000000
-0.0782815000000000
-0.0864976000000000
-0.0894125000000000
-0.0919631000000000
-0.0734018000000000
-0.0218677000000000
0.0286749000000000
0.0276375000000000
-0.0218198000000000
-0.0618886000000000
-0.0603861000000000
-0.0530509000000000
-0.0807249000000000
-0.116454000000000
-0.0945351000000000
-0.00390557000000000
0.0901484000000000
0.126756000000000
0.112660000000000
0.0904199000000000
0.0800390000000000
0.0769526000000000
0.0724659000000000
0.0450385000000000
-0.0300845000000000
-0.123499000000000
-0.152762000000000
-0.0941350000000000
-0.0344104000000000
-0.0476590000000000
-0.0731518000000000
-0.00637061000000000
0.136237000000000
0.234166000000000
0.224478000000000
0.145246000000000
0.0524001000000000
-0.0217912000000000
-0.0515842000000000
-0.0438546000000000
-0.0508998000000000
-0.103216000000000
-0.163650000000000
-0.192178000000000
-0.200230000000000
-0.188942000000000
-0.111067000000000
0.0371053000000000
0.159099000000000
0.175753000000000
0.123770000000000
0.0795032000000000
0.0543534000000000
0.0251398000000000
-0.00249376000000000
-0.0190778000000000
-0.0449256000000000
-0.0876978000000000
-0.110038000000000
-0.0829397000000000
-0.0279669000000000
0.0210532000000000
0.0541190000000000
0.0616536000000000
0.0274053000000000
-0.0302002000000000
-0.0557665000000000
-0.0269038000000000
0.0122327000000000
0.0123156000000000
-0.0162114000000000
-0.0268845000000000
-0.00203902000000000
0.0330065000000000
0.0501682000000000
0.0484056000000000
0.0439425000000000
0.0474354000000000
0.0495788000000000
0.0277954000000000
-0.0284941000000000
-0.0952352000000000
-0.129721000000000
-0.111589000000000
-0.0650700000000000
-0.0322199000000000
-0.0266144000000000
-0.0190278000000000
0.0236273000000000
0.0900341000000000
0.131286000000000
0.120019000000000
0.0760310000000000
0.0208181000000000
-0.0499688000000000
-0.126199000000000
-0.167523000000000
-0.163922000000000
-0.157713000000000
-0.158149000000000
-0.0967713000000000
0.0624259000000000
0.226528000000000
0.279090000000000
0.234494000000000
0.194886000000000
0.197601000000000
0.188470000000000
0.119898000000000
-0.00366323000000000
-0.149812000000000
-0.271010000000000
-0.310733000000000
-0.253320000000000
-0.149169000000000
-0.0551664000000000
0.0200130000000000
0.0859117000000000
0.123527000000000
0.114725000000000
0.0842042000000000
0.0683543000000000
0.0550528000000000
-0.000462616000000000
-0.0992147000000000
-0.169344000000000
-0.138316000000000
-0.0235723000000000
0.0755880000000000
0.0845257000000000
0.0215776000000000
-0.0397795000000000
-0.0495316000000000
-0.00929490000000000
0.0484321000000000
0.0920845000000000
0.109524000000000
0.103616000000000
0.0754523000000000
0.0266401000000000
-0.0221442000000000
-0.0468946000000000
-0.0587529000000000
-0.0921774000000000
-0.139231000000000
-0.145982000000000
-0.0893982000000000
-0.0153148000000000
0.0371503000000000
0.0881694000000000
0.165279000000000
0.235137000000000
0.234509000000000
0.144889000000000
0.0171938000000000
-0.0774670000000000
-0.111039000000000
-0.111482000000000
-0.112932000000000
-0.109488000000000
-0.0771527000000000
-0.0264079000000000
0.00365616000000000
-0.00196500000000000
-0.0232194000000000
-0.0401095000000000
-0.0429730000000000
-0.0206545000000000
0.0235266000000000
0.0587601000000000
0.0639869000000000
0.0566539000000000
0.0525837000000000
0.0299244000000000
-0.0271274000000000
-0.0831611000000000
-0.0935348000000000
-0.0665939000000000
-0.0436046000000000
-0.0413862000000000
-0.0453707000000000
-0.0395994000000000
-0.0146554000000000
0.0322207000000000
0.0837398000000000
0.105659000000000
0.0829325000000000
0.0350684000000000
-0.0122148000000000
-0.0500510000000000
-0.0710592000000000
-0.0620108000000000
-0.0291443000000000
-0.00716086000000000
-0.0173781000000000
-0.0317070000000000
-0.00482706000000000
0.0622944000000000
0.116311000000000
0.113504000000000
0.0669261000000000
0.0225471000000000
0.00716086000000000
0.00659609000000000
-0.0121119000000000
-0.0619972000000000
-0.113146000000000
-0.121420000000000
-0.0833540000000000
-0.0435574000000000
-0.0306203000000000
-0.0166722000000000
0.0321063000000000
0.0968999000000000
0.134994000000000
0.136101000000000
0.109167000000000
0.0511041000000000
-0.0266630000000000
-0.0760524000000000
-0.0690409000000000
-0.0436324000000000
-0.0479905000000000
-0.0713678000000000
-0.0737876000000000
-0.0502539000000000
-0.0227536000000000
0.00194736000000000
0.0279690000000000
0.0472018000000000
0.0507404000000000
0.0447155000000000
0.0392844000000000
0.0374268000000000
0.0383870000000000
0.0359486000000000
0.0196529000000000
-0.00825896000000000
-0.0269123000000000
-0.0235466000000000
-0.0124977000000000
-0.0144653000000000
-0.0263001000000000
-0.0243882000000000
0.00798461000000000
0.0583007000000000
0.0875478000000000
0.0668068000000000
0.0132951000000000
-0.0283469000000000
-0.0420757000000000
-0.0461844000000000
-0.0475140000000000
-0.0308153000000000
-0.000583964000000000
0.0114489000000000
-0.00608620000000000
-0.0223170000000000
-0.00740306000000000
0.0261850000000000
0.0384327000000000
0.00824824000000000
-0.0417170000000000
-0.0646999000000000
-0.0398580000000000
0.00243632000000000
0.0191599000000000
0.0122763000000000
0.0212983000000000
0.0603590000000000
0.0940778000000000
0.0837756000000000
0.0335917000000000
-0.0183383000000000
-0.0399831000000000
-0.0345433000000000
-0.0327808000000000
-0.0538883000000000
-0.0762025000000000
-0.0633696000000000
-0.0154155000000000
0.0297687000000000
0.0479655000000000
0.0526430000000000
0.0607462000000000
0.0654773000000000
0.0560295000000000
0.0380819000000000
0.0199044000000000
-0.00308546000000000
-0.0353542000000000
-0.0664289000000000
-0.0790817000000000
-0.0649743000000000
-0.0292929000000000
0.0119512000000000
0.0397402000000000
0.0474161000000000
0.0453293000000000
0.0452764000000000
0.0435374000000000
0.0278190000000000
-0.00237938000000000
-0.0293050000000000
-0.0358379000000000
-0.0270352000000000
-0.0256435000000000
-0.0423429000000000
-0.0548563000000000
-0.0302081000000000
0.0292636000000000
0.0769241000000000
0.0723230000000000
0.0276675000000000
-0.0114904000000000
-0.0218855000000000
-0.0204081000000000
-0.0289199000000000
-0.0448949000000000
-0.0525816000000000
-0.0429966000000000
-0.0137437000000000
0.0305689000000000
0.0686865000000000
0.0759381000000000
0.0546470000000000
0.0312547000000000
0.0140995000000000
-0.0173081000000000
-0.0670319000000000
-0.0968713000000000
-0.0765525000000000
-0.0320513000000000
-0.0114489000000000
-0.0177982000000000
-0.0130500000000000
0.0220348000000000
0.0627109000000000
0.0780457000000000
0.0672055000000000
0.0493466000000000
0.0337017000000000
0.0134222000000000
-0.0160614000000000
-0.0447656000000000
-0.0567775000000000
-0.0474847000000000
-0.0284484000000000
-0.0146961000000000
-0.00848186000000000
-0.000168909000000000
0.0155934000000000
0.0309104000000000
0.0346826000000000
0.0258450000000000
0.0120712000000000
-0.000480248000000000
-0.00962855000000000
-0.0130822000000000
-0.0102644000000000
-0.00582307000000000
-0.00435274000000000
-0.00401524000000000
-0.00123956000000000
0.00288942000000000
0.00557344000000000
0.00714336000000000
0.00817751000000000
0.00851473000000000
0.0110967000000000
0.0188163000000000
0.0256492000000000
0.0221713000000000
0.0105945000000000
0.00311176000000000
0.00428573000000000
0.00685915000000000
0.00474862000000000
-0.000383270000000000
-0.00577527000000000
-0.0122820000000000
-0.0219170000000000
-0.0347198000000000
-0.0463430000000000
-0.0473354000000000
-0.0302059000000000
-0.000272960000000000
0.0253884000000000
0.0341647000000000
0.0299366000000000
0.0272081000000000
0.0334481000000000
0.0369410000000000
0.0168887000000000
-0.0272967000000000
-0.0640291000000000
-0.0614242000000000
-0.0250262000000000
0.0118869000000000
0.0295572000000000
0.0346340000000000
0.0375518000000000
0.0381391000000000
0.0336131000000000
0.0230644000000000
0.00476176000000000
-0.0179675000000000
-0.0336267000000000
-0.0381377000000000
-0.0429959000000000
-0.0543691000000000
-0.0556551000000000
-0.0302152000000000
0.00820823000000000
0.0290428000000000
0.0259271000000000
0.0220248000000000
0.0339375000000000
0.0491501000000000
0.0464231000000000
0.0258757000000000
0.00622208000000000
-0.00458179000000000
-0.0191442000000000
-0.0437032000000000
-0.0598717000000000
-0.0514177000000000
-0.0339439000000000
-0.0309661000000000
-0.0306939000000000
-0.00300252000000000
0.0439539000000000
0.0662860000000000
0.0496059000000000
0.0268695000000000
0.0205202000000000
0.0116754000000000
-0.0148083000000000
-0.0376861000000000
-0.0346440000000000
-0.0165486000000000
-0.00281305000000000
0.00769955000000000
0.0212782000000000
0.0300195000000000
0.0270052000000000
0.0195600000000000
0.0135287000000000
0.00324679000000000
-0.0125999000000000
-0.0232644000000000
-0.0235588000000000
-0.0225785000000000
-0.0266273000000000
-0.0267294000000000
-0.0124799000000000
0.0110031000000000
0.0269102000000000
0.0239174000000000
0.00631260000000000
-0.0102873000000000
-0.0138373000000000
-0.00760524000000000
-0.00420928000000000
-0.00815536000000000
-0.0113639000000000
-0.00844471000000000
-0.00656201000000000
-0.0136309000000000
-0.0236738000000000
-0.0232758000000000
-0.00970285000000000
0.00428144000000000
0.00515099000000000
-0.00452264000000000
-0.00741091000000000
0.00732161000000000
0.0272081000000000
0.0283377000000000
0.00531624000000000
-0.0205024000000000
-0.0266337000000000
-0.0148297000000000
-0.00277132000000000
-0.000218677000000000
-0.00199880000000000
0.000489665000000000
0.0102208000000000
0.0237102000000000
0.0343383000000000
0.0377333000000000
0.0351534000000000
0.0295158000000000
0.0211954000000000
0.0116583000000000
0.00444069000000000
-0.00362873000000000
-0.0221134000000000
-0.0480398000000000
-0.0585422000000000
-0.0386671000000000
-0.00640798000000000
0.00795675000000000
0.00214018000000000
-0.000441961000000000
0.0121805000000000
0.0267309000000000
0.0285806000000000
0.0179840000000000
0.000191435000000000
-0.0215104000000000
-0.0379576000000000
-0.0366831000000000
-0.0203552000000000
-0.00784744000000000
-0.00850687000000000
-0.00731089000000000
0.0120784000000000
0.0400417000000000
0.0504197000000000
0.0333138000000000
0.00438289000000000
-0.0163429000000000
-0.0251605000000000
-0.0314140000000000
-0.0408297000000000
-0.0446305000000000
-0.0269195000000000
0.0144353000000000
0.0566110000000000
0.0721873000000000
0.0592252000000000
0.0374261000000000
0.0180583000000000
-0.00270817000000000
-0.0242739000000000
-0.0402317000000000
-0.0547077000000000
-0.0741449000000000
-0.0823681000000000
-0.0579120000000000
-0.0145882000000000
0.0109596000000000
0.0172495000000000
0.0354771000000000
0.0683757000000000
0.0757667000000000
0.0379090000000000
-0.0117290000000000
-0.0321178000000000
-0.0249984000000000
-0.0192471000000000
-0.0300459000000000
-0.0460044000000000
-0.0420885000000000
-0.00251127000000000
0.0554472000000000
0.0862118000000000
0.0644920000000000
0.0168787000000000
-0.0114961000000000
-0.0115175000000000
-0.00862332000000000
-0.0199980000000000
-0.0361372000000000
-0.0407547000000000
-0.0283934000000000
-0.00326379000000000
0.0235823000000000
0.0367724000000000
0.0292407000000000
0.0126556000000000
0.00508505000000000
0.00847901000000000
0.00804891000000000
-0.00417035000000000
-0.0160442000000000
-0.0123406000000000
0.00323393000000000
0.0143453000000000
0.0141531000000000
0.00835041000000000
6.08262000000000e-05
-0.0119226000000000
-0.0204331000000000
-0.0134587000000000
0.00586122000000000
0.0195200000000000
0.0199115000000000
0.0181226000000000
0.0214583000000000
0.0199244000000000
0.00422879000000000
-0.0179875000000000
-0.0333459000000000
-0.0378640000000000
-0.0315812000000000
-0.0131529000000000
0.0105502000000000
0.0228615000000000
0.0170838000000000
0.00538440000000000
5.08583000000000e-05
-0.00142067000000000
-0.00399388000000000
-0.00379355000000000
0.000623851000000000
0.000488979000000000
-0.00770527000000000
-0.0123499000000000
-0.00392915000000000
0.00978215000000000
0.0149726000000000
0.00857903000000000
-0.00328951000000000
-0.0137837000000000
-0.0181326000000000
-0.0165129000000000
-0.0155106000000000
-0.0183176000000000
-0.0166501000000000
-0.00338353000000000
0.0121034000000000
0.0155334000000000
0.00922703000000000
0.00627174000000000
0.00786959000000000
0.00390129000000000
-0.00660710000000000
-0.0122427000000000
-0.00728446000000000
0.00127307000000000
0.00684329000000000
0.0109438000000000
0.0152769000000000
0.0162872000000000
0.0113332000000000
0.00287628000000000
-0.00520857000000000
-0.0107366000000000
-0.0116561000000000
-0.00607526000000000
0.00401067000000000
0.0121184000000000
0.0128028000000000
0.00771670000000000
0.00431209000000000
0.00830540000000000
0.0167508000000000
0.0197751000000000
0.00978144000000000
-0.0104044000000000
-0.0287527000000000
-0.0323085000000000
-0.0170859000000000
0.00665446000000000
0.0203795000000000
0.0154570000000000
0.00397209000000000
0.00430059000000000
0.0164893000000000
0.0220806000000000
0.00974357000000000
-0.00943350000000000
-0.0176482000000000
-0.0123056000000000
-0.00441704000000000
-0.00171266000000000
-0.00223642000000000
-0.00182997000000000
-0.000128585000000000
0.000701576000000000
-0.00100215000000000
-0.00448827000000000
-0.00594738000000000
-0.00217934000000000
0.00411533000000000
0.00651236000000000
0.00433210000000000
0.00435146000000000
0.00980073000000000
0.0139359000000000
0.0102930000000000
0.00250691000000000
-0.00321113000000000
-0.00825253000000000
-0.0152176000000000
-0.0181268000000000
-0.0101794000000000
0.00297658000000000
0.00876193000000000
0.00400660000000000
-0.00369846000000000
-0.00816037000000000
-0.00836184000000000
-0.00330716000000000
0.00709620000000000
0.0169837000000000
0.0186870000000000
0.0115325000000000
0.00200780000000000
-0.00370389000000000
-0.00443247000000000
-0.00298723000000000
-0.00258914000000000
-0.00349684000000000
-0.00316941000000000
-0.000639605000000000
0.00147175000000000
0.000925418000000000
-0.00129236000000000
-0.00410047000000000
-0.00801605000000000
-0.0116233000000000
-0.0111996000000000
-0.00596160000000000
-3.53099000000000e-05
0.00245232000000000
0.00127757000000000
-0.000198622000000000
0.00194057000000000
0.00668883000000000
0.00548642000000000
-0.00724588000000000
-0.0206931000000000
-0.0163807000000000
0.00619086000000000
0.0261643000000000
0.0281769000000000
0.0193821000000000
0.0128114000000000
0.00795889000000000
-0.00263815000000000
-0.0165222000000000
-0.0226721000000000
-0.0165358000000000
-0.00652936000000000
-0.00370067000000000
-0.00756023000000000
-0.00546292000000000
0.00949709000000000
0.0249748000000000
0.0236952000000000
0.00885123000000000
0.000156449000000000
0.00516585000000000
0.0108645000000000
0.00652743000000000
-0.00151355000000000
-0.00423893000000000
-0.00428001000000000
-0.00763025000000000
-0.0113439000000000
-0.00816680000000000
0.00292264000000000
0.0159792000000000
0.0230358000000000
0.0183662000000000
0.00360293000000000
-0.00997505000000000
-0.0110874000000000
-0.00120534000000000
0.00782886000000000
0.00954781000000000
0.00874049000000000
0.0105923000000000
0.0111903000000000
0.00416556000000000
-0.00856045000000000
-0.0180618000000000
-0.0188613000000000
-0.0133658000000000
-0.00715800000000000
-0.00271910000000000
0.00203645000000000
0.00983716000000000
0.0186512000000000
0.0218805000000000
0.0156084000000000
0.00355092000000000
-0.00791531000000000
-0.0171073000000000
-0.0253606000000000
-0.0304924000000000
-0.0275053000000000
-0.0153827000000000
0.000774885000000000
0.0136351000000000
0.0183676000000000
0.0158621000000000
0.0121098000000000
0.0107002000000000
0.00652493000000000
-0.00615450000000000
-0.0205302000000000
-0.0220113000000000
-0.00817751000000000
0.00755595000000000
0.0141845000000000
0.0142010000000000
0.0129528000000000
0.00880694000000000
-0.00141274000000000
-0.0153884000000000
-0.0278647000000000
-0.0331423000000000
-0.0253213000000000
-0.00433160000000000
0.0185941000000000
0.0308068000000000
0.0315712000000000
0.0270245000000000
0.0166036000000000
-0.00286156000000000
-0.0237309000000000
-0.0325322000000000
-0.0280090000000000
-0.0207274000000000
-0.0155477000000000
-0.00736376000000000
0.00499095000000000
0.0139509000000000
0.0152226000000000
0.0134901000000000
0.0124513000000000
0.00888052000000000
0.00139416000000000
-0.00335860000000000
0.000420192000000000
0.00803105000000000
0.00961711000000000
0.00233759000000000
-0.00719372000000000
-0.0115282000000000
-0.0101672000000000
-0.00886481000000000
-0.0116997000000000
-0.0143439000000000
-0.00825896000000000
0.00697232000000000
0.0201430000000000
0.0214240000000000
0.0140867000000000
0.00772456000000000
0.00415406000000000
-0.00222249000000000
-0.0125178000000000
-0.0202930000000000
-0.0194414000000000
-0.00972499000000000
0.00425494000000000
0.0154655000000000
0.0184426000000000
0.0134287000000000
0.00530367000000000
-0.00156613000000000
-0.00466131000000000
-0.00201409000000000
0.00528530000000000
0.0108388000000000
0.00928847000000000
0.00340575000000000
-0.000513756000000000
-0.00177125000000000
-0.00436817000000000
-0.00951781000000000
-0.0141553000000000
-0.0149633000000000
-0.0109431000000000
-0.00334152000000000
0.00575962000000000
0.0156356000000000
0.0259150000000000
0.0321671000000000
0.0273489000000000
0.0108059000000000
-0.00799461000000000
-0.0190678000000000
-0.0213940000000000
-0.0204059000000000
-0.0194979000000000
-0.0177410000000000
-0.0127721000000000
-0.00402967000000000
0.00596503000000000
0.0134544000000000
0.0171445000000000
0.0181140000000000
0.0161928000000000
0.0106495000000000
0.00395980000000000
9.58854000000000e-05
-0.00144003000000000
-0.00374475000000000
-0.00661967000000000
-0.00835684000000000
-0.0112875000000000
-0.0173967000000000
-0.0214497000000000
-0.0168487000000000
-0.00639826000000000
0.000658009000000000
0.00110239000000000
-0.000622808000000000
-0.00129136000000000
-0.00147061000000000
-0.000633175000000000
0.00254027000000000
0.00548521000000000
0.00399616000000000
-0.000866905000000000
-0.00334859000000000
-0.00105280000000000
0.00111682000000000
-0.00269745000000000
-0.0113539000000000
-0.0173938000000000
-0.0155270000000000
-0.00749808000000000
0.00248983000000000
0.0128757000000000
0.0220198000000000
0.0245147000000000
0.0170052000000000
0.00540655000000000
-0.000793031000000000
-0.000392793000000000
-6.40498000000000e-05
-0.00341982000000000
-0.00746450000000000
-0.00883408000000000
-0.00770955000000000
-0.00609377000000000
-0.00589315000000000
-0.00707813000000000
-0.00594759000000000
0.00113782000000000
0.0104466000000000
0.0135373000000000
0.00915987000000000
0.00550114000000000
0.00708227000000000
0.00793746000000000
0.00195393000000000
-0.00710763000000000
-0.0114704000000000
-0.0100422000000000
-0.00767312000000000
-0.00688716000000000
-0.00516406000000000
-0.000211382000000000
0.00556972000000000
0.00720087000000000
0.00347848000000000
-0.00106030000000000
-0.00174324000000000
0.000159056000000000
0.000195507000000000
-0.00205467000000000
-0.00154884000000000
0.00563617000000000
0.0168094000000000
0.0244175000000000
0.0228993000000000
0.0133122000000000
0.00104694000000000
-0.0100679000000000
-0.0195614000000000
-0.0258021000000000
-0.0247333000000000
-0.0160714000000000
-0.00631632000000000
-0.000640112000000000
0.00375654000000000
0.0106602000000000
0.0160492000000000
0.0129657000000000
0.00287906000000000
-0.00538418000000000
-0.00687358000000000
-0.00479020000000000
-0.00321728000000000
-0.00190356000000000
0.000425794000000000
0.00227450000000000
0.00141610000000000
-0.00158492000000000
-0.00412255000000000
-0.00497817000000000
-0.00523136000000000
-0.00529809000000000
-0.00352763000000000
0.000717515000000000
0.00423922000000000
0.00304753000000000
-0.00241653000000000
-0.00799890000000000
-0.0114104000000000
-0.0135601000000000
-0.0137502000000000
-0.00872049000000000
0.00152705000000000
0.0107045000000000
0.0128021000000000
0.00883909000000000
0.00427172000000000
0.00122434000000000
-0.00283548000000000
-0.00932562000000000
-0.0149083000000000
-0.0148740000000000
-0.00838541000000000
0.00133151000000000
0.0107731000000000
0.0181383000000000
0.0218148000000000
0.0198844000000000
0.0128228000000000
0.00462773000000000
-0.000815465000000000
-0.00384556000000000
-0.00718086000000000
-0.0110496000000000
-0.0126371000000000
-0.0100715000000000
-0.00442897000000000
0.00203395000000000
0.00732804000000000
0.0100043000000000
0.0101701000000000
0.00991146000000000
0.0100022000000000
0.00727446000000000
-0.000999648000000000
-0.0108467000000000
-0.0145846000000000
-0.0106095000000000
-0.00494009000000000
-0.00238152000000000
-0.00102294000000000
0.00259221000000000
0.00796604000000000
0.0122198000000000
0.0132936000000000
0.00999720000000000
0.00268095000000000
-0.00491622000000000
-0.00838327000000000
-0.00758024000000000
-0.00610899000000000
-0.00587293000000000
-0.00560452000000000
-0.00394058000000000
-0.00121169000000000
0.00175196000000000
0.00453050000000000
0.00720015000000000
0.00994576000000000
0.0118247000000000
0.0106566000000000
0.00599768000000000
0.000809607000000000
-0.00202795000000000
-0.00339225000000000
-0.00584857000000000
-0.00998577000000000
-0.0144289000000000
-0.0171373000000000
-0.0151605000000000
-0.00687701000000000
0.00445912000000000
0.0128107000000000
0.0159428000000000
0.0163407000000000
0.0160500000000000
0.0145904000000000
0.0114782000000000
0.00680342000000000
-0.000205852000000000
-0.00910986000000000
-0.0159849000000000
-0.0168158000000000
-0.0121805000000000
-0.00585779000000000
-0.000791174000000000
0.00172016000000000
0.00153069000000000
0.000412641000000000
0.00139431000000000
0.00519664000000000
0.00924775000000000
0.0108288000000000
0.00952924000000000
0.00590701000000000
0.000564788000000000
-0.00488679000000000
-0.00813822000000000
-0.00818537000000000
-0.00589680000000000
-0.00308239000000000
-0.00155334000000000
-0.00212268000000000
-0.00364580000000000
-0.00473290000000000
-0.00595388000000000
-0.00910414000000000
-0.0134094000000000
-0.0151612000000000
-0.0114768000000000
-0.00342525000000000
0.00574984000000000
0.0130779000000000
0.0165351000000000
0.0151140000000000
0.00997362000000000
0.00386163000000000
-0.00102515000000000
-0.00437918000000000
-0.00642498000000000
-0.00668940000000000
-0.00466524000000000
-0.00147325000000000
0.000773099000000000
0.00132944000000000
0.00160528000000000
0.00309297000000000
0.00533946000000000
0.00669383000000000
0.00610491000000000
0.00392093000000000
0.00144810000000000
0.000377454000000000
0.00110710000000000
0.00142638000000000
-0.00135223000000000
-0.00621094000000000
-0.00867405000000000
-0.00625845000000000
-0.00114118000000000
0.00341268000000000
0.00665511000000000
0.00876693000000000
0.00909843000000000
0.00780100000000000
0.00693903000000000
0.00737591000000000
0.00696060000000000
0.00387449000000000
-0.000166308000000000
-0.00242610000000000
-0.00326443000000000
-0.00506476000000000
-0.00819252000000000
-0.0103237000000000
-0.00973643000000000
-0.00713250000000000
-0.00388500000000000
-0.000254127000000000
0.00379233000000000
0.00710035000000000
0.00835684000000000
0.00775885000000000
0.00659638000000000
0.00508497000000000
0.00218627000000000
-0.00228657000000000
-0.00640641000000000
-0.00778743000000000
-0.00605940000000000
-0.00296229000000000
-0.000686408000000000
-1.04301000000000e-05
-8.46900000000000e-05
0.000400702000000000
0.00145439000000000
0.00201837000000000
0.00185412000000000
0.00224306000000000
0.00389243000000000
0.00547785000000000
0.00556501000000000
0.00456150000000000
0.00330630000000000
0.000835041000000000
-0.00394937000000000
-0.00946780000000000
-0.0123541000000000
-0.0112682000000000
-0.00756166000000000
-0.00284312000000000
0.00200044000000000
0.00548335000000000
0.00608012000000000
0.00411898000000000
0.00157320000000000
-0.000366645000000000
-0.00166179000000000
-0.00236723000000000
-0.00227864000000000
-0.00196222000000000
-0.00200880000000000
-0.00186148000000000
-0.000662910000000000
0.000558066000000000
0.000160307000000000
-0.00130836000000000
-0.00153884000000000
2.89635000000000e-05
0.00183083000000000
0.00296129000000000
0.00423857000000000
0.00547763000000000
0.00450285000000000
6.86201000000000e-05
-0.00579756000000000
-0.00997719000000000
-0.0111553000000000
-0.00979001000000000
-0.00647164000000000
-0.00165036000000000
0.00398795000000000
0.00934420000000000
0.0129528000000000
0.0135230000000000
0.0109053000000000
0.00613528000000000
0.000295472000000000
-0.00582771000000000
-0.0108645000000000
-0.0128350000000000
-0.0106816000000000
-0.00521886000000000
0.00155541000000000
0.00704062000000000
0.00894054000000000
0.00720730000000000
0.00463802000000000
0.00368860000000000
0.00376140000000000
0.00304867000000000
0.00201987000000000
0.00279519000000000
0.00569147000000000
0.00843971000000000
0.00867619000000000
0.00604804000000000
0.00183705000000000
-0.00197379000000000
-0.00404810000000000
-0.00423986000000000
-0.00335567000000000
-0.00210639000000000
-0.00103280000000000
-0.000354807000000000
0.000159935000000000
0.000934991000000000
0.00149569000000000
0.000755523000000000
-0.00119455000000000
-0.00249591000000000
-0.00209432000000000
-0.00118147000000000
-0.00118062000000000
-0.00137580000000000
-0.000557608000000000
0.000771027000000000
0.000924203000000000
-0.000521436000000000
-0.00274589000000000
-0.00490786000000000
-0.00644813000000000
-0.00616407000000000
-0.00330180000000000
0.000865476000000000
0.00370589000000000
0.00396444000000000
0.00250569000000000
0.00106166000000000
0.000916273000000000
0.00233851000000000
0.00426215000000000
0.00523472000000000
0.00513091000000000
0.00515013000000000
0.00521786000000000
0.00287899000000000
-0.00328351000000000
-0.0103444000000000
-0.0135916000000000
-0.0118097000000000
-0.00740091000000000
-0.00215540000000000
0.00409461000000000
0.0102994000000000
0.0130679000000000
0.0104987000000000
0.00477612000000000
-0.000622015000000000
-0.00454193000000000
-0.00732733000000000
-0.00868477000000000
-0.00819394000000000
-0.00665161000000000
-0.00460415000000000
-0.000985074000000000
0.00479041000000000
0.0103008000000000
0.0122656000000000
0.0103637000000000
0.00694646000000000
0.00357807000000000
0.000135094000000000
-0.00306467000000000
-0.00482985000000000
-0.00496323000000000
-0.00448849000000000
-0.00349341000000000
-0.000999434000000000
0.00268395000000000
0.00527595000000000
0.00552307000000000
0.00453635000000000
0.00368088000000000
0.00267816000000000
0.00107731000000000
-0.000682993000000000
-0.00259143000000000
-0.00539254000000000
-0.00877264000000000
-0.0109796000000000
-0.0115225000000000
-0.0112246000000000
-0.00938206000000000
-0.00414077000000000
0.00315948000000000
0.00801105000000000
0.00850901000000000
0.00736448000000000
0.00685108000000000
0.00550957000000000
0.00192292000000000
-0.00214547000000000
-0.00462509000000000
-0.00593416000000000
-0.00693181000000000
-0.00700040000000000
-0.00586200000000000
-0.00470553000000000
-0.00428016000000000
-0.00387992000000000
-0.00297022000000000
-0.00177368000000000
-0.000262222000000000
0.00183269000000000
0.00378419000000000
0.00444791000000000
0.00326793000000000
0.000289471000000000
-0.00421878000000000
-0.00866333000000000
-0.0107138000000000
-0.00956782000000000
-0.00665546000000000
-0.00305817000000000
0.00146061000000000
0.00668561000000000
0.0109103000000000
0.0125492000000000
0.0111589000000000
0.00731232000000000
0.00240810000000000
-0.00170566000000000
-0.00430466000000000
-0.00583943000000000
-0.00617722000000000
-0.00435646000000000
-0.00135144000000000
0.000162514000000000
-6.81993000000000e-05
0.00129264000000000
0.00583621000000000
0.0101108000000000
0.00966784000000000
0.00478112000000000
-0.000287692000000000
-0.00252620000000000
-0.00265415000000000
-0.00262772000000000
-0.00248969000000000
-0.000561938000000000
0.00360529000000000
0.00741806000000000
0.00771098000000000
0.00454236000000000
0.000823824000000000
-0.00154827000000000
-0.00316241000000000
-0.00460651000000000
-0.00515420000000000
-0.00427665000000000
-0.00272981000000000
-0.00129771000000000
-0.000229386000000000
2.51584000000000e-06
-0.00102001000000000
-0.00248090000000000
-0.00287492000000000
-0.00196772000000000
-0.000584779000000000
0.00100851000000000
0.00317227000000000
0.00531624000000000
0.00599303000000000
0.00443347000000000
0.00141088000000000
-0.00169730000000000
-0.00372803000000000
-0.00435210000000000
-0.00406289000000000
-0.00364151000000000
-0.00304538000000000
-0.00196708000000000
-0.000858403000000000
-0.000874121000000000
-0.00219470000000000
-0.00361379000000000
-0.00392293000000000
-0.00327643000000000
-0.00248397000000000
-0.00173495000000000
-0.000505068000000000
0.00133072000000000
0.00271217000000000
0.00230508000000000
0.000393529000000000
-0.00114597000000000
-0.000918559000000000
0.000712664000000000
0.00273689000000000
0.00448756000000000
0.00527173000000000
0.00409261000000000
0.000668568000000000
-0.00391357000000000
-0.00810250000000000
-0.0102601000000000
-0.00885123000000000
-0.00361744000000000
0.00294372000000000
0.00763239000000000
0.00958496000000000
0.0100165000000000
0.00899269000000000
0.00513156000000000
-0.00109674000000000
-0.00635683000000000
-0.00787887000000000
-0.00660288000000000
-0.00521486000000000
-0.00435124000000000
-0.00211782000000000
0.00244747000000000
0.00720516000000000
0.00910557000000000
0.00753594000000000
0.00465717000000000
0.00241846000000000
0.000998077000000000
-0.000523172000000000
-0.00258278000000000
-0.00492694000000000
-0.00645620000000000
-0.00602983000000000
-0.00370324000000000
-0.00121598000000000
6.04511000000000e-05
0.000780243000000000
0.00238402000000000
0.00453378000000000
0.00570232000000000
0.00543419000000000
0.00453028000000000
0.00311404000000000
0.000728232000000000
-0.00197758000000000
-0.00347141000000000
-0.00338496000000000
-0.00264780000000000
-0.00155749000000000
0.000257814000000000
0.00202659000000000
0.00214261000000000
0.000699254000000000
-0.000344690000000000
-3.68781000000000e-05
0.000542169000000000
0.000529967000000000
0.000662396000000000
0.00154877000000000
0.00215376000000000
0.00124084000000000
-0.000928061000000000
-0.00294672000000000
-0.00387399000000000
-0.00389457000000000
-0.00382077000000000
-0.00398873000000000
-0.00373482000000000
-0.00243289000000000
-0.000827468000000000
-0.000512920000000000
-0.00168501000000000
-0.00261779000000000
-0.00180633000000000
0.000307689000000000
0.00232065000000000
0.00365023000000000
0.00448449000000000
0.00461259000000000
0.00349963000000000
0.00143867000000000
-0.000242146000000000
-0.000584407000000000
-5.34625000000000e-05
0.000214561000000000
0.000170480000000000
0.000797604000000000
0.00236702000000000
0.00385499000000000
0.00437596000000000
0.00411619000000000
0.00326715000000000
0.00161864000000000
-0.000450828000000000
-0.00142181000000000
-0.000438153000000000
0.00152634000000000
0.00270931000000000
0.00257950000000000
0.00197779000000000
0.00151583000000000
0.000709463000000000
-0.00117747000000000
-0.00368888000000000
-0.00536339000000000
-0.00528716000000000
-0.00412662000000000
-0.00289764000000000
-0.00176324000000000
-0.000650664000000000
-6.03061000000000e-05
-0.000255385000000000
-0.000686708000000000
-0.000905128000000000
-0.00103008000000000
-0.000859046000000000
8.63833000000000e-05
0.00111382000000000
0.000667854000000000
-0.00109596000000000
-0.00198094000000000
-0.000777385000000000
0.000785244000000000
0.000621880000000000
-0.00108081000000000
-0.00265844000000000
-0.00343061000000000
-0.00354135000000000
-0.00272596000000000
-0.000398152000000000
0.00296215000000000
0.00564624000000000
0.00635325000000000
0.00533074000000000
0.00348298000000000
0.00103980000000000
-0.00188227000000000
-0.00413527000000000
-0.00407397000000000
-0.00156370000000000
0.00162814000000000
0.00389014000000000
0.00513406000000000
0.00537482000000000
0.00373361000000000
-6.66204000000000e-05
-0.00416963000000000
-0.00632353000000000
-0.00630374000000000
-0.00558001000000000
-0.00475369000000000
-0.00310440000000000
-0.000319306000000000
0.00236102000000000
0.00356393000000000
0.00320663000000000
0.00240160000000000
0.00182697000000000
0.00133072000000000
0.000391115000000000
-0.000810893000000000
-0.00176817000000000
-0.00229608000000000
-0.00278676000000000
-0.00336567000000000
-0.00379576000000000
-0.00383570000000000
-0.00326936000000000
-0.00163057000000000
0.00146332000000000
0.00549206000000000
0.00901913000000000
0.0105395000000000
0.00927490000000000
0.00528195000000000
-0.000359550000000000
-0.00592030000000000
-0.00988217000000000
-0.0116676000000000
-0.0109846000000000
-0.00750093000000000
-0.00153662000000000
0.00480491000000000
0.00872763000000000
0.00914987000000000
0.00747664000000000
0.00523015000000000
0.00228965000000000
-0.00173545000000000
-0.00524122000000000
-0.00590930000000000
-0.00357671000000000
-0.000191514000000000
0.00289435000000000
0.00565167000000000
0.00785887000000000
0.00895197000000000
0.00898412000000000
0.00837327000000000
0.00663003000000000
0.00324357000000000
-0.000932776000000000
-0.00419942000000000
-0.00582907000000000
-0.00570797000000000
-0.00378655000000000
-0.000806463000000000
0.00162857000000000
0.00319642000000000
0.00512941000000000
0.00739663000000000
0.00786959000000000
0.00547077000000000
0.00210675000000000
6.94531000000000e-06
-0.000888910000000000
-0.00177353000000000
-0.00309647000000000
-0.00461744000000000
-0.00608169000000000
-0.00674477000000000
-0.00583635000000000
-0.00349777000000000
-0.000660831000000000
0.00199901000000000
0.00395601000000000
0.00477891000000000
0.00465309000000000
0.00410019000000000
0.00292343000000000
0.000668304000000000
-0.00191606000000000
-0.00349341000000000
-0.00396987000000000
-0.00421371000000000
-0.00403939000000000
-0.00283091000000000
-0.00121762000000000
-0.000501817000000000
-0.000301723000000000
0.000909843000000000
0.00343033000000000
0.00559123000000000
0.00573683000000000
0.00360715000000000
-0.000131522000000000
-0.00447563000000000
-0.00819609000000000
-0.0101922000000000
-0.0105059000000000
-0.0100293000000000
-0.00884694000000000
-0.00546149000000000
0.000918631000000000
0.00845686000000000
0.0139159000000000
0.0156642000000000
0.0138395000000000
0.00869048000000000
0.000865690000000000
-0.00701133000000000
-0.0118040000000000
-0.0129257000000000
-0.0116361000000000
-0.00835255000000000
-0.00279061000000000
0.00357000000000000
0.00793960000000000
0.00926561000000000
0.00859975000000000
0.00656337000000000
0.00267109000000000
-0.00236488000000000
-0.00638297000000000
-0.00782100000000000
-0.00702512000000000
-0.00489758000000000
-0.00212761000000000
0.000563045000000000
0.00233787000000000
0.00306482000000000
0.00320070000000000
0.00308175000000000
0.00274096000000000
0.00206803000000000
0.000819109000000000
-0.00121913000000000
-0.00390850000000000
-0.00663989000000000
-0.00861046000000000
-0.00903341000000000
-0.00741520000000000
-0.00391800000000000
0.000531817000000000
0.00482535000000000
0.00812393000000000
0.00987003000000000
0.0101601000000000
0.00969356000000000
0.00833040000000000
0.00448606000000000
-0.00235016000000000
-0.00950638000000000
-0.0133029000000000
-0.0129964000000000
-0.0103851000000000
-0.00652429000000000
-0.00106145000000000
0.00510934000000000
0.00966855000000000
0.0113146000000000
0.0106959000000000
0.00871549000000000
0.00557080000000000
0.00152555000000000
-0.00258400000000000
-0.00574948000000000
-0.00717872000000000
-0.00649657000000000
-0.00429444000000000
-0.00200523000000000
-0.000518671000000000
0.000401553000000000
0.00119898000000000
0.00169337000000000
0.00169609000000000
0.00137652000000000
0.000982716000000000
0.000491487000000000
-0.000112446000000000
-0.000729232000000000
-0.00102473000000000
-0.000769383000000000
-4.94909000000000e-05
0.000711506000000000
0.00133101000000000
0.00200630000000000
0.00277947000000000
0.00319220000000000
0.00290335000000000
0.00211539000000000
0.000987789000000000
-0.000533074000000000
-0.00210025000000000
-0.00311976000000000
-0.00342725000000000
-0.00327122000000000
-0.00241546000000000
-0.000608720000000000
0.00162171000000000
0.00320492000000000
0.00382784000000000
0.00372746000000000
0.00296880000000000
0.00146961000000000
-0.000329530000000000
-0.00160428000000000
-0.00170638000000000
-0.000740877000000000
0.000248140000000000
5.09641000000000e-05
-0.00133494000000000
-0.00271260000000000
-0.00343797000000000
-0.00390036000000000
-0.00405332000000000
-0.00303167000000000
-0.000891196000000000
0.000881908000000000
0.00148047000000000
0.00188220000000000
0.00312897000000000
0.00457029000000000
0.00488979000000000
0.00384177000000000
0.00230379000000000
0.00134687000000000
0.00137509000000000
0.00182254000000000
0.00159821000000000
0.000559530000000000
-0.000506926000000000
-0.00135508000000000
-0.00273553000000000
-0.00448027000000000
-0.00491229000000000
-0.00308861000000000
-0.000567989000000000
0.000669026000000000
0.000617972000000000
0.000379948000000000
-0.000277147000000000
-0.00196229000000000
-0.00393094000000000
-0.00476598000000000
-0.00457986000000000
-0.00407168000000000
-0.00286263000000000
-0.000117512000000000
0.00320413000000000
0.00502389000000000
0.00462795000000000
0.00299023000000000
0.000750022000000000
-0.00221985000000000
-0.00541105000000000
-0.00756523000000000
-0.00781100000000000
-0.00631696000000000
-0.00374075000000000
-0.000768526000000000
0.00242568000000000
0.00612456000000000
0.0101808000000000
0.0127757000000000
0.0114925000000000
0.00636554000000000
0.000451306000000000
-0.00340825000000000
-0.00505654000000000
-0.00551678000000000
-0.00500010000000000
-0.00325107000000000
-0.000744164000000000
0.00172031000000000
0.00383677000000000
0.00533660000000000
0.00545227000000000
0.00368031000000000
0.000655916000000000
-0.00231965000000000
-0.00402360000000000
-0.00387750000000000
-0.00227893000000000
-0.000551850000000000
0.000175553000000000
-0.000227064000000000
-0.000979287000000000
-0.00127042000000000
-0.000800104000000000
4.28901000000000e-05
0.000834040000000000
0.00167087000000000
0.00276432000000000
0.00351727000000000
0.00305560000000000
0.00165043000000000
0.000480599000000000
-0.000130407000000000
-0.000774885000000000
-0.00126349000000000
-0.000663124000000000
0.000758524000000000
0.00161907000000000
0.00140409000000000
0.000789102000000000
0.000217512000000000
-0.000321399000000000
-0.000490329000000000
-0.000160921000000000
-0.000117140000000000
-0.000912201000000000
-0.00156820000000000
-0.00116690000000000
-0.000481663000000000
-0.000766240000000000
-0.00166887000000000
-0.00223156000000000
-0.00246711000000000
-0.00275018000000000
-0.00249283000000000
-0.00121091000000000
0.000225950000000000
0.000722016000000000
0.000356457000000000
-0.000199944000000000
-0.00104430000000000
-0.00232787000000000
-0.00343890000000000
-0.00351256000000000
-0.00269552000000000
-0.00177868000000000
-0.00122598000000000
-0.000792889000000000
7.73884000000000e-05
0.00147325000000000
0.00282419000000000
0.00340182000000000
0.00346198000000000
0.00391443000000000
0.00495959000000000
0.00506861000000000
0.00257364000000000
-0.00227557000000000
-0.00713278000000000
-0.00984574000000000
-0.00999934000000000
-0.00820895000000000
-0.00458408000000000
0.000839256000000000
0.00668883000000000
0.0107295000000000
0.0118969000000000
0.0106559000000000
0.00741306000000000
0.00236395000000000
-0.00323893000000000
-0.00740091000000000
-0.00941921000000000
-0.00978072000000000
-0.00842328000000000
-0.00483199000000000
8.92911000000000e-05
0.00421743000000000
0.00639719000000000
0.00706448000000000
0.00682843000000000
0.00579620000000000
0.00424293000000000
0.00255842000000000
0.000681857000000000
-0.00155548000000000
-0.00360972000000000
-0.00475433000000000
-0.00497024000000000
-0.00469210000000000
-0.00395801000000000
-0.00248712000000000
-0.000341968000000000
0.00191135000000000
0.00354914000000000
0.00408583000000000
0.00340318000000000
0.00175967000000000
-0.000313369000000000
-0.00207396000000000
-0.00284098000000000
-0.00245311000000000
-0.00149511000000000
-0.000724874000000000
-0.000438182000000000
-0.000460637000000000
-0.000547799000000000
-0.000497759000000000
-9.29704000000000e-06
0.000939421000000000
0.00173474000000000
0.00167144000000000
0.000868977000000000
6.07555000000000e-06
-0.000625080000000000
-0.00114168000000000
-0.00155920000000000
-0.00170445000000000
-0.00160664000000000
-0.00133801000000000
-0.000772813000000000
0.000293765000000000
0.00155684000000000
0.00248355000000000
0.00286127000000000
0.00296944000000000
0.00275239000000000
0.00193393000000000
0.000661102000000000
-0.000166744000000000
-7.63168000000000e-05
0.000351199000000000
0.000361308000000000
0.000272403000000000
0.000850044000000000
0.00186820000000000
0.00230351000000000
0.00173695000000000
0.000719873000000000
-0.000253077000000000
-0.00103351000000000
-0.00147304000000000
-0.00149054000000000
-0.00130514000000000
-0.000814322000000000
0.000270895000000000
0.00143074000000000
0.00154477000000000
0.000561609000000000
-0.000471389000000000
-0.00100086000000000
-0.00153019000000000
-0.00208253000000000
-0.00197701000000000
-0.00112175000000000
-0.000423865000000000
-0.000175517000000000
7.44521000000000e-05
0.000358607000000000
0.000316598000000000
0.000293679000000000
0.000889767000000000
0.00169923000000000
0.00190921000000000
0.00146825000000000
0.000895625000000000
0.000318370000000000
-0.000246911000000000
-0.000439561000000000
-3.00159000000000e-05
0.000745950000000000
0.00173745000000000
0.00308682000000000
0.00436224000000000
0.00466038000000000
0.00372289000000000
0.00227200000000000
0.000906628000000000
-0.000423264000000000
-0.00185755000000000
-0.00310847000000000
-0.00377733000000000
-0.00380412000000000
-0.00337924000000000
-0.00260764000000000
-0.00133308000000000
0.000511055000000000
0.00235102000000000
0.00327522000000000
0.00317727000000000
0.00292121000000000
0.00280755000000000
0.00215940000000000
0.000572747000000000
-0.00122155000000000
-0.00265351000000000
-0.00396923000000000
-0.00523651000000000
-0.00557844000000000
-0.00445369000000000
-0.00260171000000000
-0.000850758000000000
0.000844757000000000
0.00274089000000000
0.00432588000000000
0.00507233000000000
0.00496145000000000
0.00414705000000000
0.00250662000000000
0.000464231000000000
-0.00101065000000000
-0.00143603000000000
-0.00147611000000000
-0.00188634000000000
-0.00248969000000000
-0.00261286000000000
-0.00217634000000000
-0.00172767000000000
-0.00143403000000000
-0.000840328000000000
0.000387928000000000
0.00189970000000000
0.00304445000000000
0.00353363000000000
0.00330837000000000
0.00234945000000000
0.000694917000000000
-0.00128335000000000
-0.00321499000000000
-0.00474219000000000
-0.00539426000000000
-0.00459787000000000
-0.00257750000000000
-0.000349534000000000
0.00118626000000000
0.00197522000000000
0.00208996000000000
0.00140810000000000
0.000164265000000000
-0.000842685000000000
-0.00122841000000000
-0.00143939000000000
-0.00169473000000000
-0.00155927000000000
-0.000883694000000000
-0.000197672000000000
0.000290392000000000
0.000959782000000000
0.00186720000000000
0.00237752000000000
0.00232044000000000
0.00226943000000000
0.00249548000000000
0.00229801000000000
0.00122077000000000
-0.000300795000000000
-0.00149833000000000
-0.00214733000000000
-0.00246354000000000
-0.00258735000000000
-0.00223535000000000
-0.000954567000000000
0.00118519000000000
0.00324200000000000
0.00398673000000000
0.00307246000000000
0.00123098000000000
-0.000650522000000000
-0.00215397000000000
-0.00308932000000000
-0.00320156000000000
-0.00250769000000000
-0.00140217000000000
-0.000342875000000000
0.000621572000000000
0.00144896000000000
0.00176682000000000
0.00127271000000000
0.000419392000000000
-1.13111000000000e-05
0.000116033000000000
0.000383334000000000
0.000730875000000000
0.00155398000000000
0.00266873000000000
0.00326943000000000
0.00309197000000000
0.00267330000000000
0.00214819000000000
0.000957068000000000
-0.000769026000000000
-0.00187627000000000
-0.00168859000000000
-0.000921703000000000
-0.000360486000000000
0.000272017000000000
0.00134565000000000
0.00229315000000000
0.00239974000000000
0.00184791000000000
0.00108731000000000
0.000171974000000000
-0.000651950000000000
-0.000587408000000000
0.000640098000000000
0.00190356000000000
0.00204016000000000
0.00115690000000000
8.96554000000000e-05
-0.000967070000000000
-0.00218677000000000
-0.00340589000000000
-0.00418713000000000
-0.00443805000000000
-0.00434581000000000
-0.00384835000000000
-0.00265487000000000
-0.000765668000000000
0.00116719000000000
0.00233601000000000
0.00244868000000000
0.00201159000000000
0.00147075000000000
0.000670447000000000
-0.000724588000000000
-0.00224707000000000
-0.00313933000000000
-0.00333530000000000
-0.00329222000000000
-0.00297630000000000
-0.00206102000000000
-0.000845257000000000
-5.74176000000000e-05
0.000157320000000000
0.000224321000000000
0.000300852000000000
0.000122691000000000
-0.000213768000000000
-0.000342097000000000
-0.000207896000000000
-6.41720000000000e-05
0.000101272000000000
0.000306996000000000
0.000278175000000000
-0.000153598000000000
-0.000500853000000000
-0.000116654000000000
0.00102830000000000
0.00232230000000000
0.00307353000000000
0.00278325000000000
0.00145668000000000
-0.000152698000000000
-0.00122391000000000
-0.00176132000000000
-0.00229200000000000
-0.00271645000000000
-0.00224549000000000
-0.000534232000000000
0.00161150000000000
0.00319620000000000
0.00395223000000000
0.00400852000000000
0.00330215000000000
0.00198737000000000
0.000704576000000000
4.53550000000000e-05
-0.000141381000000000
-0.000240417000000000
-4.14127000000000e-05
0.000857046000000000
0.00189206000000000
0.00195600000000000
0.000965284000000000
-0.000108331000000000
-0.000694574000000000
-0.00110932000000000
-0.00146718000000000
-0.00123513000000000
-0.000153641000000000
0.00117333000000000
0.00206845000000000
0.00238281000000000
0.00209753000000000
0.000962926000000000
-0.000889624000000000
-0.00272817000000000
-0.00369596000000000
-0.00359858000000000
-0.00284348000000000
-0.00191992000000000
-0.00112525000000000
-0.000643470000000000
-0.000486436000000000
-0.000302759000000000
0.000104744000000000
0.000547227000000000
0.000711271000000000
0.000723230000000000
0.000755952000000000
0.000525937000000000
-0.000323228000000000
-0.00138138000000000
-0.00172245000000000
-0.00107938000000000
-1.41974000000000e-05
0.000859260000000000
0.00141867000000000
0.00173345000000000
0.00173931000000000
0.00119362000000000
6.40212000000000e-05
-0.00110303000000000
-0.00156284000000000
-0.00133565000000000
-0.00110674000000000
-0.00121184000000000
-0.00113896000000000
-0.000566160000000000
8.06534000000000e-05
0.000273260000000000
0.000115118000000000
-0.000151941000000000
-0.000436217000000000
-0.000629167000000000
-0.000735590000000000
-0.00108960000000000
-0.00184848000000000
-0.00248869000000000
-0.00245232000000000
-0.00199965000000000
-0.00184019000000000
-0.00207817000000000
-0.00216290000000000
-0.00149833000000000
3.70567000000000e-05
0.00178689000000000
0.00264715000000000
0.00215069000000000
0.000867691000000000
-0.000498488000000000
-0.00177939000000000
-0.00279997000000000
-0.00306346000000000
-0.00249176000000000
-0.00155120000000000
-0.000262558000000000
0.00165801000000000
0.00355671000000000
0.00421214000000000
0.00353478000000000
0.00248405000000000
0.00154520000000000
0.000594395000000000
-0.000256956000000000
-0.000857260000000000
-0.00151476000000000
-0.00216862000000000
-0.00202323000000000
-0.000934491000000000
7.19230000000000e-05
0.000583185000000000
0.00149947000000000
0.00305660000000000
0.00407911000000000
0.00387507000000000
0.00314176000000000
0.00233330000000000
0.00106495000000000
-0.000525908000000000
-0.00151926000000000
-0.00168173000000000
-0.00161543000000000
-0.00143960000000000
-0.000705555000000000
0.000411733000000000
0.00122105000000000
0.00156284000000000
0.00180847000000000
0.00183619000000000
0.00140102000000000
0.000754309000000000
0.000285056000000000
-0.000284098000000000
-0.00110424000000000
-0.00153534000000000
-0.000913987000000000
0.000430437000000000
0.00159685000000000
0.00232030000000000
0.00277561000000000
0.00285213000000000
0.00219791000000000
0.00122948000000000
0.000595867000000000
0.000206210000000000
-0.000589287000000000
-0.00166022000000000
-0.00228436000000000
-0.00238538000000000
-0.00258971000000000
-0.00288942000000000
-0.00245282000000000
-0.00115268000000000
9.43707000000000e-05
0.000769812000000000
0.00144546000000000
0.00244375000000000
0.00307646000000000
0.00275682000000000
0.00185548000000000
0.00101437000000000
0.000217212000000000
-0.000753809000000000
-0.00175546000000000
-0.00230308000000000
-0.00218405000000000
-0.00151233000000000
-0.000565681000000000
0.000561381000000000
0.00174603000000000
0.00268316000000000
0.00302081000000000
0.00279097000000000
0.00215712000000000
0.00105652000000000
-0.000413398000000000
-0.00150912000000000
-0.00146811000000000
-0.000647078000000000
1.17454000000000e-05
0.000269609000000000
0.000592216000000000
0.000969427000000000
0.00104352000000000
0.000865905000000000
0.000589730000000000
-8.12107000000000e-05
-0.00124063000000000
-0.00219134000000000
-0.00238602000000000
-0.00215140000000000
-0.00199365000000000
-0.00172052000000000
-0.00109117000000000
-0.000297501000000000
0.000346362000000000
0.000820966000000000
0.000968356000000000
0.000713950000000000
0.000264287000000000
-0.000274546000000000
-0.00138238000000000
-0.00316069000000000
-0.00470968000000000
-0.00510091000000000
-0.00457972000000000
-0.00374747000000000
-0.00241710000000000
-0.000168623000000000
0.00242139000000000
0.00433109000000000
0.00526759000000000
0.00544841000000000
0.00468003000000000
0.00274760000000000
0.000396423000000000
-0.00119305000000000
-0.00186227000000000
-0.00247233000000000
-0.00334874000000000
-0.00371046000000000
-0.00291250000000000
-0.00142038000000000
-2.72581000000000e-05
0.00126271000000000
0.00281169000000000
0.00437803000000000
0.00522158000000000
0.00492180000000000
0.00355728000000000
0.00142839000000000
-0.00101537000000000
-0.00306817000000000
-0.00414534000000000
-0.00437410000000000
-0.00424243000000000
-0.00373132000000000
-0.00234652000000000
-0.000115840000000000
0.00206703000000000
0.00320771000000000
0.00308211000000000
0.00224314000000000
0.00130286000000000
0.000597581000000000
7.30232000000000e-05
-0.000563345000000000
-0.00138630000000000
-0.00185827000000000
-0.00147497000000000
-0.000551821000000000
0.000172817000000000
0.000522651000000000
0.000837684000000000
0.00102630000000000
0.000597917000000000
-0.000197565000000000
-0.000494337000000000
-0.000207803000000000
-0.000254863000000000
-0.000940850000000000
-0.00139631000000000
-0.000988003000000000
-0.000306532000000000
-0.000113018000000000
-0.000187013000000000
3.15198000000000e-05
0.000509705000000000
0.000928704000000000
0.00136187000000000
0.00187977000000000
0.00216640000000000
0.00183933000000000
0.00106195000000000
0.000238903000000000
-0.000348905000000000
-0.000723302000000000
-0.000982716000000000
-0.00127800000000000
-0.00155456000000000
-0.00157249000000000
-0.00115082000000000
-0.000406282000000000
0.000499124000000000
0.00130514000000000
0.00158878000000000
0.00125670000000000
0.00103558000000000
0.00154420000000000
0.00213697000000000
0.00176467000000000
0.000587379000000000
-0.000329294000000000
-0.000704912000000000
-0.00105237000000000
-0.00140681000000000
-0.00124606000000000
-0.000612620000000000
-4.90672000000000e-05
0.000477955000000000
0.00131029000000000
0.00212840000000000
0.00225735000000000
0.00172924000000000
0.000949352000000000
0.000151062000000000
-0.000549757000000000
-0.000800533000000000
-0.000640112000000000
-0.000409004000000000
-0.000144789000000000
0.000636647000000000
0.00181090000000000
0.00246340000000000
0.00191028000000000
0.000606376000000000
-0.000570211000000000
-0.00137173000000000
-0.00221949000000000
-0.00320985000000000
-0.00367202000000000
-0.00288942000000000
-0.00119019000000000
0.000352442000000000
0.00119240000000000
0.00177668000000000
0.00235480000000000
0.00244747000000000
0.00159449000000000
0.000159142000000000
-0.00133987000000000
-0.00271538000000000
-0.00375818000000000
-0.00391086000000000
-0.00295179000000000
-0.00135630000000000
0.000221406000000000
0.00144925000000000
0.00228057000000000
0.00267016000000000
0.00253934000000000
0.00177918000000000
0.000423586000000000
-0.00117962000000000
-0.00236109000000000
-0.00265187000000000
-0.00212254000000000
-0.00123113000000000
-0.000340396000000000
0.000344347000000000
0.000822824000000000
0.00109624000000000
0.00121148000000000
0.00118076000000000
0.00113896000000000
0.00111439000000000
0.000959640000000000
0.000523808000000000
2.83091000000000e-05
-0.000134637000000000
-3.64673000000000e-05
-0.000123942000000000
-0.000586729000000000
-0.00113239000000000
-0.00146261000000000
-0.00151512000000000
-0.00130979000000000
-0.000881337000000000
-0.000268345000000000
0.000470896000000000
0.00129314000000000
0.00190020000000000
0.00179854000000000
0.000947780000000000
7.03583000000000e-05
-0.000112625000000000
0.000297958000000000
0.000721802000000000
0.000837327000000000
0.000679085000000000
0.000205445000000000
-0.000783172000000000
-0.00216576000000000
-0.00329301000000000
-0.00340203000000000
-0.00236823000000000
-0.000788388000000000
0.000758095000000000
0.00204638000000000
0.00288313000000000
0.00291564000000000
0.00226586000000000
0.00146204000000000
0.000854759000000000
0.000170109000000000
-0.000765025000000000
-0.00162286000000000
-0.00210975000000000
-0.00239338000000000
-0.00248419000000000
-0.00190428000000000
-0.000561152000000000
0.000747950000000000
0.00122205000000000
0.00101872000000000
0.000696639000000000
0.000284905000000000
-0.000394887000000000
-0.000962712000000000
-0.000848829000000000
-0.000226185000000000
0.000176274000000000
0.000147654000000000
0.000151319000000000
0.000304574000000000
0.000192299000000000
-0.000233301000000000
-0.000349591000000000
0.000141224000000000
0.000879193000000000
0.00134351000000000
0.00147732000000000
0.00136351000000000
0.000994361000000000
0.000246368000000000
-0.000662038000000000
-0.00133637000000000
-0.00149976000000000
-0.00129036000000000
-0.00103637000000000
-0.000914844000000000
-0.000645463000000000
9.88360000000000e-05
0.00113175000000000
0.00174117000000000
0.00141745000000000
0.000431073000000000
-0.000472690000000000
-0.000918273000000000
-0.00109153000000000
-0.00106195000000000
-0.000494973000000000
0.000720944000000000
0.00196743000000000
0.00246468000000000
0.00218841000000000
0.00148290000000000
0.000403096000000000
-0.00100794000000000
-0.00208624000000000
-0.00216240000000000
-0.00141967000000000
-0.000661610000000000
-0.000254870000000000
0.000243696000000000
0.00113289000000000
0.00190420000000000
0.00181547000000000
0.000918916000000000
2.24014000000000e-05
-0.000208882000000000
4.48127000000000e-05
0.000257900000000000
0.000354278000000000
0.000559787000000000
0.000817537000000000
0.000918702000000000
0.000884837000000000
0.000719587000000000
0.000254963000000000
-0.000515592000000000
-0.00117504000000000
-0.00139502000000000
-0.00122263000000000
-0.000651629000000000
0.000377140000000000
0.00130472000000000
0.00127499000000000
0.000438418000000000
-0.000266223000000000
-0.000630274000000000
-0.00123599000000000
-0.00195972000000000
-0.00190806000000000
-0.000983645000000000
-0.000138823000000000
0.000251220000000000
0.000730375000000000
0.00147290000000000
0.00181626000000000
0.00147425000000000
0.000944350000000000
0.000518393000000000
-6.95503000000000e-05
-0.000899698000000000
-0.00148754000000000
-0.00154827000000000
-0.00122513000000000
-0.000755738000000000
-0.000148604000000000
0.000633439000000000
0.00142474000000000
0.00196265000000000
0.00217298000000000
0.00221863000000000
0.00206996000000000
0.00162671000000000
0.000998077000000000
0.000532946000000000
0.000297365000000000
0.000125506000000000
1.85719000000000e-05
0.000266894000000000
0.000764525000000000
0.000948137000000000
0.000611034000000000
0.000253391000000000
0.000228743000000000
0.000377304000000000
0.000516335000000000
0.000761810000000000
0.000986074000000000
0.000829897000000000