-0.000144889000000000
-0.000387861000000000
-0.000577396000000000
-0.000482648000000000
-0.000203688000000000
0.000246806000000000
0.000559725000000000
-0.000241970000000000
-0.00288276000000000
-0.00519058000000000
-0.00319600000000000
0.00321814000000000
0.00806505000000000
0.00620066000000000
0.000373260000000000
-0.00235236000000000
8.88154000000000e-05
0.00326386000000000
0.00293627000000000
-0.000484968000000000
-0.00363060000000000
-0.00351424000000000
-2.62712000000000e-05
0.00363482000000000
0.00409657000000000
0.00173946000000000
-0.000516133000000000
-0.00133069000000000
-0.00124022000000000
-8.10906000000000e-05
0.00217024000000000
0.00360187000000000
0.00324779000000000
0.00332896000000000
0.00507264000000000
0.00555666000000000
0.00305566000000000
0.00117037000000000
0.00326176000000000
0.00635523000000000
0.00567460000000000
0.00143506000000000
-0.00293732000000000
-0.00624217000000000
-0.00837143000000000
-0.00757207000000000
-0.00302034000000000
0.00205388000000000
0.00412305000000000
0.00400590000000000
0.00468733000000000
0.00644695000000000
0.00750367000000000
0.00749326000000000
0.00702875000000000
0.00508239000000000
0.000588294000000000
-0.00420515000000000
-0.00578029000000000
-0.00473266000000000
-0.00492004000000000
-0.00692636000000000
-0.00708093000000000
-0.00345244000000000
0.00109205000000000
0.00332106000000000
0.00307081000000000
0.00166040000000000
-0.000227158000000000
-0.00158357000000000
-0.00155115000000000
-0.000918726000000000
-0.000822502000000000
-0.000267232000000000
0.00159227000000000
0.00243353000000000
-0.000280133000000000
-0.00495945000000000
-0.00769870000000000
-0.00688261000000000
-0.00302153000000000
0.00261605000000000
0.00717581000000000
0.00696115000000000
0.00198207000000000
-0.00321959000000000
-0.00499582000000000
-0.00401974000000000
-0.00267680000000000
-0.00249481000000000
-0.00443326000000000
-0.00768895000000000
-0.00869837000000000
-0.00522010000000000
-0.000402119000000000
0.00110078000000000
-0.000256637000000000
-0.000558104000000000
0.000929664000000000
0.00126591000000000
-0.000865923000000000
-0.00373826000000000
-0.00550672000000000
-0.00573799000000000
-0.00463040000000000
-0.00315528000000000
-0.00255622000000000
-0.00258099000000000
-0.00156749000000000
0.000413584000000000
0.00108923000000000
-0.000191288000000000
-0.00104673000000000
-6.30779000000000e-06
0.00121013000000000
0.000804067000000000
-0.000284402000000000
-0.000439504000000000
0.000402791000000000
0.00172813000000000
0.00340592000000000
0.00418763000000000
0.00245040000000000
-0.000691371000000000
-0.00186610000000000
-0.000134914000000000
0.00160334000000000
0.000910872000000000
-0.000973427000000000
-0.00149778000000000
-0.000378702000000000
0.000916196000000000
0.00149950000000000
0.00133701000000000
0.000412398000000000
-0.00111489000000000
-0.00235684000000000
-0.00228608000000000
-0.000970304000000000
0.000286537000000000
0.000601156000000000
0.000534648000000000
0.000737901000000000
0.000499331000000000
-0.00112778000000000
-0.00333582000000000
-0.00401513000000000
-0.00223495000000000
0.000892595000000000
0.00344611000000000
0.00407983000000000
0.00248177000000000
-0.000127483000000000
-0.00183223000000000
-0.00196955000000000
-0.00161744000000000
-0.00166488000000000
-0.00170744000000000
-0.00126612000000000
-0.000452616000000000
0.000774430000000000
0.00281753000000000
0.00519665000000000
0.00656265000000000
0.00568396000000000
0.00238359000000000
-0.00215245000000000
-0.00527466000000000
-0.00503061000000000
-0.00255556000000000
-0.000919464000000000
-0.000909620000000000
-0.000579821000000000
0.000807651000000000
0.00136811000000000
0.000375790000000000
3.33740000000000e-05
0.00148869000000000
0.00235869000000000
0.000589190000000000
-0.00167107000000000
-0.00110950000000000
0.00152901000000000
0.00226684000000000
3.37693000000000e-05
-0.00178677000000000
-0.000891686000000000
0.000117520000000000
-0.00160334000000000
-0.00405479000000000
-0.00341330000000000
-0.000413729000000000
0.00120354000000000
0.00125718000000000
0.00314843000000000
0.00711691000000000
0.00878613000000000
0.00541487000000000
-0.000231059000000000
-0.00370413000000000
-0.00356511000000000
-0.00166185000000000
-0.000586673000000000
-0.00124984000000000
-0.00185648000000000
-0.000523460000000000
0.00112729000000000
-0.000286326000000000
-0.00396545000000000
-0.00497763000000000
-0.00157171000000000
0.00219515000000000
0.00299161000000000
0.00220516000000000
0.00142109000000000
-0.000262316000000000
-0.00186623000000000
0.000256768000000000
0.00562189000000000
0.00783272000000000
0.00395385000000000
-0.000468469000000000
2.87894000000000e-05
0.00254238000000000
0.00175752000000000
-0.00109121000000000
-0.000840740000000000
0.00264873000000000
0.00462130000000000
0.00307081000000000
0.00121325000000000
0.00183751000000000
0.00348024000000000
0.00328271000000000
0.00107758000000000
-0.00100142000000000
-0.00154588000000000
-0.000608298000000000
0.00141437000000000
0.00364997000000000
0.00415929000000000
0.00196559000000000
-0.000699304000000000
-0.000748127000000000
0.00128951000000000
0.00234221000000000
0.00192870000000000
0.00189232000000000
0.00166804000000000
-0.00106636000000000
-0.00483320000000000
-0.00570781000000000
-0.00429331000000000
-0.00526135000000000
-0.00833229000000000
-0.00751422000000000
-0.000978988000000000
0.00548919000000000
0.00823293000000000
0.0108316000000000
0.0166870000000000
0.0231494000000000
0.0262804000000000
0.0259786000000000
0.0248493000000000
0.0261078000000000
0.0319613000000000
0.0397494000000000
0.0397362000000000
0.0208037000000000
-0.0192171000000000
-0.0675346000000000
-0.100811000000000
-0.0998887000000000
-0.0665872000000000
-0.0243195000000000
0.00296209000000000
0.00991916000000000
0.00453947000000000
-0.00447174000000000
-0.00802037000000000
0.00200130000000000
0.0204229000000000
0.0290266000000000
0.0190379000000000
0.00248994000000000
-0.00662893000000000
-0.00949628000000000
-0.0112321000000000
-0.00837749000000000
0.000427420000000000
0.00501242000000000
-0.00254792000000000
-0.0140752000000000
-0.0147538000000000
-0.000804409000000000
0.0177676000000000
0.0280515000000000
0.0244105000000000
0.00995948000000000
-0.00982994000000000
-0.0327533000000000
-0.0556167000000000
-0.0657794000000000
-0.0480026000000000
-0.00452129000000000
0.0402277000000000
0.0637447000000000
0.0667400000000000
0.0628829000000000
0.0543464000000000
0.0310217000000000
-0.00640992000000000
-0.0370822000000000
-0.0423678000000000
-0.0288540000000000
-0.0175317000000000
-0.0154773000000000
-0.0113578000000000
0.00223363000000000
0.0148843000000000
0.0135230000000000
0.00293244000000000
0.00111572000000000
0.0145588000000000
0.0275547000000000
0.0217907000000000
0.00143071000000000
-0.0111049000000000
-0.00461630000000000
0.00778252000000000
0.00953278000000000
0.00196678000000000
-0.00404952000000000
-0.00742500000000000
-0.0158910000000000
-0.0313169000000000
-0.0463356000000000
-0.0529864000000000
-0.0478365000000000
-0.0317900000000000
-0.0107396000000000
0.00723564000000000
0.0182815000000000
0.0239479000000000
0.0262553000000000
0.0263226000000000
0.0248664000000000
0.0196823000000000
0.00814938000000000
-0.00278248000000000
-0.000211042000000000
0.0137431000000000
0.0191512000000000
0.00696734000000000
-0.00700213000000000
-0.00902491000000000
-0.00796779000000000
-0.0133925000000000
-0.0142017000000000
0.00126386000000000
0.0224971000000000
0.0333529000000000
0.0353638000000000
0.0357750000000000
0.0295893000000000
0.0115200000000000
-0.00745426000000000
-0.0134347000000000
-0.00905443000000000
-0.00716092000000000
-0.0124872000000000
-0.0185161000000000
-0.0166672000000000
-0.00365801000000000
0.0154904000000000
0.0293600000000000
0.0287552000000000
0.0145640000000000
-0.00414229000000000
-0.0179863000000000
-0.0224799000000000
-0.0197429000000000
-0.0162627000000000
-0.0160400000000000
-0.0166659000000000
-0.0154259000000000
-0.0147973000000000
-0.0164814000000000
-0.0146378000000000
-0.00363627000000000
0.0110068000000000
0.0181932000000000
0.0160413000000000
0.0117241000000000
0.00837327000000000
0.00209118000000000
-0.00743502000000000
-0.0132819000000000
-0.0115669000000000
-0.00705734000000000
-0.00495325000000000
-0.00384276000000000
-0.00106945000000000
0.00218131000000000
0.00457202000000000
0.00736096000000000
0.0109270000000000
0.0137246000000000
0.0158489000000000
0.0178664000000000
0.0171377000000000
0.0111684000000000
0.00388045000000000
0.000935449000000000
0.000599943000000000
-0.00365538000000000
-0.0127546000000000
-0.0205850000000000
-0.0216339000000000
-0.0147775000000000
-0.00258837000000000
0.00961277000000000
0.0161783000000000
0.0165196000000000
0.0147907000000000
0.0137589000000000
0.0117639000000000
0.00671459000000000
-0.000691081000000000
-0.00775379000000000
-0.0119037000000000
-0.0120819000000000
-0.00958945000000000
-0.00688103000000000
-0.00550672000000000
-0.00582865000000000
-0.00732077000000000
-0.00766088000000000
-0.00420990000000000
0.00144257000000000
0.00441626000000000
0.00385014000000000
0.00429568000000000
0.00761568000000000
0.00987224000000000
0.00840016000000000
0.00553136000000000
0.00321300000000000
0.000153073000000000
-0.00365748000000000
-0.00595081000000000
-0.00710979000000000
-0.00982151000000000
-0.0124419000000000
-0.0100230000000000
-0.00302271000000000
0.00222902000000000
0.00324581000000000
0.00404794000000000
0.00644761000000000
0.00639042000000000
0.00223495000000000
-0.000221017000000000
0.00409327000000000
0.0114479000000000
0.0142662000000000
0.0103408000000000
0.00289818000000000
-0.00517464000000000
-0.0126019000000000
-0.0176911000000000
-0.0189417000000000
-0.0166804000000000
-0.0119276000000000
-0.00551950000000000
0.000523394000000000
0.00346377000000000
0.00322776000000000
0.00281002000000000
0.00430517000000000
0.00637843000000000
0.00637302000000000
0.00288448000000000
-0.00369135000000000
-0.0112118000000000
-0.0159635000000000
-0.0152849000000000
-0.0102052000000000
-0.00398864000000000
0.00205876000000000
0.00879654000000000
0.0156749000000000
0.0195176000000000
0.0181247000000000
0.0128982000000000
0.00638396000000000
-0.000928241000000000
-0.00896772000000000
-0.0148553000000000
-0.0151900000000000
-0.0107934000000000
-0.00598573000000000
-0.00303615000000000
-0.00124158000000000
-0.000573430000000000
-0.00213901000000000
-0.00417339000000000
-0.00305882000000000
0.000991270000000000
0.00364154000000000
0.00325807000000000
0.00301336000000000
0.00438331000000000
0.00371586000000000
-0.00184264000000000
-0.00888734000000000
-0.0122532000000000
-0.0112554000000000
-0.00850031000000000
-0.00489527000000000
0.000413544000000000
0.00712205000000000
0.0129693000000000
0.0154061000000000
0.0128646000000000
0.00608496000000000
-0.00133873000000000
-0.00550975000000000
-0.00608562000000000
-0.00568831000000000
-0.00577950000000000
-0.00575077000000000
-0.00550909000000000
-0.00585000000000000
-0.00602816000000000
-0.00414295000000000
-0.000136548000000000
0.00377938000000000
0.00610551000000000
0.00688801000000000
0.00625535000000000
0.00429160000000000
0.00245370000000000
0.00240402000000000
0.00363126000000000
0.00404636000000000
0.00374090000000000
0.00568435000000000
0.0112385000000000
0.0166330000000000
0.0166488000000000
0.0110208000000000
0.00456477000000000
0.00115495000000000
0.000456714000000000
0.000742632000000000
0.00128664000000000
0.00110080000000000
-0.00117075000000000
-0.00492308000000000
-0.00802736000000000
-0.0102121000000000
-0.0124340000000000
-0.0134149000000000
-0.0106578000000000
-0.00522498000000000
-0.000981900000000000
0.000655132000000000
0.00156697000000000
0.00239321000000000
0.00102500000000000
-0.00346285000000000
-0.00819287000000000
-0.00889379000000000
-0.00457452000000000
0.000619736000000000
0.000922218000000000
-0.00402857000000000
-0.00763071000000000
-0.00414098000000000
0.00410605000000000
0.0107691000000000
0.0139104000000000
0.0155629000000000
0.0154404000000000
0.0112807000000000
0.00480513000000000
0.00129850000000000
0.00254225000000000
0.00460773000000000
0.00390509000000000
0.00155603000000000
0.000737796000000000
0.00217275000000000
0.00399602000000000
0.00422861000000000
0.00250522000000000
-0.000133820000000000
-0.00202318000000000
-0.00190985000000000
0.000169927000000000
0.00294430000000000
0.00459811000000000
0.00341501000000000
-0.00159727000000000
-0.00903045000000000
-0.0146141000000000
-0.0140765000000000
-0.00810247000000000
-0.00255714000000000
-0.00246200000000000
-0.00659441000000000
-0.0100959000000000
-0.0103897000000000
-0.00831569000000000
-0.00497658000000000
-0.00100239000000000
0.00156143000000000
2.51642000000000e-05
-0.00587662000000000
-0.0133003000000000
-0.0190893000000000
-0.0216023000000000
-0.0206798000000000
-0.0170217000000000
-0.0119754000000000
-0.00632413000000000
0.000265953000000000
0.00803988000000000
0.0156842000000000
0.0212531000000000
0.0239677000000000
0.0246042000000000
0.0244250000000000
0.0240257000000000
0.0229148000000000
0.0203912000000000
0.0164893000000000
0.0118513000000000
0.00672777000000000
0.00122156000000000
-0.00373826000000000
-0.00627248000000000
-0.00520297000000000
-0.00122179000000000
0.00357381000000000
0.00718728000000000
0.00864210000000000
0.00818378000000000
0.00675070000000000
0.00512759000000000
0.00338102000000000
0.00120724000000000
-0.00130696000000000
-0.00360464000000000
-0.00539879000000000
-0.00719413000000000
-0.00925289000000000
-0.0102866000000000
-0.00847197000000000
-0.00424297000000000
-0.000561622000000000
0.000405598000000000
-0.000870404000000000
-0.00345217000000000
-0.00764547000000000
-0.0128770000000000
-0.0163786000000000
-0.0161296000000000
-0.0135059000000000
-0.0108436000000000
-0.00828946000000000
-0.00476020000000000
-0.000797372000000000
0.00187137000000000
0.00253316000000000
0.00232455000000000
0.00304353000000000
0.00571980000000000
0.00957601000000000
0.0125381000000000
0.0133332000000000
0.0124775000000000
0.0107855000000000
0.00837525000000000
0.00588769000000000
0.00482556000000000
0.00571651000000000
0.00703969000000000
0.00665648000000000
0.00374327000000000
-0.000607942000000000
-0.00411291000000000
-0.00512061000000000
-0.00434984000000000
-0.00394015000000000
-0.00416562000000000
-0.00329154000000000
-0.00129154000000000
-0.000913916000000000
-0.00341146000000000
-0.00632664000000000
-0.00716988000000000
-0.00683477000000000
-0.00723603000000000
-0.00807150000000000
-0.00778357000000000
-0.00634140000000000
-0.00479103000000000
-0.00355140000000000
-0.00238175000000000
-0.00137114000000000
-0.000298384000000000
0.00185213000000000
0.00537903000000000
0.00870772000000000
0.0100443000000000
0.00948495000000000
0.00802130000000000
0.00554401000000000
0.00135428000000000
-0.00360161000000000
-0.00694731000000000
-0.00761424000000000
-0.00670761000000000
-0.00527637000000000
-0.00313485000000000
-0.000609036000000000
0.000627775000000000
-0.000176411000000000
-0.00128040000000000
-0.000476626000000000
0.00164076000000000
0.00245633000000000
0.000543464000000000
-0.00275731000000000
-0.00545625000000000
-0.00663500000000000
-0.00652931000000000
-0.00546455000000000
-0.00347036000000000
-0.000331987000000000
0.00362454000000000
0.00694520000000000
0.00806294000000000
0.00728677000000000
0.00647054000000000
0.00639608000000000
0.00581073000000000
0.00361294000000000
0.000250364000000000
-0.00334056000000000
-0.00630213000000000
-0.00729428000000000
-0.00561833000000000
-0.00296460000000000
-0.00172497000000000
-0.00178927000000000
-0.00108118000000000
0.00121699000000000
0.00407311000000000
0.00651587000000000
0.00795277000000000
0.00754426000000000
0.00546718000000000
0.00381456000000000
0.00428290000000000
0.00570438000000000
0.00557537000000000
0.00325332000000000
0.000540920000000000
-0.000461748000000000
0.000591035000000000
0.00204466000000000
0.00209777000000000
0.000799613000000000
-0.000321418000000000
-0.000476468000000000
-0.000143150000000000
6.48517000000000e-05
-0.000159991000000000
-0.00113250000000000
-0.00255398000000000
-0.00327335000000000
-0.00283467000000000
-0.00255240000000000
-0.00368424000000000
-0.00565997000000000
-0.00720638000000000
-0.00826812000000000
-0.00922601000000000
-0.00979911000000000
-0.00977512000000000
-0.00964559000000000
-0.00919227000000000
-0.00663803000000000
-0.000908158000000000
0.00611461000000000
0.0107370000000000
0.0112302000000000
0.00915630000000000
0.00727873000000000
0.00669627000000000
0.00656858000000000
0.00568883000000000
0.00383248000000000
0.00147261000000000
-0.00101720000000000
-0.00337798000000000
-0.00468337000000000
-0.00397019000000000
-0.00207497000000000
-0.00175001000000000
-0.00444841000000000
-0.00804146000000000
-0.00949549000000000
-0.00857344000000000
-0.00693967000000000
-0.00471895000000000
-0.00140528000000000
0.00158963000000000
0.00231520000000000
0.00159082000000000
0.00151320000000000
0.00197165000000000
0.00148513000000000
0.000477272000000000
0.000494587000000000
0.00127658000000000
0.00157290000000000
0.00180179000000000
0.00297330000000000
0.00441692000000000
0.00493810000000000
0.00472172000000000
0.00429581000000000
0.00348143000000000
0.00274453000000000
0.00323263000000000
0.00453868000000000
0.00460984000000000
0.00298871000000000
0.00152651000000000
0.00141002000000000
0.00158502000000000
0.000928465000000000
-0.000515171000000000
-0.00231586000000000
-0.00409933000000000
-0.00484770000000000
-0.00398535000000000
-0.00237002000000000
-0.00131652000000000
-0.000785130000000000
-5.08832000000000e-05
0.000993734000000000
0.00173498000000000
0.00173590000000000
0.00108036000000000
0.000457900000000000
0.000540130000000000
0.00113665000000000
0.00150543000000000
0.00170257000000000
0.00194517000000000
0.00115544000000000
-0.00165473000000000
-0.00449335000000000
-0.00443049000000000
-0.00201633000000000
-0.000497697000000000
-0.000422914000000000
0.000403371000000000
0.00202726000000000
0.00162930000000000
-0.00130743000000000
-0.00403371000000000
-0.00497737000000000
-0.00527426000000000
-0.00520587000000000
-0.00361084000000000
-0.000856000000000000
0.00123226000000000
0.00260761000000000
0.00453130000000000
0.00633402000000000
0.00632993000000000
0.00518900000000000
0.00497500000000000
0.00543266000000000
0.00472923000000000
0.00268312000000000
0.000736188000000000
-0.000686679000000000
-0.00179600000000000
-0.00209184000000000
-0.00130591000000000
-0.000896640000000000
-0.00203570000000000
-0.00383024000000000
-0.00495035000000000
-0.00569028000000000
-0.00668995000000000
-0.00739351000000000
-0.00723103000000000
-0.00680222000000000
-0.00691147000000000
-0.00757958000000000
-0.00868005000000000
-0.0100777000000000
-0.0106991000000000
-0.00895520000000000
-0.00482306000000000
-0.000306317000000000
0.00304735000000000
0.00563626000000000
0.00812052000000000
0.00969553000000000
0.00927674000000000
0.00749682000000000
0.00602698000000000
0.00555996000000000
0.00544004000000000
0.00531406000000000
0.00553940000000000
0.00577475000000000
0.00490660000000000
0.00305473000000000
0.00198865000000000
0.00235829000000000
0.00270803000000000
0.00218764000000000
0.00231269000000000
0.00416325000000000
0.00574919000000000
0.00458059000000000
0.00145232000000000
-0.000712297000000000
-0.000933696000000000
-0.000538337000000000
-0.000541500000000000
-0.000686785000000000
-0.000649768000000000
-0.000538693000000000
-0.000438648000000000
-0.000413570000000000
-0.000773165000000000
-0.00176951000000000
-0.00320707000000000
-0.00442931000000000
-0.00461551000000000
-0.00350344000000000
-0.00209329000000000
-0.00163127000000000
-0.00187875000000000
-0.00161072000000000
-0.000697551000000000
-0.000122918000000000
-8.59703000000000e-05
-8.00917000000000e-06
-9.18832000000000e-05
-0.000820776000000000
-0.00133240000000000
-0.000330406000000000
0.00159055000000000
0.00262264000000000
0.00201106000000000
0.000399483000000000
-0.00171311000000000
-0.00387571000000000
-0.00516212000000000
-0.00500069000000000
-0.00392302000000000
-0.00221083000000000
0.000678535000000000
0.00420779000000000
0.00620053000000000
0.00559040000000000
0.00429002000000000
0.00445553000000000
0.00557748000000000
0.00601577000000000
0.00597730000000000
0.00656542000000000
0.00685902000000000
0.00483821000000000
0.000815940000000000
-0.00249033000000000
-0.00351661000000000
-0.00318875000000000
-0.00282610000000000
-0.00285153000000000
-0.00349698000000000
-0.00482477000000000
-0.00584499000000000
-0.00523012000000000
-0.00316147000000000
-0.00146985000000000
-0.00160110000000000
-0.00301757000000000
-0.00371230000000000
-0.00255806000000000
-0.000688195000000000
-3.30577000000000e-05
-0.000480711000000000
-0.000490080000000000
-0.000142834000000000
-0.00135191000000000
-0.00415824000000000
-0.00598981000000000
-0.00546824000000000
-0.00412319000000000
-0.00336586000000000
-0.00297896000000000
-0.00325569000000000
-0.00484401000000000
-0.00573258000000000
-0.00244289000000000
0.00423058000000000
0.00858425000000000
0.00694520000000000
0.00201830000000000
-0.00121326000000000
-0.00130951000000000
-0.000206601000000000
0.000388375000000000
0.000732749000000000
0.00179323000000000
0.00378004000000000
0.00546099000000000
0.00540024000000000
0.00405071000000000
0.00375144000000000
0.00548669000000000
0.00716000000000000
0.00645314000000000
0.00412885000000000
0.00257322000000000
0.00238359000000000
0.00237516000000000
0.00197231000000000
0.00135810000000000
0.000314671000000000
-0.00120547000000000
-0.00198022000000000
-0.00106098000000000
0.000485165000000000
0.000974956000000000
0.000566195000000000
0.000603343000000000
0.00152572000000000
0.00260287000000000
0.00325675000000000
0.00356629000000000
0.00396598000000000
0.00468851000000000
0.00529139000000000
0.00478748000000000
0.00297119000000000
0.000976524000000000
-0.000120269000000000
-0.000607099000000000
-0.00108857000000000
-0.00148487000000000
-0.00192474000000000
-0.00317689000000000
-0.00499331000000000
-0.00556641000000000
-0.00409499000000000
-0.00244553000000000
-0.00276891000000000
-0.00464028000000000
-0.00593974000000000
-0.00568528000000000
-0.00479182000000000
-0.00455818000000000
-0.00528019000000000
-0.00604055000000000
-0.00559013000000000
-0.00360187000000000
-0.00100246000000000
0.00117623000000000
0.00292124000000000
0.00438951000000000
0.00486167000000000
0.00350304000000000
0.00119758000000000
-2.54107000000000e-05
0.000679128000000000
0.00224549000000000
0.00344387000000000
0.00388427000000000
0.00330063000000000
0.00130478000000000
-0.00125390000000000
-0.00246556000000000
-0.00161586000000000
-0.000101711000000000
0.000885334000000000
0.00177386000000000
0.00271541000000000
0.00254884000000000
0.000751329000000000
-0.00111381000000000
-0.00182077000000000
-0.00186544000000000
-0.00191815000000000
-0.00154601000000000
-0.00102174000000000
-0.00142135000000000
-0.00261776000000000
-0.00298107000000000
-0.00222085000000000
-0.00180786000000000
-0.00237911000000000
-0.00261433000000000
-0.00154101000000000
0.000358079000000000
0.00220820000000000
0.00346087000000000
0.00361479000000000
0.00299319000000000
0.00269037000000000
0.00289673000000000
0.00236580000000000
0.000792167000000000
-0.000215562000000000
0.000423414000000000
0.00159398000000000
0.00187085000000000
0.00164643000000000
0.00200763000000000
0.00299346000000000
0.00368107000000000
0.00313934000000000
0.00101751000000000
-0.00181734000000000
-0.00370651000000000
-0.00411686000000000
-0.00390615000000000
-0.00346799000000000
-0.00219475000000000
-0.000560212000000000
-0.000334069000000000
-0.00174566000000000
-0.00267666000000000
-0.00219238000000000
-0.00196124000000000
-0.00283045000000000
-0.00305421000000000
-0.00161190000000000
-7.11388000000000e-05
0.000197218000000000
1.97337000000000e-05
0.000187691000000000
-0.000154825000000000
-0.00147472000000000
-0.00247373000000000
-0.00216589000000000
-0.00133280000000000
-0.000834033000000000
-0.000469668000000000
3.31275000000000e-05
0.000671024000000000
0.00162073000000000
0.00260313000000000
0.00267087000000000
0.00198984000000000
0.00230663000000000
0.00401328000000000
0.00468693000000000
0.00270407000000000
0.000426353000000000
0.000721706000000000
0.00268259000000000
0.00371823000000000
0.00396980000000000
0.00499582000000000
0.00629778000000000
0.00614241000000000
0.00449651000000000
0.00235618000000000
-4.59126000000000e-05
-0.00222282000000000
-0.00263674000000000
-0.00119376000000000
-8.76610000000000e-05
-0.000719492000000000
-0.00190366000000000
-0.00251142000000000
-0.00285219000000000
-0.00309651000000000
-0.00278222000000000
-0.00257836000000000
-0.00334886000000000
-0.00408971000000000
-0.00353243000000000
-0.00280054000000000
-0.00300743000000000
-0.00279408000000000
-0.00143242000000000
-0.00113580000000000
-0.00269182000000000
-0.00325833000000000
-0.00213677000000000
-0.00326531000000000
-0.00810642000000000
-0.0117094000000000
-0.0102138000000000
-0.00559949000000000
-0.000135296000000000
0.00662959000000000
0.0121233000000000
0.0109669000000000
0.00391076000000000
-0.00147051000000000
-0.00171746000000000
-0.000942275000000000
-0.00182775000000000
-0.00209724000000000
-0.00132884000000000
-0.00244276000000000
-0.00506592000000000
-0.00554309000000000
-0.00367369000000000
-0.00236633000000000
-0.00141371000000000
0.00191604000000000
0.00676664000000000
0.00901753000000000
0.00683161000000000
0.00205889000000000
-0.00288408000000000
-0.00580414000000000
-0.00501940000000000
-0.00161217000000000
0.000623966000000000
8.21448000000000e-07
-0.000861746000000000
0.000853918000000000
0.00411014000000000
0.00605452000000000
0.00616310000000000
0.00609497000000000
0.00644774000000000
0.00617799000000000
0.00491886000000000
0.00334570000000000
0.00138432000000000
-0.00175462000000000
-0.00497829000000000
-0.00544939000000000
-0.00234920000000000
0.00167542000000000
0.00440440000000000
0.00644985000000000
0.00802986000000000
0.00711796000000000
0.00311021000000000
-0.000643865000000000
-0.00119157000000000
-0.000162969000000000
-0.000800272000000000
-0.00288487000000000
-0.00425378000000000
-0.00521417000000000
-0.00737875000000000
-0.00942907000000000
-0.00864750000000000
-0.00588545000000000
-0.00460984000000000
-0.00497776000000000
-0.00369254000000000
-0.000101658000000000
0.00239835000000000
0.00202766000000000
0.000896575000000000
0.000354705000000000
-0.000829921000000000
-0.00244131000000000
-0.00204281000000000
0.000103157000000000
0.000480065000000000
-0.00180113000000000
-0.00345942000000000
-0.00276166000000000
-0.00197996000000000
-0.00252921000000000
-0.00237305000000000
0.000296710000000000
0.00390997000000000
0.00592103000000000
0.00554256000000000
0.00381008000000000
0.00206891000000000
0.00117668000000000
0.000813594000000000
0.000507422000000000
0.00112437000000000
0.00368634000000000
0.00627090000000000
0.00542712000000000
0.00119070000000000
-0.00236330000000000
-0.00280264000000000
-0.00201198000000000
-0.00220701000000000
-0.00267614000000000
-0.00232390000000000
-0.00211411000000000
-0.00263199000000000
-0.00227171000000000
-0.000168846000000000
0.00141094000000000
0.000254304000000000
-0.00268088000000000
-0.00497526000000000
-0.00565484000000000
-0.00481317000000000
-0.00242905000000000
0.000505446000000000
0.00193291000000000
0.00141898000000000
0.00128644000000000
0.00269933000000000
0.00355918000000000
0.00198167000000000
-0.000130128000000000
0.000234775000000000
0.00250390000000000
0.00327520000000000
0.00148869000000000
1.19442000000000e-05
0.00102991000000000
0.00304735000000000
0.00346931000000000
0.00251511000000000
0.00199445000000000
0.00220227000000000
0.00173446000000000
0.000743106000000000
0.000946558000000000
0.00276443000000000
0.00418736000000000
0.00389007000000000
0.00301889000000000
0.00336836000000000
0.00460747000000000
0.00494904000000000
0.00361070000000000
0.00167898000000000
0.000426063000000000
0.000163444000000000
0.000489382000000000
0.000764718000000000
0.000225419000000000
-0.00126306000000000
-0.00245501000000000
-0.00192843000000000
-0.000102996000000000
0.000993550000000000
0.000401486000000000
-0.000823478000000000
-0.00128140000000000
-0.000805134000000000
2.92572000000000e-05
0.000634219000000000
0.000700424000000000
0.000433363000000000
0.000479617000000000
0.000842638000000000
0.000532790000000000
-0.000919912000000000
-0.00228898000000000
-0.00196190000000000
0.000207734000000000
0.00260867000000000
0.00336112000000000
0.00199419000000000
2.77655000000000e-05
-0.000913218000000000
-0.00107931000000000
-0.00172457000000000
-0.00243709000000000
-0.00166606000000000
0.000175607000000000
0.000756245000000000
-0.000578292000000000
-0.00211542000000000
-0.00268879000000000
-0.00264412000000000
-0.00204980000000000
-0.000636327000000000
0.000757338000000000
0.00119947000000000
0.00127558000000000
0.00180891000000000
0.00202951000000000
0.00120990000000000
0.000304815000000000
0.000145799000000000
-2.65611000000000e-05
-0.000649294000000000
-0.000676256000000000
-3.88744000000000e-05
-0.000416364000000000
-0.00218434000000000
-0.00307780000000000
-0.00167476000000000
0.000333081000000000
0.000762346000000000
0.000230163000000000
0.000662683000000000
0.00207576000000000
0.00257559000000000
0.00155432000000000
0.000451457000000000
0.000437633000000000
0.000679392000000000
-4.21319000000000e-05
-0.00126489000000000
-0.00160558000000000
-0.000843574000000000
0.000182182000000000
0.00122164000000000
0.00244777000000000
0.00339327000000000
0.00350713000000000
0.00319323000000000
0.00315699000000000
0.00305632000000000
0.00208063000000000
0.000433034000000000
-0.000752239000000000
-0.00100789000000000
-0.000837551000000000
-0.000664910000000000
-0.000153903000000000
0.00106126000000000
0.00246239000000000
0.00284270000000000
0.00174012000000000
0.000141107000000000
-0.000542462000000000
-0.000132700000000000
4.57808000000000e-05
-0.00110514000000000
-0.00299148000000000
-0.00382945000000000
-0.00282742000000000
-0.000992851000000000
-7.64573000000000e-06
-0.000196572000000000
-0.000566366000000000
-0.000396532000000000
-0.000204756000000000
-0.000449506000000000
-0.000466716000000000
0.000406718000000000
0.00132502000000000
0.00105836000000000
8.76913000000000e-06
-0.000442377000000000
-0.000210146000000000
-0.000302811000000000
-0.000578543000000000
0.000134795000000000
0.00174368000000000
0.00276957000000000
0.00269511000000000
0.00231045000000000
0.00187743000000000
0.000972584000000000
-0.000150081000000000
-0.000691384000000000
-0.000696022000000000
-0.000659955000000000
-0.000622504000000000
-0.000563744000000000
-0.000843126000000000
-0.00102217000000000
-7.72796000000000e-05
0.00166778000000000
0.00255213000000000
0.00229780000000000
0.00221307000000000
0.00244329000000000
0.00163905000000000
-0.000207655000000000
-0.00132739000000000
-0.00112343000000000
-0.000717357000000000
-0.000900080000000000
-0.00158924000000000
-0.00295445000000000
-0.00443892000000000
-0.00431215000000000
-0.00218896000000000
-0.000676190000000000
-0.00174869000000000
-0.00354376000000000
-0.00343531000000000
-0.00221070000000000
-0.00210462000000000
-0.00282254000000000
-0.00300664000000000
-0.00312616000000000
-0.00419145000000000
-0.00503509000000000
-0.00411040000000000
-0.00217407000000000
-0.00124775000000000
-0.00155840000000000
-0.00191275000000000
-0.00178664000000000
-0.00153363000000000
-0.00105558000000000
-0.000248229000000000
0.000256202000000000
-0.000292665000000000
-0.00143809000000000
-0.00194675000000000
-0.00123147000000000
-2.05085000000000e-05
0.000690936000000000
0.000833901000000000
0.000844760000000000
0.000817047000000000
0.000725198000000000
0.00100529000000000
0.00183961000000000
0.00251326000000000
0.00232864000000000
0.00161836000000000
0.00102010000000000
0.000574075000000000
0.000291320000000000
0.000527532000000000
0.000934302000000000
0.000434866000000000
-0.000895151000000000
-0.00166633000000000
-0.00148421000000000
-0.00139710000000000
-0.00159279000000000
-0.00127533000000000
-0.000873026000000000
-0.00141766000000000
-0.00206258000000000
-0.00117992000000000
0.000295933000000000
0.000162324000000000
-0.00110580000000000
-0.00112520000000000
-7.75352000000000e-05
-0.000356933000000000
-0.00215496000000000
-0.00314843000000000
-0.00270368000000000
-0.00253514000000000
-0.00301019000000000
-0.00237819000000000
-0.000275639000000000
0.000994011000000000
7.58999000000000e-05
-0.00129354000000000
-0.00101521000000000
0.000222058000000000
0.000580005000000000
0.000175475000000000
0.000387834000000000
0.000836510000000000
-0.000109906000000000
-0.00224470000000000
-0.00322011000000000
-0.00192632000000000
0.000319376000000000
0.00190893000000000
0.00270276000000000
0.00309730000000000
0.00343214000000000
0.00406151000000000
0.00476626000000000
0.00442034000000000
0.00278367000000000
0.00120499000000000
0.000393567000000000
-0.000869297000000000
-0.00296908000000000
-0.00405387000000000
-0.00312879000000000
-0.00205533000000000
-0.00240375000000000
-0.00298239000000000
-0.00225774000000000
-0.000829737000000000
0.000139394000000000
0.000716606000000000
0.000864790000000000
-0.000162772000000000
-0.00197890000000000
-0.00291070000000000
-0.00268246000000000
-0.00252525000000000
-0.00277932000000000
-0.00271343000000000
-0.00251708000000000
-0.00286392000000000
-0.00298911000000000
-0.00172484000000000
-6.39411000000000e-05
-3.49013000000000e-05
-0.00138854000000000
-0.00194200000000000
-0.00100754000000000
0.000208077000000000
0.000757589000000000
0.000855407000000000
0.000674424000000000
0.000291769000000000
3.47286000000000e-05
0.000157000000000000
0.000325741000000000
0.000310652000000000
0.000346562000000000
0.000436118000000000
0.000272832000000000
3.36309000000000e-05
0.000168609000000000
0.000384065000000000
0.000193265000000000
1.15517000000000e-05
0.000303905000000000
0.000407047000000000
-5.77344000000000e-05
0.000186571000000000
0.00200051000000000
0.00351227000000000
0.00266283000000000
0.000814991000000000
0.000945807000000000
0.00289990000000000
0.00372706000000000
0.00228555000000000
0.000463659000000000
-0.000131013000000000
0.000187862000000000
0.000960974000000000
0.00235579000000000
0.00377872000000000
0.00388151000000000
0.00245185000000000
0.000847224000000000
0.000204571000000000
0.000274572000000000
0.000415455000000000
0.000473753000000000
0.000522089000000000
0.000519177000000000
0.000545691000000000
0.000658901000000000
0.000713325000000000
0.000666610000000000
0.000717647000000000
0.000875121000000000
0.000884227000000000
0.000794262000000000
0.000918226000000000
0.00111423000000000
0.00100731000000000
0.000900897000000000
0.00125443000000000
0.00134980000000000
0.000187559000000000
-0.00140646000000000
-0.00149554000000000
-0.000109283000000000
0.000781770000000000
0.000335650000000000
-0.000218408000000000
-8.98907000000000e-05
8.53193000000000e-05
-5.09742000000000e-05
0.000253210000000000
0.00144639000000000
0.00285272000000000
0.00347985000000000
0.00298173000000000
0.00190972000000000
0.00142544000000000
0.00206798000000000
0.00309005000000000
0.00342081000000000
0.00306844000000000
0.00241601000000000
0.00146247000000000
0.000513959000000000
0.000621252000000000
0.00194438000000000
0.00313604000000000
0.00319626000000000
0.00257045000000000
0.00188508000000000
0.00132423000000000
0.00124690000000000
0.00175857000000000
0.00205375000000000
0.00194266000000000
0.00239321000000000
0.00354284000000000
0.00392697000000000
0.00316622000000000
0.00258600000000000
0.00240678000000000
0.00115392000000000
-0.000873303000000000
-0.00164854000000000
-0.00125374000000000
-0.00172339000000000
-0.00278340000000000
-0.00265505000000000
-0.00211687000000000
-0.00340935000000000
-0.00546415000000000
-0.00508226000000000
-0.00211569000000000
0.000565009000000000
0.00193449000000000
0.00308886000000000
0.00405664000000000
0.00385225000000000
0.00293244000000000
0.00238069000000000
0.00199103000000000
0.00106682000000000
-1.36851000000000e-05
-0.000471711000000000
-0.000317636000000000
0.000199010000000000
0.000866925000000000
0.00101794000000000
0.000190326000000000
-0.000748549000000000
-0.000674002000000000
9.47757000000000e-05
0.000698342000000000
0.00131332000000000
0.00240902000000000
0.00304301000000000
0.00206667000000000
0.000141041000000000
-0.000954517000000000
-0.000836128000000000
-0.000510941000000000
-0.000576434000000000
-0.000708897000000000
-0.000674305000000000
-0.000647541000000000
-0.000704245000000000
-0.000737625000000000
-0.000737888000000000
-0.000755955000000000
-0.000768091000000000
-0.000782995000000000
-0.000832821000000000
-0.000845629000000000
-0.000806373000000000
-0.000849767000000000
-0.000947045000000000
-0.000905746000000000
-0.000824743000000000
-0.000938572000000000
-0.00103947000000000
-0.000855091000000000
-0.000766523000000000
-0.00112489000000000
-0.00112865000000000
0.000115010000000000
0.00175185000000000
0.00206469000000000
0.00107567000000000
0.000350502000000000
0.000515922000000000
0.000768922000000000
0.000621463000000000
0.000494311000000000
0.000656911000000000
0.000722865000000000
0.000326294000000000
-0.000517055000000000
-0.00150345000000000
-0.00225616000000000
-0.00247781000000000
-0.00248756000000000
-0.00284600000000000
-0.00361070000000000
-0.00423810000000000
-0.00428224000000000
-0.00367672000000000
-0.00280054000000000
-0.00232759000000000
-0.00250641000000000
-0.00273979000000000
-0.00225590000000000
-0.00106576000000000
0.000182433000000000
0.000904455000000000
0.000827984000000000
6.34298000000000e-05
-0.000776222000000000
-0.000953436000000000
-0.000555165000000000
-0.000237608000000000
-0.000347405000000000
-0.000749076000000000
-0.00152651000000000
-0.00257520000000000
-0.00328113000000000
-0.00318124000000000
-0.00255227000000000
-0.00187137000000000
-0.00159938000000000
-0.00226750000000000
-0.00377424000000000
-0.00455041000000000
-0.00285417000000000
0.000885149000000000
0.00397401000000000
0.00436513000000000
0.00265044000000000
0.000965626000000000
0.000521694000000000
0.000713483000000000
0.000621792000000000
0.000418064000000000
0.000797873000000000
0.00134835000000000
0.000960935000000000
-0.000559804000000000
-0.00210001000000000
-0.00281002000000000
-0.00252117000000000
-0.00135849000000000
0.000162034000000000
0.000998649000000000
0.00100466000000000
0.000982546000000000
0.000820117000000000
-0.000683293000000000
-0.00320008000000000
-0.00429595000000000
-0.00295129000000000
-0.000989768000000000
-6.19499000000000e-05
0.000646527000000000
0.00189246000000000
0.00263700000000000
0.00218131000000000
0.00177597000000000
0.00228515000000000
0.00257796000000000
0.00168478000000000
0.000456332000000000
-0.000115930000000000
-0.000278261000000000
-0.000447754000000000
-0.000391485000000000
-0.000169967000000000
-0.000254594000000000
-0.000470736000000000
-0.000186874000000000
9.63979000000000e-05
-0.000803895000000000
-0.00260023000000000
-0.00336230000000000
-0.00220477000000000
-0.000450007000000000
0.000211200000000000
-0.000184699000000000
-0.000328943000000000
0.000483413000000000
0.00142820000000000
0.00140317000000000
0.000791666000000000
0.000984207000000000
0.00222519000000000
0.00312695000000000
0.00263054000000000
0.00129270000000000
0.000164313000000000
-0.000627155000000000
-0.00123466000000000
-0.00145878000000000
-0.00130980000000000
-0.00126982000000000
-0.00120912000000000
-0.000680301000000000
1.11401000000000e-05
0.000125016000000000
-0.000208788000000000
-0.000296539000000000
-0.000123776000000000
-0.000155471000000000
-0.000316332000000000
-0.000253883000000000
-0.000171772000000000
-0.000321300000000000
-0.000364945000000000
-0.000152229000000000
-0.000324278000000000
-0.00122536000000000
-0.00213111000000000
-0.00229438000000000
-0.00202661000000000
-0.00182894000000000
-0.00150977000000000
-0.000807585000000000
-0.000237476000000000
-0.000322960000000000
-0.000680262000000000
-0.000572731000000000
-0.000277154000000000
-0.000869283000000000
-0.00243512000000000
-0.00345797000000000
-0.00253632000000000
-0.000185490000000000
0.00188376000000000
0.00265387000000000
0.00246793000000000
0.00192896000000000
0.00123024000000000
0.000630239000000000
0.000717976000000000
0.00176595000000000
0.00313327000000000
0.00377951000000000
0.00328363000000000
0.00234353000000000
0.00192975000000000
0.00213809000000000
0.00216207000000000
0.00148500000000000
0.000559712000000000
0.000140672000000000
0.000237687000000000
0.000318598000000000
0.000179270000000000
0.000101570000000000
0.000182565000000000
0.000200328000000000
0.000119049000000000
0.000169176000000000
0.000328495000000000
0.000278248000000000
2.28713000000000e-05
4.28343000000000e-05
0.000569964000000000
0.00123498000000000
0.00161111000000000
0.00172694000000000
0.00162179000000000
0.00117099000000000
0.000361584000000000
-0.000531156000000000
-0.00131830000000000
-0.00184067000000000
-0.00179837000000000
-0.000949575000000000
0.000397902000000000
0.00147868000000000
0.00182630000000000
0.00139183000000000
0.000331829000000000
-0.000922416000000000
-0.00161230000000000
-0.00140936000000000
-0.000810313000000000
-0.000447806000000000
-0.000359515000000000
-0.000186940000000000
-4.11436000000000e-06
-0.000234854000000000
-0.000766958000000000
-0.000926897000000000
-0.000517701000000000
-0.000143400000000000
-0.000159398000000000
-0.000249718000000000
-0.000122465000000000
-0.000144204000000000
-0.000561741000000000
-0.000910003000000000
-0.000646579000000000
-0.000135586000000000
-1.63971000000000e-05
-0.000248783000000000
-0.000304129000000000
-0.000114494000000000
1.09760000000000e-05
1.89825000000000e-06
3.81983000000000e-05
3.45442000000000e-05
-0.000166751000000000
-0.000344440000000000
-0.000205955000000000
2.30953000000000e-05
-0.000154166000000000
-0.000709754000000000
-0.00108379000000000
-0.000993022000000000
-0.000882751000000000
-0.00121947000000000
-0.00178084000000000
-0.00197996000000000
-0.00171179000000000
-0.00149001000000000