0.00353144000000000
0.00207811000000000
0.000466036000000000
-0.00261375000000000
-0.00337978000000000
-0.00195897000000000
-0.000879362000000000
-0.00114054000000000
0.000309123000000000
0.00699593000000000
0.00747495000000000
0.00539148000000000
0.00714098000000000
0.00658713000000000
0.00229140000000000
0.00347346000000000
0.00559816000000000
0.00482454000000000
0.00139587000000000
-0.00512152000000000
-0.0100722000000000
-0.0118800000000000
-0.0106337000000000
-0.00369673000000000
0.00359057000000000
0.00626466000000000
0.00262916000000000
-0.00177725000000000
-0.00151241000000000
-0.00182809000000000
0.00680346000000000
0.0183887000000000
0.0169001000000000
0.0138419000000000
0.0129891000000000
0.00646526000000000
-0.00863039000000000
-0.0199578000000000
-0.0250644000000000
-0.0280463000000000
-0.0208157000000000
-0.00983133000000000
-0.00104192000000000
0.00790742000000000
0.00987154000000000
0.00896511000000000
0.00568924000000000
0.00146265000000000
-0.00411926000000000
-0.0123483000000000
-0.00862336000000000
0.0106902000000000
0.0288097000000000
0.0238674000000000
0.0194288000000000
0.0141110000000000
-0.00228963000000000
-0.0182526000000000
-0.0265338000000000
-0.0311194000000000
-0.0406845000000000
-0.0394724000000000
-0.0271632000000000
-0.00256556000000000
0.0279145000000000
0.0357585000000000
0.0252516000000000
0.00452152000000000
-0.00164994000000000
0.00855790000000000
0.0226516000000000
0.0350542000000000
0.0368686000000000
0.0219677000000000
-0.00278754000000000
-0.00447318000000000
0.0186098000000000
0.0251918000000000
0.0110522000000000
-0.00971555000000000
-0.0503269000000000
-0.0752160000000000
-0.0741968000000000
-0.0397539000000000
-0.00358950000000000
0.0354995000000000
0.0709260000000000
0.0793149000000000
0.0495743000000000
0.00279046000000000
-0.0132669000000000
-0.0218380000000000
-0.0223967000000000
-0.0252031000000000
-0.00273850000000000
0.0435772000000000
0.0492075000000000
0.0201156000000000
-0.0280728000000000
-0.0624562000000000
-0.0644115000000000
-0.0552617000000000
-0.0268052000000000
0.0236062000000000
0.0728025000000000
0.0838826000000000
0.0564708000000000
0.0264688000000000
-0.00962730000000000
-0.0581124000000000
-0.0683940000000000
-0.0374681000000000
0.000732527000000000
0.0340066000000000
0.0600032000000000
0.0473533000000000
-0.00643932000000000
-0.0284597000000000
-0.0160488000000000
-0.000641797000000000
-0.00738562000000000
-0.0156275000000000
-0.0135286000000000
0.00115101000000000
0.000831575000000000
-0.0392437000000000
-0.0333303000000000
0.00218688000000000
-0.0148109000000000
-0.0594994000000000
-0.0496395000000000
-0.0164931000000000
0.0324733000000000
0.0907109000000000
0.109761000000000
0.0614034000000000
0.0302407000000000
0.0241586000000000
-0.0147245000000000
-0.0434757000000000
-0.0542569000000000
-0.0608812000000000
-0.0414702000000000
0.0342888000000000
0.0966499000000000
0.0738167000000000
0.000913190000000000
-0.0664450000000000
-0.108728000000000
-0.134519000000000
-0.109823000000000
-0.0539717000000000
-0.00689408000000000
0.0337285000000000
0.0697036000000000
0.0910605000000000
0.0633916000000000
0.0142714000000000
-0.0222285000000000
-0.0168465000000000
0.0328647000000000
0.0675715000000000
0.0734056000000000
0.0644601000000000
0.0491125000000000
0.0128478000000000
-0.0529033000000000
-0.106649000000000
-0.100610000000000
-0.0488245000000000
-0.00154650000000000
0.0597137000000000
0.0958086000000000
0.0708378000000000
0.0535437000000000
0.0706173000000000
0.0782386000000000
0.0713051000000000
0.0615407000000000
0.0377862000000000
-0.00663426000000000
-0.0484051000000000
-0.0954607000000000
-0.122972000000000
-0.121971000000000
-0.114035000000000
-0.0940464000000000
-0.0601547000000000
-0.0330182000000000
-0.0250971000000000
-0.0205067000000000
0.0324443000000000
0.0937529000000000
0.0969113000000000
0.0536355000000000
-0.00221835000000000
-0.0204095000000000
-0.00669743000000000
0.00441386000000000
-0.00897118000000000
-0.0297420000000000
-0.0179155000000000
0.0275450000000000
0.0479433000000000
0.0738366000000000
0.0952053000000000
0.0472024000000000
0.00142605000000000
0.00176520000000000
0.0130085000000000
0.0275241000000000
0.0388917000000000
0.00661613000000000
-0.0668286000000000
-0.121088000000000
-0.138574000000000
-0.127483000000000
-0.0918491000000000
-0.0366880000000000
0.00812957000000000
0.0146220000000000
0.0213087000000000
0.0377347000000000
0.0317244000000000
0.0177227000000000
0.0151804000000000
0.00717615000000000
-0.0178117000000000
-0.0434144000000000
-0.0588548000000000
-0.0674568000000000
-0.0756965000000000
-0.0434426000000000
0.0408885000000000
0.117056000000000
0.138742000000000
0.140192000000000
0.139356000000000
0.0907187000000000
0.00819134000000000
-0.0452888000000000
-0.0576817000000000
-0.0628712000000000
-0.0421749000000000
-0.0175953000000000
-0.0158513000000000
-0.0266471000000000
-0.0321911000000000
-0.00222489000000000
0.0309225000000000
0.0347025000000000
0.0275467000000000
0.0192287000000000
0.00983038000000000
-0.00291838000000000
-0.00314992000000000
-0.00620304000000000
-0.0477625000000000
-0.0672413000000000
-0.0509970000000000
-0.0386148000000000
-0.0393449000000000
-0.0335447000000000
0.00220322000000000
0.0402161000000000
0.0646658000000000
0.100989000000000
0.161385000000000
0.189807000000000
0.135526000000000
0.0448498000000000
-0.0313249000000000
-0.0921080000000000
-0.138638000000000
-0.155746000000000
-0.151496000000000
-0.122651000000000
-0.0901756000000000
-0.0750449000000000
-0.0637115000000000
-0.0630072000000000
-0.0955324000000000
-0.126310000000000
-0.125902000000000
-0.0792470000000000
-0.0176108000000000
0.0484060000000000
0.117942000000000
0.147006000000000
0.133402000000000
0.0869484000000000
0.0612602000000000
0.0518707000000000
0.0462323000000000
0.0291132000000000
0.0119082000000000
0.0124312000000000
0.0248910000000000
0.0432530000000000
0.0404837000000000
-0.00217896000000000
-0.0773821000000000
-0.148395000000000
-0.210091000000000
-0.233383000000000
-0.232636000000000
-0.217175000000000
-0.170843000000000
-0.103799000000000
-0.00514818000000000
0.0759308000000000
0.0616107000000000
-0.0129143000000000
-0.0480074000000000
-0.0522881000000000
-0.0491540000000000
-0.0417690000000000
-0.0323861000000000
-0.0213293000000000
-0.0207867000000000
-0.0143524000000000
-0.00751742000000000
-0.00317877000000000
-0.0161966000000000
-0.0805460000000000
-0.117964000000000
-0.106249000000000
-0.00177208000000000
0.150935000000000
0.305071000000000
0.448137000000000
0.509972000000000
0.534301000000000
0.458273000000000
0.273855000000000
0.0864658000000000
-0.0560374000000000
-0.174721000000000
-0.260432000000000
-0.347383000000000
-0.401257000000000
-0.399011000000000
-0.274646000000000
-0.122870000000000
0.155057000000000
0.528222000000000
0.502187000000000
0.260026000000000
0.0403095000000000
-0.0720966000000000
-0.0975617000000000
-0.0564899000000000
0.0489000000000000
0.145848000000000
0.172954000000000
0.173907000000000
0.126142000000000
0.0223536000000000
-0.0866531000000000
-0.118149000000000
-0.0822006000000000
-0.0434295000000000
0.00747013000000000
0.0849207000000000
0.0926890000000000
-0.000169770000000000
-0.0903709000000000
-0.182312000000000
-0.195199000000000
-0.138409000000000
-0.0313176000000000
0.174923000000000
0.407419000000000
0.552996000000000
0.591794000000000
0.421479000000000
0.258467000000000
0.195503000000000
0.122114000000000
0.0483808000000000
-0.0205648000000000
-0.0674218000000000
-0.0947486000000000
-0.112671000000000
-0.124586000000000
-0.150456000000000
-0.190604000000000
-0.250027000000000
-0.315811000000000
-0.373359000000000
-0.437550000000000
-0.454565000000000
-0.458890000000000
-0.387103000000000
-0.283048000000000
-0.175445000000000
-0.0390069000000000
0.210641000000000
0.215830000000000
-0.00299193000000000
-0.144641000000000
-0.272251000000000
-0.372876000000000
-0.433188000000000
-0.439110000000000
-0.402897000000000
-0.343950000000000
-0.230620000000000
-0.105657000000000
0.348324000000000
0.698529000000000
0.705582000000000
0.736705000000000
0.594673000000000
0.466960000000000
0.364510000000000
0.258381000000000
0.103497000000000
-0.0107933000000000
-0.107668000000000
-0.180689000000000
-0.220429000000000
-0.216847000000000
-0.156061000000000
-0.0794145000000000
0.0140677000000000
0.0984122000000000
0.156891000000000
0.197865000000000
0.230748000000000
0.226326000000000
0.200431000000000
0.155927000000000
0.104164000000000
0.0251787000000000
-0.0604160000000000
-0.126955000000000
-0.188983000000000
-0.211802000000000
-0.212774000000000
-0.204297000000000
-0.170256000000000
-0.103219000000000
-0.0585712000000000
-0.0600450000000000
-0.0677927000000000
-0.0406529000000000
-0.000358643000000000
0.0169109000000000
0.0480173000000000
0.0826103000000000
0.131200000000000
0.198381000000000
0.246722000000000
0.260292000000000
0.274828000000000
0.289495000000000
0.268325000000000
0.185488000000000
0.0966755000000000
0.0283647000000000
-0.0217778000000000
-0.0641696000000000
-0.129286000000000
-0.193314000000000
-0.251098000000000
-0.297089000000000
-0.325021000000000
-0.343739000000000
-0.359499000000000
-0.366413000000000
-0.367550000000000
-0.360593000000000
-0.346837000000000
-0.304988000000000
-0.212968000000000
-0.0976677000000000
0.0710965000000000
0.126386000000000
0.0443970000000000
0.00518249000000000
-0.0114357000000000
0.0357434000000000
0.114729000000000
0.189596000000000
0.207634000000000
0.134951000000000
0.0629355000000000
0.0131593000000000
0.0171806000000000
0.0816924000000000
0.144468000000000
0.174571000000000
0.178401000000000
0.174338000000000
0.145956000000000
0.107482000000000
0.0964651000000000
0.0951302000000000
0.0930443000000000
0.109509000000000
0.129998000000000
0.131887000000000
0.0978977000000000
0.0435931000000000
-0.00754488000000000
-0.0560438000000000
-0.0727650000000000
-0.0822987000000000
-0.0903133000000000
-0.102580000000000
-0.112938000000000
-0.114588000000000
-0.101403000000000
-0.0471710000000000
0.0200434000000000
0.0790854000000000
0.112311000000000
0.108601000000000
0.0696891000000000
0.0114986000000000
-0.0369764000000000
-0.0541061000000000
-0.0339552000000000
0.00976251000000000
0.0417391000000000
0.0551495000000000
0.0634470000000000
0.0668827000000000
0.0678764000000000
0.0658078000000000
0.0631390000000000
0.0653292000000000
0.0793822000000000
0.114368000000000
0.139780000000000
0.147432000000000
0.105709000000000
0.0433956000000000
-0.0108494000000000
-0.0582005000000000
-0.0869866000000000
-0.109602000000000
-0.119420000000000
-0.108391000000000
-0.0490869000000000
0.0148301000000000
0.0727311000000000
0.0845338000000000
0.00670620000000000
-0.0807549000000000
-0.142970000000000
-0.188861000000000
-0.210395000000000
-0.220294000000000
-0.213466000000000
-0.174449000000000
-0.108161000000000
-0.0345842000000000
0.0349549000000000
0.0795613000000000
0.0801981000000000
0.0507681000000000
0.0267910000000000
0.0166677000000000
-0.00926894000000000
-0.0396151000000000
-0.0547534000000000
-0.0624279000000000
-0.0481037000000000
-0.0160185000000000
0.0352902000000000
0.0909449000000000
0.108244000000000
0.0830254000000000
0.0213789000000000
-0.0317421000000000
-0.0547500000000000
-0.0602732000000000
-0.0511016000000000
-0.0325529000000000
-0.0141828000000000
-0.00633595000000000
-0.00689300000000000
-0.0124625000000000
-0.0160513000000000
-0.0154713000000000
-0.00165471000000000
0.0267073000000000
0.0617689000000000
0.109873000000000
0.157548000000000
0.182561000000000
0.190174000000000
0.188439000000000
0.182711000000000
0.166886000000000
0.131139000000000
0.0971794000000000
0.0817081000000000
0.0654289000000000
0.0336218000000000
0.00778447000000000
-0.0171009000000000
-0.0475104000000000
-0.0678804000000000
-0.0915229000000000
-0.119785000000000
-0.144571000000000
-0.165372000000000
-0.182245000000000
-0.194371000000000
-0.195429000000000
-0.182226000000000
-0.154883000000000
-0.125712000000000
-0.0992301000000000
-0.0838017000000000
-0.0646936000000000
-0.0324428000000000
-0.000763232000000000
0.0202925000000000
0.0353851000000000
0.0578397000000000
0.0973917000000000
0.143133000000000
0.188846000000000
0.216075000000000
0.214295000000000
0.162669000000000
0.0695741000000000
-0.00849251000000000
-0.0661669000000000
-0.0937811000000000
-0.107721000000000
-0.0906003000000000
-0.0323617000000000
0.0337757000000000
0.0776566000000000
0.0774528000000000
0.0360269000000000
-0.0247440000000000
-0.0746597000000000
-0.106309000000000
-0.117442000000000
-0.124316000000000
-0.0963218000000000
-0.0471799000000000
0.00355928000000000
0.0448024000000000
0.0586325000000000
0.0432089000000000
0.0154189000000000
0.00288573000000000
-0.00719876000000000
-0.0118926000000000
-0.0183847000000000
-0.0249191000000000
-0.0319308000000000
-0.0355286000000000
-0.0281799000000000
-0.0187871000000000
-0.0135023000000000
-0.0102379000000000
-0.00805633000000000
-0.0118471000000000
-0.0231784000000000
-0.0364916000000000
-0.0424416000000000
-0.0377399000000000
-0.0138227000000000
0.0240833000000000
0.0699013000000000
0.111430000000000
0.128091000000000
0.109472000000000
0.0531503000000000
-0.00427531000000000
-0.0514684000000000
-0.0748475000000000
-0.0811266000000000
-0.0844850000000000
-0.0807366000000000
-0.0773954000000000
-0.0799816000000000
-0.0882122000000000
-0.0945826000000000
-0.0921113000000000
-0.0770383000000000
-0.0522511000000000
-0.0224884000000000
0.00517461000000000
0.0222640000000000
0.0376042000000000
0.0577637000000000
0.0772701000000000
0.0934261000000000
0.110915000000000
0.122964000000000
0.128777000000000
0.114837000000000
0.0757328000000000
0.0552878000000000
0.0500004000000000
0.0518224000000000
0.0656421000000000
0.0794300000000000
0.0781291000000000
0.0483930000000000
0.00838346000000000
-0.0280641000000000
-0.0550249000000000
-0.0678064000000000
-0.0694855000000000
-0.0568836000000000
-0.0440185000000000
-0.0436178000000000
-0.0565976000000000
-0.0814230000000000
-0.101089000000000
-0.108433000000000
-0.108737000000000
-0.0798002000000000
-0.0233873000000000
0.0422295000000000
0.109693000000000
0.174250000000000
0.211023000000000
0.214841000000000
0.192889000000000
0.153525000000000
0.117742000000000
0.0834395000000000
0.0532447000000000
0.0255065000000000
-0.00566141000000000
-0.0277895000000000
-0.0363175000000000
-0.0332472000000000
-0.0192026000000000
-0.00282046000000000
0.00367170000000000
0.00423911000000000
-0.00827661000000000
-0.0337565000000000
-0.0471078000000000
-0.0546996000000000
-0.0569300000000000
-0.0589990000000000
-0.0618429000000000
-0.0619788000000000
-0.0562205000000000
-0.0442742000000000
-0.0342095000000000
-0.0308548000000000
-0.0371575000000000
-0.0471121000000000
-0.0553439000000000
-0.0583199000000000
-0.0518185000000000
-0.0361714000000000
-0.0184220000000000
-0.00774374000000000
-0.00364338000000000
-0.0101893000000000
-0.0211845000000000
-0.0327098000000000
-0.0436402000000000
-0.0563991000000000
-0.0665666000000000
-0.0654054000000000
-0.0494899000000000
-0.0193026000000000
0.0159791000000000
0.0438671000000000
0.0532060000000000
0.0501639000000000
0.0352234000000000
0.0149980000000000
-0.0102411000000000
-0.0338460000000000
-0.0472092000000000
-0.0534497000000000
-0.0571370000000000
-0.0620051000000000
-0.0649004000000000
-0.0648724000000000
-0.0480300000000000
-0.0203760000000000
-0.00294652000000000
0.00940042000000000
0.0210082000000000
0.0309144000000000
0.0386667000000000
0.0417491000000000
0.0367766000000000
0.0236065000000000
0.00686511000000000
-0.00514939000000000
-0.00655591000000000
-0.00121130000000000
0.00535898000000000
0.0110460000000000
0.0146136000000000
0.0136844000000000
0.0104586000000000
0.00925037000000000
0.0158154000000000
0.0274893000000000
0.0391858000000000
0.0442184000000000
0.0384922000000000
0.0252983000000000
0.00892591000000000
0.000538210000000000
-0.00560044000000000
-0.0108995000000000
-0.00905471000000000
-0.00213932000000000
0.00682019000000000
0.0141349000000000
0.0198299000000000
0.0300931000000000
0.0445186000000000
0.0521427000000000
0.0483985000000000
0.0379866000000000
0.0218720000000000
0.00338269000000000
-0.0102713000000000
-0.0155928000000000
-0.0128331000000000
-0.00516666000000000
0.0153370000000000
0.0388790000000000
0.0540938000000000
0.0604235000000000
0.0560473000000000
0.0481872000000000
0.0405188000000000
0.0332285000000000
0.0270145000000000
0.0222365000000000
0.0160039000000000
0.00899929000000000
0.00638167000000000
0.00701798000000000
0.00890904000000000
0.00884723000000000
0.0116281000000000
0.0172994000000000
0.0212226000000000
0.0242111000000000
0.0208505000000000
0.0129229000000000
0.00223460000000000
-0.0121506000000000
-0.0255110000000000
-0.0366859000000000
-0.0455231000000000
-0.0482227000000000
-0.0445030000000000
-0.0355461000000000
-0.0225090000000000
-0.00928138000000000
0.000249341000000000
0.00282663000000000
0.00113588000000000
-0.000964760000000000
0.000101262000000000
0.000923999000000000
-0.00392680000000000
-0.0124229000000000
-0.0242311000000000
-0.0363103000000000
-0.0471586000000000
-0.0564388000000000
-0.0645753000000000
-0.0700977000000000
-0.0683296000000000
-0.0605402000000000
-0.0506406000000000
-0.0409327000000000
-0.0289137000000000
-0.0153648000000000
-0.00375426000000000
0.00461556000000000
0.00999061000000000
0.0130584000000000
0.0145158000000000
0.0163024000000000
0.0220702000000000
0.0366504000000000
0.0549221000000000
0.0691043000000000
0.0759787000000000
0.0715470000000000
0.0583439000000000
0.0441981000000000
0.0349192000000000
0.0305682000000000
0.0270991000000000
0.0231209000000000
0.0162789000000000
0.00452882000000000
-0.00763109000000000
-0.0211502000000000
-0.0356941000000000
-0.0454859000000000
-0.0457355000000000
-0.0339161000000000
-0.0172151000000000
-0.00109990000000000
0.00968160000000000
0.00748839000000000
-0.00356618000000000
-0.0145956000000000
-0.0214086000000000
-0.0190455000000000
-0.00703175000000000
0.0106635000000000
0.0233212000000000
0.0282837000000000
0.0274298000000000
0.0228421000000000
0.0196242000000000
0.0186196000000000
0.0214296000000000
0.0270413000000000
0.0312105000000000
0.0313721000000000
0.0262013000000000
0.0136394000000000
-0.00360706000000000
-0.0187102000000000
-0.0249176000000000
-0.0251382000000000
-0.0241436000000000
-0.0199850000000000
-0.0142768000000000
-0.00724903000000000
5.10888000000000e-05
0.00538775000000000
0.00690459000000000
0.00333229000000000
-0.00249170000000000
-0.00906274000000000
-0.00968919000000000
-0.00273285000000000
0.00776433000000000
0.0187970000000000
0.0298178000000000
0.0364079000000000
0.0337545000000000
0.0221670000000000
0.00521938000000000
-0.0155375000000000
-0.0362865000000000
-0.0500172000000000
-0.0543723000000000
-0.0470735000000000
-0.0340219000000000
-0.0210680000000000
-0.0154564000000000
-0.0214629000000000
-0.0308013000000000
-0.0357104000000000
-0.0356837000000000
-0.0331501000000000
-0.0324531000000000
-0.0331576000000000
-0.0295107000000000
-0.0166085000000000
0.00454290000000000
0.0276829000000000
0.0442515000000000
0.0542833000000000
0.0527220000000000
0.0408224000000000
0.0265165000000000
0.0152001000000000
0.00946460000000000
0.0148224000000000
0.0243794000000000
0.0297742000000000
0.0307727000000000
0.0252408000000000
0.0173991000000000
0.00754494000000000
-0.00205928000000000
-0.0108913000000000
-0.0153959000000000
-0.0161903000000000
-0.0119921000000000
-0.00429676000000000
0.00383494000000000
0.00523798000000000
-0.00471267000000000
-0.0241170000000000
-0.0490217000000000
-0.0675772000000000
-0.0807593000000000
-0.0877483000000000
-0.0877335000000000
-0.0757040000000000
-0.0511375000000000
-0.0317790000000000
-0.0217434000000000
-0.0170481000000000
-0.0155155000000000
-0.0167159000000000
-0.0150722000000000
-0.00542402000000000
0.00733929000000000
0.0190118000000000
0.0268010000000000
0.0274834000000000
0.0238845000000000
0.0164500000000000
0.0102900000000000
0.0111245000000000
0.0214073000000000
0.0378688000000000
0.0511478000000000
0.0633187000000000
0.0728175000000000
0.0825662000000000
0.0902906000000000
0.0926852000000000
0.0880748000000000
0.0771020000000000
0.0588572000000000
0.0374443000000000
0.0177702000000000
-0.000666383000000000
-0.0142148000000000
-0.0238905000000000
-0.0311916000000000
-0.0358668000000000
-0.0371558000000000
-0.0364721000000000
-0.0329444000000000
-0.0274823000000000
-0.0197209000000000
-0.00749185000000000
0.00962407000000000
0.0248003000000000
0.0345199000000000
0.0363406000000000
0.0301819000000000
0.0201108000000000
0.0100411000000000
0.00147595000000000
-0.00604198000000000
-0.0136009000000000
-0.0210739000000000
-0.0243489000000000
-0.0209098000000000
-0.0100929000000000
0.00139841000000000
0.0116124000000000
0.0187550000000000
0.0202518000000000
0.0179009000000000
0.0128172000000000
0.00593781000000000
0.00288359000000000
0.00152970000000000
-0.00164882000000000
-0.00618788000000000
-0.0103422000000000
-0.0136291000000000
-0.0127446000000000
-0.0110429000000000
-0.0107837000000000
-0.0126043000000000
-0.0195842000000000
-0.0272053000000000
-0.0346426000000000
-0.0413832000000000
-0.0476900000000000
-0.0527157000000000
-0.0572085000000000
-0.0608445000000000
-0.0646088000000000
-0.0623360000000000
-0.0526509000000000
-0.0395651000000000
-0.0267332000000000
-0.0160684000000000
-0.00670197000000000
-0.00157583000000000
-0.000607998000000000
-0.00404705000000000
-0.00747816000000000
-0.00753769000000000
-0.00664920000000000
-0.00161695000000000
0.00659253000000000
0.0168091000000000
0.0262218000000000
0.0314603000000000
0.0288992000000000
0.0183255000000000
0.00633845000000000
-0.00167278000000000
-0.00548340000000000
-0.00750244000000000
-0.00877973000000000
-0.0112325000000000
-0.0159356000000000
-0.0217797000000000
-0.0246701000000000
-0.0235080000000000
-0.0163484000000000
-0.00251428000000000
0.0171441000000000
0.0350505000000000
0.0465284000000000
0.0503719000000000
0.0449879000000000
0.0326424000000000
0.0228528000000000
0.0239330000000000
0.0354479000000000
0.0497817000000000
0.0567311000000000
0.0563661000000000
0.0501913000000000
0.0452674000000000
0.0406872000000000
0.0344701000000000
0.0276382000000000
0.0192964000000000
0.0106755000000000
0.00174267000000000
-0.00353697000000000
-0.00481433000000000
-0.00551521000000000
-0.00785298000000000
-0.0132490000000000
-0.0184374000000000
-0.0224901000000000
-0.0224016000000000
-0.0158132000000000
-0.00720323000000000
0.000581718000000000
0.00391483000000000
0.00299577000000000
-0.00148398000000000
-0.00602983000000000
-0.0104620000000000
-0.0134688000000000
-0.0183426000000000
-0.0266659000000000
-0.0341854000000000
-0.0394982000000000
-0.0420568000000000
-0.0411393000000000
-0.0382531000000000
-0.0351395000000000
-0.0307751000000000
-0.0252895000000000
-0.0163199000000000
-0.00444544000000000
0.00891252000000000
0.0247787000000000
0.0400062000000000
0.0496131000000000
0.0553936000000000
0.0539522000000000
0.0483790000000000
0.0402367000000000
0.0300926000000000
0.0181860000000000
0.00697760000000000
-0.000442757000000000
-0.000654507000000000
0.00637937000000000
0.0126834000000000
0.0171178000000000
0.0149347000000000
0.00970255000000000
0.00317334000000000
-0.00595532000000000
-0.0134735000000000
-0.0212377000000000
-0.0285272000000000
-0.0377894000000000
-0.0453473000000000
-0.0496539000000000
-0.0497295000000000
-0.0431332000000000
-0.0340527000000000
-0.0214219000000000
-0.0111738000000000
-0.00699461000000000
-0.00902706000000000
-0.0120908000000000
-0.0138694000000000
-0.0109066000000000
-0.00229804000000000
0.00532946000000000
0.0105122000000000
0.00833432000000000
0.00283638000000000
-0.00274221000000000
-0.00157364000000000
0.0108574000000000
0.0256723000000000
0.0357075000000000
0.0426065000000000
0.0453154000000000
0.0435289000000000
0.0382834000000000
0.0351522000000000
0.0351176000000000
0.0352733000000000
0.0302580000000000
0.0196524000000000
0.00672236000000000
-0.00428651000000000
-0.0100344000000000
-0.0120854000000000
-0.0104025000000000
-0.0101357000000000
-0.0131215000000000
-0.0175829000000000
-0.0218036000000000
-0.0247180000000000
-0.0222669000000000
-0.0168409000000000
-0.0101205000000000
-0.00507925000000000
-0.00467363000000000
-0.00660961000000000
-0.00684922000000000
-0.00664722000000000
-0.00798294000000000
-0.00835874000000000
-0.0108699000000000
-0.0142074000000000
-0.0146414000000000
-0.0139092000000000
-0.0111752000000000
-0.00590523000000000
-0.000142079000000000
0.00480791000000000
0.00756835000000000
0.00753102000000000
0.00453858000000000
-0.000491358000000000
-0.00499639000000000
-0.00555467000000000
-0.00391414000000000
0.00177628000000000
0.00965228000000000
0.0141844000000000
0.0189837000000000
0.0212192000000000
0.0211488000000000
0.0195288000000000
0.0179352000000000
0.0157731000000000
0.0119067000000000
0.0100342000000000
0.00687115000000000
0.00436658000000000
0.00375408000000000
0.00347874000000000
0.00385920000000000
0.00237669000000000
-0.00224867000000000
-0.00915483000000000
-0.0147864000000000
-0.0170940000000000
-0.0171644000000000
-0.0157923000000000
-0.0138291000000000
-0.0111666000000000
-0.00903684000000000
-0.00987016000000000
-0.00916972000000000
-0.00678614000000000
-0.00592441000000000
-0.00325788000000000
-0.00223616000000000
-0.00554859000000000
-0.0123265000000000
-0.0194627000000000
-0.0256509000000000
-0.0289594000000000
-0.0288844000000000
-0.0252500000000000
-0.0200806000000000
-0.0176256000000000
-0.0170627000000000
-0.0168131000000000
-0.0134485000000000
-0.00777000000000000
-0.00392143000000000
-0.00263395000000000
-0.00345406000000000
-0.00466024000000000
-0.00204264000000000
0.00455874000000000
0.0144299000000000
0.0236757000000000
0.0324428000000000
0.0362319000000000
0.0319027000000000
0.0240829000000000
0.0166491000000000
0.0108853000000000
0.00746051000000000
0.00480388000000000
0.000148080000000000
-0.00520848000000000
-0.0110807000000000
-0.0144738000000000
-0.0156139000000000
-0.0123457000000000
-0.00430317000000000
0.00229160000000000
0.00721114000000000
0.00955902000000000
0.0115248000000000
0.0134562000000000
0.0131517000000000
0.0112263000000000
0.00663922000000000
0.00317869000000000
0.00143834000000000
-0.000147314000000000
0.000315113000000000
0.000461536000000000
-0.00226517000000000
-0.00724754000000000
-0.0120395000000000
-0.0157949000000000
-0.0166705000000000
-0.0151318000000000
-0.0128924000000000
-0.0106437000000000
-0.00587747000000000
0.00116949000000000
0.00699475000000000
0.0134467000000000
0.0178321000000000
0.0210553000000000
0.0226416000000000
0.0222922000000000
0.0236009000000000
0.0235503000000000
0.0233979000000000
0.0234280000000000
0.0231407000000000
0.0229196000000000
0.0209214000000000
0.0172547000000000
0.0149008000000000
0.0129357000000000
0.0143568000000000
0.0149435000000000
0.0107108000000000
0.00409422000000000
-0.00242982000000000
-0.00636764000000000
-0.00580867000000000
-0.00222716000000000
-0.000935689000000000
-0.00353676000000000
-0.00746003000000000
-0.0118831000000000
-0.0163828000000000
-0.0189032000000000
-0.0236145000000000
-0.0262804000000000
-0.0275685000000000
-0.0249932000000000
-0.0224218000000000
-0.0235301000000000
-0.0252903000000000
-0.0265189000000000
-0.0261040000000000
-0.0233819000000000
-0.0181649000000000
-0.0133431000000000
-0.00670862000000000
-0.000817217000000000
0.00336856000000000
0.00518364000000000
0.00807764000000000
0.00956482000000000
0.0120331000000000
0.0132677000000000
0.0136813000000000
0.0166440000000000
0.0198249000000000
0.0240054000000000
0.0274138000000000
0.0279728000000000
0.0252038000000000
0.0183586000000000
0.00972568000000000
0.00405187000000000
-0.00276035000000000
-0.00583737000000000
-0.00467146000000000
-0.00125253000000000
-0.00108090000000000
-0.00299967000000000
-0.00804543000000000
-0.0151869000000000
-0.0215535000000000
-0.0270012000000000
-0.0287970000000000
-0.0270586000000000
-0.0215413000000000
-0.0174625000000000
-0.0145579000000000
-0.0134621000000000
-0.0116403000000000
-0.00928045000000000
-0.00966677000000000
-0.0104008000000000
-0.00848784000000000
-0.00467222000000000
0.00302802000000000
0.0129588000000000
0.0229795000000000
0.0304087000000000
0.0336201000000000
0.0356388000000000
0.0333684000000000
0.0297983000000000
0.0234105000000000
0.0134053000000000
0.00430440000000000
-0.00359064000000000
-0.00943098000000000
-0.0115930000000000
-0.00802192000000000
0.000794279000000000
0.0105321000000000
0.0199485000000000
0.0275311000000000
0.0299942000000000
0.0265074000000000
0.0204463000000000
0.0143428000000000
0.00988155000000000
0.00717352000000000
0.00583792000000000
0.00350276000000000
0.00126411000000000
-0.00233508000000000
-0.00811985000000000
-0.0101245000000000
-0.00831453000000000
-0.00521150000000000
-0.00525793000000000
-0.00479135000000000
-0.00608196000000000
-0.00945238000000000
-0.0124975000000000
-0.0177944000000000
-0.0212851000000000
-0.0224012000000000
-0.0207248000000000
-0.0182789000000000
-0.0175822000000000
-0.0169305000000000
-0.0153281000000000
-0.0142004000000000
-0.0112771000000000
-0.00735695000000000
-0.00572018000000000
-0.00562774000000000
-0.00559215000000000
-0.00436922000000000
-0.00495241000000000
-0.00348487000000000
-0.00132714000000000
0.000567468000000000
0.00228359000000000
0.00106443000000000
0.00157736000000000
0.00101799000000000
-0.000858285000000000
-0.00162920000000000
-0.00169671000000000
0.00389082000000000
0.00967272000000000
0.0133193000000000
0.0147816000000000
0.0125880000000000
0.00639211000000000
-0.000701527000000000
-0.00389732000000000
-0.00564531000000000
-0.00477403000000000
-0.00159155000000000
0.00149310000000000
0.00117706000000000
0.00157368000000000
-0.000888273000000000
-0.00387382000000000
-0.00505853000000000
-0.00729306000000000
-0.00993747000000000
-0.0117198000000000
-0.00744118000000000
-0.00464210000000000
-0.00146752000000000
0.00216588000000000
0.00257576000000000
0.000232833000000000
-0.00524634000000000
-0.00767652000000000
-0.00970740000000000
-0.00879374000000000
-0.00507174000000000
-0.00101258000000000
0.00297123000000000
0.00506958000000000
0.00620009000000000
0.00402644000000000
0.00172189000000000
-0.00276163000000000
-0.00662372000000000
-0.0111231000000000
-0.0150923000000000
-0.0164514000000000
-0.0192280000000000
-0.0180049000000000
-0.0154966000000000
-0.0127900000000000
-0.00789915000000000
-0.00339038000000000
0.00106417000000000
0.00533892000000000
0.0108420000000000
0.0159656000000000
0.0180746000000000
0.0187225000000000
0.0180615000000000
0.0160717000000000
0.0169260000000000
0.0183025000000000
0.0213027000000000
0.0213808000000000
0.0193328000000000
0.0171275000000000
0.0129945000000000
0.0118668000000000
0.00961918000000000
0.00883790000000000
0.00859475000000000
0.00781216000000000
0.00438120000000000
0.000655404000000000
-0.00128278000000000
-0.00242236000000000
-0.00167384000000000
-0.00163665000000000
-0.000841848000000000
-0.000782180000000000
-0.00234484000000000
-0.00367347000000000
-0.00476146000000000
-0.00648278000000000
-0.00697312000000000
-0.00775832000000000
-0.00831874000000000
-0.00779760000000000
-0.00572287000000000
-0.00130521000000000
0.00134732000000000
0.00620395000000000
0.00922538000000000
0.00860152000000000
0.00633021000000000
0.00214965000000000
0.000514316000000000
0.00121531000000000
0.00476431000000000
0.00906697000000000
0.0112779000000000
0.0107255000000000
0.00950006000000000
0.00956245000000000
0.0119625000000000
0.0107807000000000
0.00908987000000000
0.00648409000000000
0.00224142000000000
0.000968420000000000
-0.00181056000000000
-0.00180103000000000
-0.00384619000000000
-0.00627743000000000
-0.00639217000000000
-0.00433719000000000
-0.00219495000000000
0.00197555000000000
0.00279561000000000
0.00308547000000000
0.00125850000000000
-0.000774729000000000
-0.00162724000000000
-0.00337619000000000
-0.00260371000000000
-0.00210096000000000
-0.00203981000000000
-0.00254853000000000
-0.00479594000000000
-0.00953832000000000
-0.00698879000000000
-0.00625332000000000
-0.00504581000000000
-0.00485375000000000
-0.00381283000000000
-0.00477769000000000
-0.00774699000000000
-0.0109834000000000
-0.0160655000000000
-0.0201917000000000
-0.0240178000000000
-0.0244485000000000
-0.0230056000000000
-0.0202564000000000
-0.0186601000000000
-0.0205452000000000
-0.0242509000000000
-0.0257155000000000
-0.0281771000000000
-0.0255720000000000
-0.0193004000000000
-0.0135696000000000
-0.00716051000000000
-0.00215428000000000
0.00442140000000000
0.00815833000000000
0.0112328000000000
0.0155767000000000
0.0187742000000000
0.0213330000000000
0.0240598000000000
0.0256046000000000
0.0257306000000000
0.0250963000000000
0.0243193000000000
0.0225123000000000
0.0224347000000000
0.0206608000000000
0.0175528000000000
0.0142080000000000
0.0108567000000000
0.00838465000000000
0.00600251000000000
0.00362961000000000
0.00248769000000000
0.000945141000000000
-0.00198836000000000
-0.00233431000000000
-0.00420079000000000
-0.00474507000000000
-0.00735991000000000
-0.00838943000000000
-0.00838632000000000
-0.00676484000000000
-0.00420988000000000
-0.00191540000000000
-0.00139398000000000
-0.00168438000000000
-0.00170241000000000
-0.00195976000000000
-0.00142907000000000
-0.000559904000000000
0.00187871000000000
0.00352534000000000
0.00382200000000000
0.00266821000000000
0.00187142000000000
-0.000780404000000000
-0.00271692000000000
-0.00551287000000000
-0.00654500000000000
-0.00555153000000000
-0.00346460000000000
-0.000363552000000000
0.00251537000000000
0.00394650000000000
0.00231674000000000
0.000258589000000000
-0.00209838000000000
-0.00395819000000000
-0.00425121000000000
-0.00449927000000000
-0.00466403000000000
-0.00459608000000000
-0.00292298000000000
-0.00116659000000000
-0.00146621000000000
-0.000987054000000000
-0.00112933000000000
-0.000316982000000000
0.00211770000000000
0.00298559000000000
0.00454762000000000
0.00237446000000000
0.00249794000000000
0.00541788000000000
0.00533775000000000
0.00931015000000000
0.0117039000000000
0.0135607000000000
0.0160629000000000
0.0157989000000000
0.0146161000000000
0.0115386000000000
0.00884710000000000
0.00513094000000000
0.00301992000000000
0.00115350000000000
-0.000789597000000000
-0.00242595000000000
-0.00400412000000000
-0.00343241000000000
-0.00220488000000000
-1.48023000000000e-05
-0.000403003000000000
-0.000906234000000000
-0.00460653000000000
-0.00904991000000000
-0.0118815000000000
-0.0151283000000000
-0.0149718000000000
-0.0144212000000000
-0.0145794000000000
-0.0142033000000000
-0.0140865000000000
-0.0124729000000000
-0.0116579000000000
-0.00853170000000000
-0.00510802000000000
-0.00289151000000000
-0.00331014000000000
-0.00468735000000000
-0.00489046000000000
-0.00641312000000000
-0.00523190000000000
-0.00358130000000000
-0.00214753000000000
0.000638835000000000
0.00280245000000000
0.00313878000000000
0.00425653000000000
0.00399126000000000
0.00387144000000000
0.00279962000000000
0.00536517000000000
0.00668389000000000
0.00461249000000000
0.000867187000000000
-0.00218396000000000
-0.00421835000000000
-0.00581509000000000
-0.00473174000000000
-0.00488068000000000
-0.00466470000000000
-0.00217718000000000
-0.00170999000000000
-0.00442664000000000
-0.00389731000000000
-0.00576645000000000
-0.00542752000000000
-0.00215729000000000
0.00309095000000000
0.0103806000000000
0.0153063000000000
0.0198683000000000
0.0198660000000000
0.0173715000000000
0.0137689000000000
0.0109015000000000
0.0103043000000000
0.00917023000000000
0.00886124000000000
0.00684000000000000
0.00494437000000000
0.00208617000000000
-0.00317049000000000
-0.00688680000000000
-0.00875072000000000
-0.00926336000000000
-0.00756265000000000
-0.00522729000000000
-0.00430669000000000
-0.00419756000000000
-0.00419392000000000
-0.00459156000000000
-0.00430995000000000
-0.00185591000000000
-0.000794795000000000
-0.00168783000000000
-0.00225367000000000
-0.00150126000000000
9.13414000000000e-05
0.00193102000000000
0.00451626000000000
0.00839516000000000
0.00943930000000000
0.0114462000000000
0.0129605000000000
0.0144774000000000
0.0164274000000000
0.0168611000000000
0.0154206000000000
0.0114951000000000
0.00803996000000000
0.00544829000000000
0.00343747000000000
-0.000166785000000000
-0.00105391000000000
-0.00223574000000000
-0.00363611000000000
-0.00353410000000000
-0.00441098000000000
-0.00414981000000000
-0.00444706000000000
-0.00555345000000000
-0.00719215000000000
-0.00985712000000000
-0.0103756000000000
-0.00809585000000000
-0.00469452000000000
-0.00102505000000000
0.00125080000000000
0.00116333000000000
7.97724000000000e-05
-0.00152793000000000
-0.00216093000000000
-0.00232223000000000
-0.000747824000000000
0.000687221000000000
-9.16246000000000e-05
-0.000938768000000000
-0.00316139000000000
-0.00507483000000000
-0.00690259000000000
-0.00847415000000000
-0.00900669000000000
-0.00942115000000000
-0.00767292000000000
-0.00665646000000000
-0.00555165000000000
-0.00522039000000000
-0.00532507000000000
-0.00558476000000000
-0.00633615000000000
-0.00515423000000000
-0.00379847000000000
-0.00264365000000000
-0.00138250000000000
0.000437824000000000
0.00119445000000000
0.00148284000000000
0.000839165000000000
-0.000477447000000000
-0.00114739000000000
-0.00123401000000000
-0.000861931000000000
-0.000619151000000000
0.000285898000000000
0.00207528000000000
0.00306070000000000
0.00416511000000000
0.00378677000000000
0.00276671000000000
0.00159441000000000
0.00126598000000000
0.00137774000000000
0.00107298000000000
0.00106825000000000
0.000102637000000000
0.000301979000000000
0.000945039000000000
0.00212745000000000
0.00245428000000000
0.00292664000000000
0.00331334000000000
0.00322794000000000
0.00333784000000000
0.00289218000000000
0.00206878000000000
0.000920204000000000
0.000122819000000000
-0.000410358000000000
-0.000485987000000000
-4.15342000000000e-05
0.000822794000000000
0.00206111000000000
0.00278863000000000
0.00307777000000000
0.00268313000000000
0.00201077000000000
0.00160554000000000
0.00134815000000000
0.000840104000000000
0.000162315000000000
-4.94051000000000e-05
-0.000280530000000000
-0.000301418000000000
-0.000206998000000000
-0.000229139000000000
-0.000521166000000000
-0.000884403000000000
-0.00116502000000000
-0.00130629000000000
-0.00113842000000000
-0.000585345000000000
-0.000140056000000000
2.65013000000000e-05
0.000223541000000000
0.000259522000000000
0.000214478000000000
0.000224681000000000
0.000196877000000000
0.000165319000000000
6.98280000000000e-05
5.38388000000000e-05
1.42902000000000e-05
-0.000125030000000000
-0.000318735000000000
-0.000359331000000000
-0.000372296000000000
-0.000321813000000000
-0.000289561000000000
-0.000253464000000000
-0.000217129000000000
-0.000203249000000000
-0.000224116000000000
-0.000297732000000000
-0.000285711000000000
-0.000276305000000000
-0.000212629000000000
-0.000141924000000000
-6.58766000000000e-05
-4.13581000000000e-05
-3.86601000000000e-05
-8.88754000000000e-06
1.12661000000000e-05
6.35443000000000e-05
8.80861000000000e-05
8.52358000000000e-05
7.53984000000000e-05
5.57094000000000e-05
4.33971000000000e-05
4.84976000000000e-05
6.28204000000000e-05
7.88061000000000e-05
8.48457000000000e-05
8.04572000000000e-05
7.43262000000000e-05
5.21345000000000e-05
2.67127000000000e-05
2.11944000000000e-06
-2.24976000000000e-05
-4.66634000000000e-05
-6.25922000000000e-05
-7.20315000000000e-05
-7.94699000000000e-05
-8.48094000000000e-05
-8.60000000000000e-05
-8.60137000000000e-05
-8.76542000000000e-05
-8.80979000000000e-05
-8.98979000000000e-05
-9.11226000000000e-05
-9.16718000000000e-05
-9.06378000000000e-05
-8.91045000000000e-05
-8.71121000000000e-05
-8.47314000000000e-05
-8.21847000000000e-05
-7.92807000000000e-05
-7.61409000000000e-05
-7.28381000000000e-05
-6.95010000000000e-05
-6.61704000000000e-05
-6.29133000000000e-05
-5.97374000000000e-05
-5.66279000000000e-05
-5.35589000000000e-05
-5.05255000000000e-05
-4.75326000000000e-05
-4.45921000000000e-05
-4.17139000000000e-05