-3.40295000000000e-05
-3.32745000000000e-05
-3.20968000000000e-05
-3.05096000000000e-05
-2.85467000000000e-05
-2.61664000000000e-05
-2.33844000000000e-05
-2.02894000000000e-05
-1.67953000000000e-05
-1.30038000000000e-05
-8.84458000000000e-06
-4.36189000000000e-06
-1.07357000000000e-05
-7.32630000000000e-06
-3.86497000000000e-06
-1.29805000000000e-07
3.56204000000000e-06
7.55774000000000e-06
1.14736000000000e-05
-8.52765000000000e-06
-6.61830000000000e-06
-4.40771000000000e-06
-2.45057000000000e-06
-5.57619000000000e-07
1.68487000000000e-06
-3.36833000000000e-05
-3.40464000000000e-05
-3.40123000000000e-05
-3.44160000000000e-05
-3.48697000000000e-05
-3.48525000000000e-05
-3.53290000000000e-05
-3.58240000000000e-05
-3.57959000000000e-05
-3.63123000000000e-05
-3.68407000000000e-05
-3.73955000000000e-05
-3.73514000000000e-05
-3.79001000000000e-05
-3.84542000000000e-05
-3.83730000000000e-05
-3.89141000000000e-05
-3.94500000000000e-05
-3.93185000000000e-05
-3.98027000000000e-05
-4.03028000000000e-05
-4.07907000000000e-05
-4.05624000000000e-05
-4.09869000000000e-05
-4.13894000000000e-05
-4.10979000000000e-05
-4.14708000000000e-05
-4.18206000000000e-05
-4.15042000000000e-05
-4.18942000000000e-05
-4.22750000000000e-05
-4.26976000000000e-05
-4.23664000000000e-05
2.73431000000000e-05
2.69767000000000e-05
2.72920000000000e-05
2.69336000000000e-05
2.72550000000000e-05
2.69027000000000e-05
9.72957000000000e-05
9.69181000000000e-05
9.72372000000000e-05
9.68879000000000e-05
9.72196000000000e-05
9.68646000000000e-05
9.71697000000000e-05
0.000166867000000000
0.000167226000000000
0.000166831000000000
0.000167169000000000
0.000167510000000000
0.000167151000000000
0.000167496000000000
0.000167115000000000
0.000167451000000000
0.000167796000000000
0.000167434000000000
0.000167778000000000
0.000168126000000000
0.000167778000000000
0.000168138000000000
0.000167771000000000
0.000168135000000000
0.000168507000000000
0.000168147000000000
0.000168493000000000
0.000168850000000000
9.84246000000000e-05
9.87813000000000e-05
9.84538000000000e-05
9.88165000000000e-05
9.85174000000000e-05
9.88460000000000e-05
9.85187000000000e-05
2.87903000000000e-05
2.84703000000000e-05
2.81366000000000e-05
2.85219000000000e-05
2.81676000000000e-05
2.85380000000000e-05
-4.18673000000000e-05
-4.21877000000000e-05
-4.18140000000000e-05
-4.21413000000000e-05
-4.24559000000000e-05
-4.20737000000000e-05
-4.23939000000000e-05
-0.000112784000000000
-0.000113116000000000
-0.000113424000000000
-0.000113039000000000
-0.000113318000000000
-0.000113658000000000
-0.000184019000000000
-0.000184325000000000
-0.000184635000000000
-0.000184224000000000
-0.000184515000000000
-0.000184829000000000
-0.000185133000000000
-0.000115354000000000
-0.000115623000000000
-0.000115948000000000
-0.000115517000000000
-0.000115808000000000
-0.000116085000000000
-4.63077000000000e-05
-4.59043000000000e-05
-4.61902000000000e-05
-4.64815000000000e-05
-4.67614000000000e-05
-4.63432000000000e-05
-4.66130000000000e-05
-4.69091000000000e-05
-4.64831000000000e-05
-4.67914000000000e-05
-4.70217000000000e-05
-4.65999000000000e-05
-4.68286000000000e-05
-0.000117208000000000
-0.000117440000000000
-0.000117028000000000
-0.000117264000000000
-0.000117569000000000
-0.000117799000000000
-0.000188138000000000
-0.000188381000000000
-0.000187929000000000
-0.000188201000000000
-0.000188459000000000
-0.000118615000000000
-0.000118856000000000
-0.000119095000000000
-4.85717000000000e-05
-4.87797000000000e-05
-4.90453000000000e-05
-4.92668000000000e-05
2.12531000000000e-05
2.10208000000000e-05
2.14774000000000e-05
9.13101000000000e-05
9.17768000000000e-05
9.15775000000000e-05
0.000162107000000000
0.000161889000000000
0.000162339000000000
0.000162859000000000
9.25450000000000e-05
9.30479000000000e-05
9.28250000000000e-05
9.33185000000000e-05
9.30820000000000e-05
9.35803000000000e-05
9.33644000000000e-05
2.37973000000000e-05
2.35829000000000e-05
2.34134000000000e-05
2.39105000000000e-05
2.37181000000000e-05
2.42093000000000e-05
-4.60567000000000e-05
-4.62592000000000e-05
-4.57455000000000e-05
-0.000116006000000000
-0.000116190000000000
-0.000116378000000000
-0.000186638000000000
-0.000186123000000000
-0.000256395000000000
-0.000256571000000000
-0.000256755000000000
-0.000326993000000000
-0.000327871000000000
-0.000328047000000000
-4.72726000000000e-05
0.000162790000000000
9.25424000000000e-05
9.31110000000000e-05
2.28615000000000e-05
2.33994000000000e-05
-4.68559000000000e-05
-4.70019000000000e-05
-0.000116569000000000
-0.000116736000000000
-0.000186985000000000
-0.000187113000000000
-0.000257327000000000
-0.000257444000000000
-0.000327683000000000
-0.000327777000000000
-0.000327937000000000
-0.000328055000000000
-0.000258144000000000
-0.000258286000000000
-0.000258438000000000
-0.000188486000000000
-0.000188639000000000
-0.000118688000000000
-0.000118830000000000
-0.000118913000000000
-4.82602000000000e-05
-4.83593000000000e-05
-4.85160000000000e-05
-4.79550000000000e-05
-4.80469000000000e-05
-4.81989000000000e-05
-4.75968000000000e-05
-4.77101000000000e-05
-4.78288000000000e-05
-4.79556000000000e-05
-4.73751000000000e-05
-4.74944000000000e-05
-4.75591000000000e-05
-4.69805000000000e-05
-4.70678000000000e-05
-4.71514000000000e-05
-4.65597000000000e-05
-4.66341000000000e-05
-4.67434000000000e-05
2.39498000000000e-05
2.38796000000000e-05
2.37662000000000e-05
9.44595000000000e-05
9.43743000000000e-05
9.50147000000000e-05
0.000164983000000000
0.000165624000000000
0.000166238000000000
0.000166196000000000
0.000236883000000000
0.000237559000000000
0.000237483000000000
0.000308174000000000
0.000308788000000000
0.000309424000000000
0.000310054000000000
0.000310699000000000
0.000240570000000000
0.000241216000000000
0.000241868000000000
0.000171751000000000
0.000172395000000000
0.000173053000000000
0.000173012000000000
0.000103596000000000
0.000103545000000000
0.000104208000000000
3.41066000000000e-05
3.47607000000000e-05
3.46785000000000e-05
-3.47151000000000e-05
-3.47455000000000e-05
-3.47826000000000e-05
-3.40956000000000e-05
-3.41334000000000e-05
-3.41545000000000e-05
-3.41864000000000e-05
-0.000103572000000000
-0.000103631000000000
-0.000103630000000000
-0.000103652000000000
-0.000102964000000000
-0.000102996000000000
-0.000173131000000000
-0.000173151000000000
-0.000173153000000000
-0.000173157000000000
-0.000173180000000000
-0.000173202000000000
-0.000172479000000000
-0.000102435000000000
-0.000102448000000000
-0.000102488000000000
-0.000102494000000000
-0.000101797000000000
-0.000101819000000000
-3.17547000000000e-05
-3.17560000000000e-05
-3.10579000000000e-05
-3.10882000000000e-05
-3.10744000000000e-05
-3.03847000000000e-05
-3.03503000000000e-05
-3.03840000000000e-05
-2.96582000000000e-05
-2.96610000000000e-05
-2.96515000000000e-05
-2.96611000000000e-05
-2.89484000000000e-05
-2.89343000000000e-05
-2.89137000000000e-05
-2.81958000000000e-05
-2.81515000000000e-05
-2.81334000000000e-05
-2.73991000000000e-05
-2.73749000000000e-05
-2.73561000000000e-05
-2.66431000000000e-05
-2.66116000000000e-05
-2.66064000000000e-05
-2.58652000000000e-05
-2.58526000000000e-05
-2.58322000000000e-05
-2.58199000000000e-05
-2.50873000000000e-05
-2.50805000000000e-05
-2.50635000000000e-05
-2.43627000000000e-05
-2.43487000000000e-05
-2.43504000000000e-05
-2.36476000000000e-05
-2.36079000000000e-05
4.64475000000000e-05
4.71942000000000e-05
4.72333000000000e-05
4.79692000000000e-05
4.80027000000000e-05
4.80700000000000e-05
0.000118881000000000
0.000118929000000000
0.000119674000000000
0.000119710000000000
0.000120428000000000
0.000121184000000000
0.000121251000000000
0.000192048000000000
0.000192072000000000
0.000192844000000000
0.000192905000000000
0.000123551000000000
0.000124300000000000
0.000124348000000000
5.50143000000000e-05
5.50384000000000e-05
5.50858000000000e-05
-1.42369000000000e-05
5.58784000000000e-05
5.66092000000000e-05
5.66533000000000e-05
5.66927000000000e-05
5.74445000000000e-05
5.74969000000000e-05
0.000128300000000000
0.000128373000000000
0.000129094000000000
0.000129154000000000
0.000129908000000000
0.000129947000000000
0.000130720000000000
0.000200874000000000
0.000201611000000000
0.000202329000000000
0.000202372000000000
0.000203131000000000
0.000133808000000000
0.000133852000000000
0.000134596000000000
0.000134671000000000
0.000135416000000000
0.000135457000000000
0.000136202000000000
6.61906000000000e-05
6.69326000000000e-05
6.69647000000000e-05
6.69829000000000e-05
6.77314000000000e-05
6.77614000000000e-05
-1.57135000000000e-06
-1.54000000000000e-06
-1.49036000000000e-06
-7.63101000000000e-07
-7.10116000000000e-07
-6.62514000000000e-07
7.50210000000000e-08
-6.99433000000000e-05
-6.98961000000000e-05
-6.98443000000000e-05
-6.97902000000000e-05
-6.90762000000000e-05
-6.90452000000000e-05
-0.000139036000000000
-0.000139027000000000
-0.000138966000000000
-0.000138903000000000
-0.000138884000000000
-0.000138147000000000
-0.000138100000000000
-0.000138071000000000
-0.000138008000000000
-0.000137994000000000
-0.000137980000000000
-0.000137911000000000
-0.000137891000000000
-0.000137885000000000
-0.000137867000000000
-0.000137131000000000
-0.000137113000000000
-0.000137102000000000
-0.000137042000000000
-0.000137015000000000
-0.000137021000000000
-0.000137030000000000
-0.000136996000000000
-6.68925000000000e-05
-6.61312000000000e-05
-6.61185000000000e-05
-6.61094000000000e-05
-6.61293000000000e-05
-6.54467000000000e-05
4.64534000000000e-06
4.65474000000000e-06
4.63365000000000e-06
5.36470000000000e-06
5.38078000000000e-06
5.37799000000000e-06
6.06546000000000e-06
7.61370000000000e-05
7.61396000000000e-05
7.68234000000000e-05
7.68427000000000e-05
7.75314000000000e-05
7.75151000000000e-05
0.000148268000000000
0.000148243000000000
0.000148912000000000
0.000148912000000000
0.000149592000000000
0.000149588000000000
0.000150242000000000
0.000220287000000000
0.000220953000000000
0.000221602000000000
0.000221613000000000
0.000222249000000000
0.000152139000000000
0.000152779000000000
0.000153422000000000
0.000153387000000000
0.000154013000000000
8.38746000000000e-05
8.38084000000000e-05
8.44600000000000e-05
8.44163000000000e-05
8.50721000000000e-05
1.49583000000000e-05
8.49568000000000e-05
8.56236000000000e-05
8.55633000000000e-05
8.61929000000000e-05
8.61254000000000e-05
8.67188000000000e-05
0.000156750000000000
0.000157369000000000
0.000157322000000000
0.000157935000000000
0.000157871000000000
0.000158481000000000
0.000158398000000000
0.000229065000000000
0.000228999000000000
0.000229568000000000
0.000230187000000000
0.000230068000000000
0.000160603000000000
0.000160493000000000
0.000161045000000000
0.000161610000000000
0.000161498000000000
0.000162066000000000
0.000161958000000000
9.24577000000000e-05
9.23491000000000e-05
9.22117000000000e-05
9.27998000000000e-05
9.26517000000000e-05
9.32187000000000e-05
2.29969000000000e-05
2.28548000000000e-05
2.34044000000000e-05
2.32725000000000e-05
2.31418000000000e-05
2.37066000000000e-05
2.35586000000000e-05
2.34236000000000e-05
2.39534000000000e-05
2.38147000000000e-05
2.36649000000000e-05
2.41962000000000e-05
2.39856000000000e-05
2.38051000000000e-05
2.43106000000000e-05
2.40925000000000e-05
2.38942000000000e-05
9.44645000000000e-05
9.42756000000000e-05
9.40668000000000e-05
9.45733000000000e-05
9.43516000000000e-05
9.48465000000000e-05
0.000164688000000000
0.000165194000000000
0.000164956000000000
0.000165445000000000
0.000165212000000000
0.000165701000000000
0.000165437000000000
0.000235987000000000
0.000236440000000000
0.000236188000000000
0.000236625000000000
0.000236359000000000
0.000236769000000000
0.000237221000000000
0.000236931000000000
0.000237367000000000
0.000237790000000000
0.000237514000000000
0.000237914000000000
0.000238350000000000
0.000238061000000000
0.000238470000000000
0.000238177000000000
0.000238556000000000
0.000238970000000000
0.000238665000000000
0.000239052000000000
0.000239446000000000
0.000169058000000000
0.000169419000000000
0.000169073000000000
0.000169444000000000
0.000169104000000000
0.000169436000000000
0.000169081000000000
9.93712000000000e-05
9.89942000000000e-05
9.93326000000000e-05
9.89386000000000e-05
9.92599000000000e-05
9.89064000000000e-05
2.84369000000000e-05
2.87514000000000e-05
2.83904000000000e-05
2.79744000000000e-05
2.82669000000000e-05
2.78872000000000e-05
2.74878000000000e-05
2.77721000000000e-05
2.73679000000000e-05
2.69485000000000e-05
2.72396000000000e-05
2.68193000000000e-05
2.63858000000000e-05
2.66524000000000e-05
2.61789000000000e-05
2.57196000000000e-05
2.59440000000000e-05
2.54936000000000e-05
2.50547000000000e-05
2.52788000000000e-05
2.47888000000000e-05
2.42974000000000e-05
2.45054000000000e-05
2.39955000000000e-05
2.34711000000000e-05
2.29504000000000e-05
2.31253000000000e-05
2.25633000000000e-05
2.20292000000000e-05
2.22008000000000e-05
2.16968000000000e-05
2.11326000000000e-05
2.13062000000000e-05
2.07672000000000e-05
2.02494000000000e-05
2.04055000000000e-05
1.98241000000000e-05
1.92458000000000e-05
1.93722000000000e-05
1.88185000000000e-05
1.82399000000000e-05
1.83724000000000e-05
1.77988000000000e-05
1.72237000000000e-05
1.73350000000000e-05
1.67231000000000e-05
1.61098000000000e-05
1.61868000000000e-05
1.55471000000000e-05
1.48877000000000e-05
1.49709000000000e-05
1.43100000000000e-05
1.36659000000000e-05
1.37134000000000e-05
1.30117000000000e-05
1.23764000000000e-05
1.24157000000000e-05
1.17110000000000e-05
1.10414000000000e-05
1.10752000000000e-05
1.03714000000000e-05
9.67538000000000e-06
9.67877000000000e-06
8.97855000000000e-06
8.30106000000000e-06
8.27537000000000e-06
7.55913000000000e-06
6.85975000000000e-06
6.11847000000000e-06
6.10666000000000e-06
5.35014000000000e-06
4.61308000000000e-06
4.57220000000000e-06
3.82838000000000e-06
3.06682000000000e-06
3.03081000000000e-06
2.27554000000000e-06
1.51231000000000e-06
1.44724000000000e-06
6.32225000000000e-07
-1.37543000000000e-07
-2.52243000000000e-07
-1.06189000000000e-06
-1.86448000000000e-06
-1.99034000000000e-06
-2.80959000000000e-06
-3.63129000000000e-06
-7.38292000000000e-05
-7.46456000000000e-05
-7.54813000000000e-05
-7.63113000000000e-05
-7.64627000000000e-05
-7.73270000000000e-05
-0.000148224000000000
-0.000149124000000000
-0.000149977000000000
-0.000150858000000000
-0.000151746000000000
-0.000151925000000000
-0.000152798000000000
-8.36175000000000e-05
-8.45541000000000e-05
-8.54213000000000e-05
-8.56379000000000e-05
-8.65483000000000e-05
-8.74574000000000e-05
-1.83385000000000e-05
-1.86477000000000e-05
-1.95535000000000e-05
-2.04855000000000e-05
-2.07722000000000e-05
-2.17435000000000e-05
-2.26680000000000e-05
4.71633000000000e-05
4.61962000000000e-05
4.51728000000000e-05
4.48561000000000e-05
4.38573000000000e-05
4.35279000000000e-05
0.000112586000000000
0.000112275000000000
0.000111283000000000
0.000110957000000000
0.000109916000000000
0.000109595000000000
0.000108556000000000
0.000178261000000000
0.000177922000000000
0.000176878000000000
0.000176539000000000
0.000176128000000000
0.000175067000000000
0.000174659000000000
0.000174285000000000
0.000173180000000000
0.000172764000000000
0.000171690000000000
0.000171300000000000
0.000170913000000000
0.000169750000000000
0.000169336000000000
0.000168924000000000
0.000167804000000000
0.000167362000000000
0.000166923000000000
0.000165779000000000
0.000165362000000000
9.41126000000000e-05
9.36507000000000e-05
9.32065000000000e-05
9.20488000000000e-05
9.15664000000000e-05
9.04105000000000e-05
8.98842000000000e-05
1.86240000000000e-05
1.81302000000000e-05
1.68870000000000e-05
1.63917000000000e-05
1.51718000000000e-05
1.39754000000000e-05
-5.65989000000000e-05
-5.77891000000000e-05
-5.90133000000000e-05
-5.95145000000000e-05
-6.07636000000000e-05
-6.19894000000000e-05
-6.25458000000000e-05
-0.000133820000000000
-0.000135067000000000
-0.000136330000000000
-0.000136869000000000
-0.000138103000000000
-0.000139350000000000
-0.000210692000000000
-0.000211973000000000
-0.000212545000000000
-0.000213842000000000
-0.000215147000000000
-0.000216449000000000
-0.000217773000000000
-0.000148997000000000
-0.000150332000000000
-0.000150946000000000
-0.000152266000000000
-0.000153583000000000
-0.000154901000000000
-8.54793000000000e-05
-8.67817000000000e-05
-8.81250000000000e-05
-8.87274000000000e-05
-9.00996000000000e-05
-9.14293000000000e-05
-9.20737000000000e-05
-2.33632000000000e-05
-2.47239000000000e-05
-2.54017000000000e-05
-2.67460000000000e-05
-2.74003000000000e-05
-2.87469000000000e-05
4.06593000000000e-05
3.92747000000000e-05
3.86289000000000e-05
3.72487000000000e-05
3.65751000000000e-05
3.51651000000000e-05
3.44927000000000e-05
0.000103861000000000
0.000102471000000000
0.000101786000000000
0.000100392000000000
9.96906000000000e-05
9.90202000000000e-05
9.76018000000000e-05
9.69121000000000e-05
9.61851000000000e-05
9.47951000000000e-05
9.40946000000000e-05
9.33765000000000e-05
9.19207000000000e-05
9.11967000000000e-05
9.04373000000000e-05
8.89767000000000e-05
8.82530000000000e-05
8.74976000000000e-05
8.60937000000000e-05
8.53309000000000e-05
8.39162000000000e-05
1.30818000000000e-05
1.23495000000000e-05
1.09189000000000e-05
1.01669000000000e-05
8.72257000000000e-06
8.03484000000000e-06
6.58693000000000e-06
-6.42565000000000e-05
-6.57515000000000e-05
-6.65726000000000e-05
-6.80194000000000e-05
-6.87758000000000e-05
-7.02611000000000e-05
-0.000141787000000000
-0.000142553000000000
-0.000144037000000000
-0.000145539000000000
-0.000146327000000000
-0.000147830000000000
-0.000149322000000000
-0.000220211000000000
-0.000221686000000000
-0.000223194000000000
-0.000224681000000000
-0.000225486000000000
-0.000226986000000000
-0.000298514000000000
-0.000300019000000000
-0.000301475000000000
-0.000302979000000000
-0.000303737000000000
-0.000305246000000000
-0.000306764000000000
-0.000238191000000000
-0.000239647000000000
-0.000241136000000000
-0.000241923000000000
-0.000243398000000000
-0.000244851000000000
-0.000176237000000000
-0.000177026000000000
-0.000178518000000000
-0.000180000000000000
-0.000180771000000000
-0.000182235000000000
-0.000183739000000000
-0.000184500000000000
-0.000186002000000000
-0.000187486000000000
-0.000188293000000000
-0.000189823000000000
-0.000191344000000000
-0.000192161000000000
-0.000193657000000000
-0.000195179000000000
-0.000195970000000000
-0.000197483000000000
-0.000198990000000000
-0.000199796000000000
-0.000201226000000000
-0.000202687000000000
-0.000203440000000000
-0.000134833000000000
-0.000135552000000000
-0.000137006000000000
-0.000137771000000000
-0.000139247000000000
-0.000140706000000000
-7.13892000000000e-05
-7.28176000000000e-05
-7.35642000000000e-05
-7.49857000000000e-05
-7.57145000000000e-05
-7.64788000000000e-05
-7.79066000000000e-05
-8.55274000000000e-06
-9.99205000000000e-06
-1.07119000000000e-05
-8.15063000000000e-05
-8.29285000000000e-05
-8.36441000000000e-05
-0.000155116000000000
-0.000155836000000000
-0.000227298000000000
-0.000228745000000000
-0.000299483000000000
-0.000300886000000000
-0.000372343000000000
-0.000373730000000000
-0.000445160000000000
-0.000446550000000000
-0.000517978000000000
-0.000519373000000000
-0.000520700000000000
-0.000522066000000000
-0.000523430000000000
-0.000524828000000000
-0.000456085000000000
-0.000457448000000000
-0.000458763000000000
-0.000390047000000000
-0.000391361000000000
-0.000392692000000000
-0.000323938000000000
-0.000324544000000000
-0.000325849000000000
-0.000257085000000000
-0.000258409000000000
-0.000259010000000000
-0.000260312000000000
-0.000261621000000000
-0.000262221000000000
-0.000263515000000000
-0.000264799000000000
-0.000265371000000000
-0.000266635000000000
-0.000267889000000000
-0.000268424000000000
-0.000269671000000000
-0.000270893000000000
-0.000271390000000000
-0.000272594000000000
-0.000273796000000000
-0.000274340000000000
-0.000275478000000000
-0.000276666000000000
-0.000207016000000000
-0.000208201000000000
-0.000208631000000000
-0.000209781000000000
-0.000210204000000000
-0.000211320000000000
-0.000141639000000000
-0.000142744000000000
-0.000143150000000000
-0.000144254000000000
-0.000144642000000000
-0.000145724000000000
-0.000146096000000000
-7.71120000000000e-05
-7.74926000000000e-05
-7.78570000000000e-05
-0.000148972000000000
-0.000149261000000000
-0.000150293000000000
-0.000220698000000000
-0.000221712000000000
-0.000292077000000000
-0.000293027000000000
-0.000364042000000000
-0.000364311000000000
-0.000435333000000000
-0.000436293000000000
-0.000507337000000000
-0.000508271000000000
-0.000579238000000000
-0.000580174000000000
-0.000581050000000000
-0.000581957000000000
-0.000582841000000000
-0.000583697000000000
-0.000514496000000000
-0.000515357000000000
-0.000516172000000000
-0.000446896000000000
-0.000447659000000000
-0.000448520000000000
-0.000379240000000000
-0.000380056000000000
-0.000380138000000000
-0.000310831000000000
-0.000311599000000000
-0.000311635000000000
-0.000312361000000000
-0.000313068000000000
-0.000313061000000000
-0.000383823000000000
-0.000384513000000000
-0.000455234000000000
-0.000455925000000000
-0.000526651000000000
-0.000526591000000000
-0.000597288000000000
-0.000598641000000000
-0.000669308000000000
-0.000669888000000000
-0.000746106000000000
-0.000746649000000000
-0.000747182000000000
-0.000812895000000000
-0.000748196000000000
-0.000604362000000000
-0.000534748000000000
-0.000464468000000000
-0.000394876000000000
-0.000325247000000000
-0.000185550000000000
-0.000115173000000000
-4.47859000000000e-05
2.55905000000000e-05
0.000165426000000000
0.000236514000000000
0.000306957000000000
0.000377400000000000
0.000448582000000000
0.000589103000000000
-0.000461491000000000
-0.00151352000000000
-0.00151448000000000
-0.00102493000000000
-0.000604730000000000
-0.000184550000000000
0.000306482000000000
0.000727462000000000
-0.000462460000000000
-0.00165447000000000
-0.00284787000000000
-0.00404202000000000
-0.00292449000000000
-0.00187492000000000
-0.000756683000000000
0.000366502000000000
0.00148897000000000
0.00261292000000000
0.00170563000000000
0.000796166000000000
-0.000113224000000000
-0.000954655000000000
-0.000464087000000000
2.71991000000000e-05
0.000448456000000000
0.000940552000000000
0.00143257000000000
0.00192607000000000
-0.000244454000000000
-0.00241783000000000
-0.00459179000000000
-0.00375498000000000
-0.00298674000000000
-0.00214772000000000
-0.00193863000000000
-0.00165941000000000
-0.00144957000000000
-0.00116964000000000
-0.000959794000000000
-0.000679794000000000
-0.000469162000000000
-0.000257814000000000
2.29186000000000e-05
0.000234327000000000
0.000516509000000000
0.000727947000000000
0.00101012000000000
0.00122307000000000
0.00101555000000000
0.000737249000000000
0.000458270000000000
0.000250111000000000
-0.000870355000000000
-0.00192140000000000
-0.00304394000000000
-0.000521408000000000
0.00193240000000000
0.00438985000000000
0.00684946000000000
0.00931159000000000
0.00701019000000000
0.00470507000000000
0.00239781000000000
1.77340000000000e-05
-0.00229360000000000
-0.00159341000000000
-0.000892480000000000
-0.000120711000000000
0.000581702000000000
0.00128482000000000
0.00198872000000000
-0.000602096000000000
-0.00319423000000000
-0.00579070000000000
-0.00838856000000000
-0.0109903000000000
-0.00980891000000000
-0.00862476000000000
-0.00744063000000000
-0.00394098000000000
-0.000368273000000000
0.00313933000000000
0.00209306000000000
0.000974633000000000
-7.35604000000000e-05
-0.00441930000000000
-0.00883782000000000
-0.00779312000000000
-0.00674767000000000
-0.00577156000000000
-0.00353200000000000
-0.00129037000000000
0.000953395000000000
-9.46764000000000e-05
-0.00107404000000000
-0.00205481000000000
-0.00303630000000000
-0.000863170000000000
0.00124057000000000
0.00341793000000000
0.00552664000000000
0.00953154000000000
0.0134688000000000
0.0104705000000000
0.00754026000000000
0.00460526000000000
0.00222898000000000
-0.000220929000000000
0.00356678000000000
0.00735869000000000
0.0111544000000000
0.0150250000000000
0.0188284000000000
0.0173080000000000
0.0157869000000000
0.00977560000000000
0.00375996000000000
-0.00226396000000000
-0.00829185000000000
-0.00815737000000000
-0.00802354000000000
-0.00795914000000000
-0.00677314000000000
-0.00565599000000000
-0.00446740000000000
-0.00334741000000000
-0.00524040000000000
-0.00713648000000000
-0.00903398000000000
-0.0108636000000000
-0.00925970000000000
-0.00758432000000000
-0.00597691000000000
-0.00436692000000000
-0.00268697000000000
-0.00142444000000000
-0.000161322000000000
0.00110399000000000
0.000617611000000000
0.000130543000000000
-0.000357236000000000
-0.000774879000000000
-0.00126327000000000
-0.00175235000000000
-0.00217132000000000
-0.00266104000000000
-0.00343174000000000
-0.00413299000000000
-0.00483494000000000
-0.00560835000000000
-0.00687220000000000
-0.00820807000000000
-0.00954507000000000
-0.00660667000000000
-0.00359620000000000
-0.000651465000000000
0.00299666000000000
0.00664915000000000
0.0103049000000000
0.00961830000000000
0.00893019000000000
0.00824212000000000
0.00755403000000000
0.00686433000000000
0.00617398000000000
0.00548296000000000
0.00479199000000000
0.00409898000000000
0.00557945000000000
0.00706137000000000
0.00847468000000000
0.00995942000000000
0.0114456000000000
0.0129346000000000
0.0143535000000000
0.0158446000000000
0.0140424000000000
0.0122388000000000
0.0104325000000000
0.00610027000000000
0.00176468000000000
-0.00257726000000000
-0.00180477000000000
-0.00103157000000000
-0.000327647000000000
0.000798068000000000
0.00199457000000000
0.00312253000000000
0.000817081000000000
-0.00156199000000000
-0.00387302000000000
-0.00618692000000000
-0.00850192000000000
-0.0108906000000000
-0.0132106000000000
-0.0155341000000000
-0.0198925000000000
-0.0242565000000000
-0.0286233000000000
-0.0240913000000000
-0.0195557000000000
-0.0128410000000000
-0.00605005000000000
-0.00857575000000000
-0.0110338000000000
-0.0170703000000000
-0.0230424000000000
-0.0227110000000000
-0.0223797000000000
-0.0148949000000000
-0.00740664000000000
0.000163537000000000
0.00143084000000000
0.00269892000000000
0.00396835000000000
0.00523997000000000
0.00651228000000000
0.00463084000000000
0.00267787000000000
0.000722035000000000
0.00290108000000000
0.00501301000000000
0.00719592000000000
0.00931270000000000
0.00855593000000000
0.00779848000000000
0.00704100000000000
0.00628214000000000
0.0130927000000000
0.0198433000000000
0.0266681000000000
0.0334327000000000
0.0299685000000000
0.0264988000000000
0.0208540000000000
0.0152722000000000
0.00961482000000000
0.00402101000000000
0.00122637000000000
-0.00157182000000000
-0.00430192000000000
-0.00710593000000000
-0.00570595000000000
-0.00437491000000000
-2.79984000000000e-05
0.00432450000000000
0.00867990000000000
0.00595980000000000
0.00323768000000000
-0.00411554000000000
-0.0114041000000000
-0.0187033000000000
-0.0225025000000000
-0.0262374000000000
-0.0250673000000000
-0.0238965000000000
-0.0227243000000000
-0.0215501000000000
-0.0166607000000000
-0.0116942000000000
-0.00679399000000000
-0.00188752000000000
0.00309328000000000
0.00429462000000000
0.00556665000000000
0.00684023000000000
0.00362862000000000
0.000412736000000000
-0.00273511000000000
-0.00595724000000000
-0.00918225000000000
-0.00708231000000000
-0.00498061000000000
-0.00287668000000000
-0.00196248000000000
-0.00104684000000000
-0.000130494000000000
0.00317035000000000
0.00640398000000000
0.00192932000000000
-0.00247808000000000
-0.0105382000000000
-0.0186041000000000
-0.0165139000000000
-0.0144925000000000
-0.00145972000000000
0.0116525000000000
0.0247128000000000
0.0319651000000000
0.0282879000000000
0.0246787000000000
0.0167181000000000
0.00882055000000000
0.00666248000000000
0.00457248000000000
0.00619614000000000
0.00782117000000000
0.00944821000000000
0.0110766000000000
0.00842934000000000
0.00571117000000000
0.00298852000000000
0.000333963000000000
-0.00239353000000000
-0.00512372000000000
-0.00785767000000000
-0.00722848000000000
-0.00659899000000000
-0.00596864000000000
-0.00533753000000000
-0.00477653000000000
-0.00940275000000000
-0.0141023000000000
-0.0188098000000000
-0.0161592000000000
-0.0134348000000000
-0.0107793000000000
-0.00251002000000000
0.00583506000000000
0.0141212000000000
0.0224840000000000
0.0211816000000000
0.0199484000000000
0.0133149000000000
0.00660623000000000
0.00521671000000000
0.00375640000000000
0.00692207000000000
0.0100200000000000
0.0131928000000000
0.00851637000000000
0.00383359000000000
-0.00982431000000000
-0.0235714000000000
-0.0303192000000000
-0.0371462000000000
-0.0303791000000000
-0.0236735000000000
-0.0121963000000000
-0.000773404000000000
0.00462976000000000
0.0100397000000000
0.00774431000000000
0.00544535000000000
0.00307437000000000
-0.00168387000000000
-0.00651568000000000
-0.0112838000000000
-0.0137426000000000
-0.0161341000000000
-0.0185986000000000
-0.0210658000000000
-0.0170853000000000
-0.0130297000000000
-0.000279727000000000
0.0124881000000000
0.0253346000000000
0.0314686000000000
0.0376761000000000
0.0333746000000000
0.0290710000000000
0.0202731000000000
0.0114688000000000
0.00258175000000000
0.00378301000000000
0.00491488000000000
0.00604819000000000
0.00844495000000000
0.0107727000000000
0.0131754000000000
0.0155780000000000
0.0211408000000000
0.0267765000000000
0.0324206000000000
0.0380675000000000
0.0395867000000000
0.0411066000000000
0.0342141000000000
0.0273165000000000
0.0183761000000000
0.00935961000000000
0.000329972000000000
-0.00520101000000000
-0.0107408000000000
-0.00941381000000000
-0.00801531000000000
-0.00668614000000000
-0.00528440000000000
-0.0129944000000000
-0.0206453000000000
-0.0283005000000000
-0.0360376000000000
-0.0437090000000000
-0.0430485000000000
-0.0424559000000000
-0.0331689000000000
-0.0238750000000000
-0.0146384000000000
-0.0100916000000000
-0.00560794000000000
-0.00112180000000000
-0.00125672000000000
-0.00146249000000000
-0.00328048000000000
-0.00510066000000000
-0.00692292000000000
-0.00818575000000000
-0.00944984000000000
-0.0106460000000000
-0.0115626000000000
-0.0124092000000000
-0.00288031000000000
0.00658550000000000
0.0184488000000000
0.0302499000000000
0.0314797000000000
0.0218452000000000
0.0121280000000000
0.00240354000000000
-0.00726462000000000
-0.0112622000000000
-0.0153347000000000
-0.0128222000000000
-0.0103747000000000
-0.00316070000000000
0.00406428000000000
0.0112941000000000
0.0186038000000000
0.0199611000000000
0.0212497000000000
0.0226090000000000
0.0239712000000000
0.0244224000000000
0.0248744000000000
0.0253964000000000
0.0258490000000000
0.0263024000000000
0.0267550000000000
0.0316956000000000
0.0366425000000000
0.0415922000000000
0.0413605000000000
0.0411988000000000
0.0333235000000000
0.0255137000000000
0.0132738000000000
0.00102627000000000
-0.0113088000000000
-0.0235822000000000
-0.0278798000000000
-0.0321801000000000
-0.0275815000000000
-0.0229788000000000
-0.0183711000000000
-0.0106047000000000
-0.00275745000000000
0.00502477000000000
0.00608658000000000
0.00714914000000000
-0.00209438000000000
-0.0113443000000000
-0.0240438000000000
-0.0366803000000000
-0.0420435000000000
-0.0474104000000000
-0.0403035000000000
-0.0332617000000000
-0.0177260000000000
-0.00217937000000000
0.00862162000000000
0.0115794000000000
0.00465450000000000
-0.00220547000000000
-0.00914588000000000
-0.00774886000000000
-0.00641983000000000
0.00268946000000000
0.0117422000000000
0.0208007000000000
0.0279086000000000
0.0349513000000000
0.0321179000000000
0.0293515000000000
0.0265816000000000
0.0238096000000000
0.0281161000000000
0.0324246000000000
0.0368095000000000
0.0411272000000000
0.0455214000000000
0.0498489000000000
0.0506056000000000
0.0513631000000000
0.0434965000000000
0.0356951000000000
0.0231141000000000
0.0105248000000000
-0.00201244000000000
-0.0100030000000000
-0.0180037000000000
-0.0201227000000000
-0.0223147000000000
-0.0201622000000000
-0.0180077000000000
-0.0158502000000000
-0.0226652000000000
-0.0295559000000000
-0.0364557000000000
-0.0432903000000000
-0.0502050000000000
-0.0461195000000000
-0.0420983000000000
-0.0312749000000000
-0.0205067000000000
-0.00973148000000000
0.00113020000000000
0.00239538000000000
0.00366272000000000
-0.00341041000000000
-0.0104936000000000
-0.0219969000000000
-0.0334472000000000
-0.0389480000000000
-0.0336570000000000
-0.0282927000000000
-0.0169612000000000
-0.00562089000000000
0.00573463000000000
0.00875645000000000
0.0117836000000000
0.00703220000000000
0.00234352000000000
-0.00241870000000000
-0.00711695000000000
-0.0118188000000000
-0.00916461000000000
-0.00657927000000000
0.00126876000000000
0.00912202000000000
0.0169172000000000
0.0247873000000000
0.0241133000000000
0.0235093000000000
0.0172240000000000
0.0110054000000000
0.00470811000000000
-0.00208538000000000
-0.00888752000000000
-0.0156248000000000
-0.0178139000000000
-0.0200044000000000
-0.0158872000000000
-0.0117679000000000
0.000211259000000000
0.0121985000000000
0.0242722000000000
0.0362848000000000
0.0483138000000000
0.0604211000000000
0.0667961000000000
0.0642723000000000
0.0519297000000000
0.0395072000000000
0.0271383000000000
0.0218389000000000
0.0166025000000000
0.0166900000000000
0.0168469000000000
0.0169345000000000
0.0170221000000000
0.0171798000000000
0.0172672000000000
0.0174256000000000
0.0175124000000000
0.0176708000000000
0.0177583000000000
0.0104159000000000
0.00306396000000000
-0.00429387000000000
-0.0116618000000000
-0.0190352000000000
-0.0194768000000000
-0.0199891000000000
-0.0204321000000000
-0.0195444000000000
-0.0186546000000000
-0.0177648000000000
-0.0168028000000000
-0.0159108000000000
-0.0204857000000000
-0.0250649000000000
-0.0295809000000000
-0.0341693000000000
-0.0255124000000000
-0.0167790000000000
-0.00452788000000000
0.00766191000000000
0.0129978000000000
0.00698107000000000
0.00102611000000000
-0.00710503000000000
-0.0152487000000000
-0.0151269000000000
-0.0149349000000000
-0.0148124000000000
-0.0146198000000000
-0.0144973000000000
-0.0143047000000000
-0.00752292000000000
-0.000662233000000000
0.0203630000000000
0.0414869000000000
0.0625560000000000
0.0836577000000000
0.0972652000000000
0.101785000000000
0.0959972000000000
0.0901397000000000
0.0842679000000000
0.0783957000000000
0.0781225000000000
0.0778492000000000
0.0775761000000000
0.0773728000000000
0.0787112000000000
0.0800497000000000
0.0722093000000000
0.0642871000000000
0.0432518000000000
0.0221859000000000
0.00103571000000000
-0.0200738000000000
-0.0411984000000000
-0.0493117000000000
-0.0485278000000000
-0.0328771000000000
-0.0172159000000000
-0.00153304000000000
0.00764272000000000
0.00799521000000000
-0.00153407000000000
-0.0111477000000000
-0.0272867000000000
-0.0433783000000000
-0.0595510000000000
-0.0697163000000000
-0.0798919000000000
-0.0900732000000000
-0.0981662000000000
-0.106337000000000
-0.114514000000000
-0.116960000000000
-0.119328000000000
-0.121774000000000
-0.124219000000000
-0.126595000000000
-0.120639000000000
-0.106324000000000
-0.0919325000000000
-0.0775890000000000
-0.0632376000000000
-0.0488642000000000
-0.0405799000000000
-0.0322127000000000
-0.0304996000000000
-0.0287844000000000
-0.0270670000000000
-0.0253480000000000
-0.0236972000000000
-0.0162257000000000
-0.00874789000000000
-0.00133001000000000
6.54961000000000e-05
-0.0100376000000000
-0.0339557000000000
-0.0578375000000000
-0.0818069000000000
-0.105806000000000
-0.119596000000000
-0.125335000000000
-0.122736000000000
-0.108848000000000
-0.0949469000000000
-0.0752781000000000
-0.0555987000000000
-0.0428305000000000
-0.0300535000000000
-0.0243405000000000
-0.0186245000000000
-0.0188598000000000
-0.0190254000000000
-0.0192622000000000
-0.00702148000000000
0.00523593000000000
0.0295572000000000
0.0539837000000000
0.0845282000000000
0.115107000000000
0.140319000000000
0.153499000000000
0.150920000000000
0.131722000000000
0.0996790000000000
0.0675906000000000
0.0397563000000000
0.0199467000000000
0.00832401000000000
0.00474825000000000
0.0123153000000000
0.0199633000000000
0.0311917000000000
0.0424351000000000
0.0487799000000000
0.0551333000000000
0.0558137000000000
0.0564239000000000
0.0510783000000000
0.0457229000000000
0.0403652000000000
0.0435540000000000
0.0467448000000000
0.0573730000000000
0.0680774000000000
0.0787265000000000
0.0851100000000000
0.0842063000000000
0.0740535000000000
0.0639522000000000
0.0538461000000000
0.0437254000000000
0.0392045000000000
0.0346769000000000
0.0335116000000000
0.0323448000000000
0.0311761000000000
0.0194176000000000
0.00772231000000000
-0.00406098000000000
-0.0153610000000000
-0.0184731000000000
-0.0131768000000000
0.00369670000000000
0.0206524000000000
0.0444332000000000
0.0683003000000000
0.0844153000000000
0.100616000000000
0.103797000000000
0.0954798000000000
0.0750267000000000
0.0437606000000000
0.0124511000000000
-0.0136925000000000
-0.0273923000000000
-0.0293258000000000
-0.0220066000000000
-0.0146816000000000
-0.00300046000000000
0.00876000000000000
0.0205373000000000
0.0222291000000000
0.0147374000000000
-0.00383441000000000
-0.0223623000000000
-0.0409734000000000
-0.0543523000000000
-0.0555429000000000
-0.0567357000000000
-0.0497990000000000
-0.0428512000000000
-0.0358997000000000
-0.0289383000000000
-0.0268776000000000
-0.0248857000000000
-0.0228916000000000
-0.0226478000000000
-0.0224734000000000
-0.0222999000000000
-0.0172894000000000
-0.0122719000000000
0.00396399000000000
0.0323537000000000
0.0606933000000000
0.0890724000000000
0.108356000000000
0.109303000000000
0.0907559000000000
0.0554297000000000
0.0200071000000000
-0.0153959000000000
-0.0443745000000000
-0.0630864000000000
-0.0818118000000000
-0.0941803000000000
-0.106562000000000
-0.118957000000000
-0.134372000000000
-0.149886000000000
-0.160081000000000
-0.170290000000000
-0.170690000000000
-0.171160000000000
-0.159718000000000
-0.133743000000000
-0.107748000000000
-0.0817940000000000
-0.0520303000000000
-0.0222260000000000
0.0217569000000000
0.0657332000000000
0.102097000000000
0.119649000000000
0.117519000000000
0.100528000000000
0.0741190000000000
0.0476117000000000
0.0211528000000000
0.00622672000000000
0.00208428000000000
-0.00206382000000000
-0.00628473000000000
-0.0133163000000000
-0.0203528000000000
-0.0233322000000000
-0.0262437000000000
-0.0292297000000000
-0.0321476000000000
-0.0351388000000000
-0.0294418000000000
-0.0237361000000000
-0.00926431000000000
0.0162354000000000
0.0417538000000000
0.0713073000000000
0.100877000000000
0.121022000000000
0.129690000000000
0.126936000000000
0.111844000000000
0.0968000000000000
0.0699028000000000
0.0428966000000000
0.0118763000000000
-0.0191888000000000
-0.0423537000000000
-0.0566470000000000
-0.0602248000000000
-0.0638784000000000
-0.0675339000000000
-0.0711225000000000
-0.0829152000000000
-0.0947290000000000
-0.106550000000000
-0.118385000000000
-0.130227000000000
-0.129884000000000
-0.129478000000000
-0.119809000000000
-0.110063000000000
-0.100302000000000
-0.0946753000000000
-0.0891048000000000
-0.0726040000000000
-0.0447828000000000
-0.00853344000000000
0.0276963000000000
0.0640216000000000
0.0924730000000000
0.109871000000000
0.113761000000000
0.103636000000000
0.0935599000000000
0.0771779000000000
0.0607656000000000
0.0442739000000000
0.0328774000000000
0.0286226000000000
0.0353001000000000
0.0419832000000000
0.0614364000000000
0.0809046000000000
0.100468000000000
0.119976000000000
0.126261000000000
0.119857000000000
0.100406000000000
0.0706413000000000
0.0408293000000000
0.0147131000000000
0.000480526000000000
-0.0136921000000000
-0.0195411000000000
-0.0253224000000000
-0.0311132000000000
-0.0369766000000000
-0.0427792000000000
-0.0485852000000000
-0.0544700000000000
-0.0522979000000000
-0.0501224000000000
-0.0479453000000000
-0.0458357000000000
-0.0436530000000000
-0.0414691000000000
-0.0392822000000000
-0.0377941000000000
-0.0363044000000000
-0.0348833000000000
-0.0333900000000000
-0.0419224000000000
-0.0504603000000000
-0.0590103000000000
-0.0676358000000000
-0.0762056000000000
-0.0847752000000000
-0.0933658000000000
-0.102026000000000
-0.110631000000000
-0.112089000000000
-0.113617000000000
-0.108285000000000
-0.102939000000000
-0.0870059000000000
-0.0711205000000000
-0.0528438000000000
-0.0344692000000000
-0.0230206000000000
-0.0114856000000000
-1.33341000000000e-05
0.00572574000000000
0.0114686000000000
0.0172902000000000
0.0157558000000000
0.0142186000000000
-0.00126750000000000
-0.0167757000000000
-0.0367096000000000
-0.0566027000000000
-0.0765080000000000
-0.0877472000000000
-0.0989233000000000
-0.110191000000000
-0.121458000000000
-0.132676000000000
-0.143964000000000
-0.155274000000000
-0.162597000000000
-0.170003000000000
-0.170326000000000
-0.170725000000000
-0.158436000000000
-0.146201000000000
-0.133884000000000
-0.121201000000000
-0.108505000000000
-0.0957938000000000
-0.0870704000000000
-0.0782625000000000
-0.0695230000000000
-0.0607676000000000
-0.0546703000000000
-0.0485636000000000
-0.0486913000000000
-0.0488185000000000
-0.0488763000000000
-0.0525100000000000
-0.0560760000000000
-0.0596466000000000
-0.0632899000000000
-0.0668678000000000
-0.0580417000000000
-0.0492035000000000
-0.0361529000000000
-0.0230847000000000
-0.0100768000000000
0.00302020000000000
0.0161256000000000
0.0292501000000000
0.0382473000000000
0.0473272000000000
0.0563433000000000
0.0718950000000000
0.0874570000000000
0.108296000000000
0.129085000000000
0.149898000000000
0.170799000000000
0.174898000000000
0.161200000000000
0.136543000000000
0.111864000000000
0.0952153000000000
0.0872480000000000
0.0899317000000000
0.104457000000000
0.119003000000000
0.138048000000000
0.157121000000000
0.170806000000000
0.176944000000000
0.172215000000000
0.167409000000000
0.154124000000000
0.140810000000000
0.127497000000000
0.123138000000000
0.127882000000000
0.141895000000000
0.155986000000000
0.170029000000000
0.184078000000000
0.186713000000000
0.180876000000000
0.165076000000000
0.149255000000000
0.128234000000000
0.107262000000000
0.0928489000000000
0.0784987000000000
0.0738805000000000
0.0693212000000000
0.0646880000000000
0.0614551000000000
0.0582865000000000
0.0444614000000000
0.0306876000000000
0.0133996000000000
-0.00391294000000000
-0.0132462000000000
-0.0225931000000000
-0.0210118000000000
-0.0193576000000000
-0.0177726000000000
-0.0161850000000000
-0.0194326000000000
-0.0227547000000000
-0.0260092000000000
-0.0364896000000000
-0.0469781000000000
-0.0681385000000000
-0.0893822000000000
-0.110656000000000
-0.131880000000000
-0.145558000000000
-0.150127000000000
-0.144683000000000
-0.131098000000000
-0.109362000000000
-0.0785044000000000
-0.0371486000000000
0.0140477000000000
0.0653162000000000
0.109892000000000
0.143729000000000
0.165605000000000
0.187516000000000
0.198432000000000
0.209294000000000
0.206281000000000
0.203198000000000
0.195140000000000
0.187061000000000
0.178912000000000
0.170826000000000
0.168612000000000
0.166475000000000
0.164331000000000
0.164008000000000
0.163749000000000
0.163427000000000
0.161213000000000
0.158991000000000
0.159923000000000
0.160926000000000
0.161865000000000
0.162796000000000
0.163805000000000
0.164744000000000
0.159230000000000
0.153646000000000
0.148125000000000
0.133550000000000
0.118962000000000
0.0897706000000000
0.0604911000000000
0.0312380000000000
0.0117800000000000
0.00638742000000000
0.00106199000000000
-0.00434183000000000
-0.00841623000000000
-0.0125668000000000
-0.0228189000000000
-0.0331552000000000
-0.0524000000000000
-0.0717396000000000
-0.102170000000000
-0.132714000000000
-0.167272000000000
-0.201810000000000
-0.236445000000000
-0.263899000000000
-0.280162000000000
-0.296509000000000
-0.300118000000000
-0.303805000000000
-0.301177000000000
-0.289924000000000
-0.278664000000000
-0.267383000000000
-0.256102000000000
-0.244800000000000
-0.247715000000000
-0.250638000000000
-0.257982000000000
-0.265331000000000
-0.272681000000000
-0.280052000000000
-0.287417000000000
-0.282946000000000
-0.262704000000000
-0.220838000000000
-0.168209000000000
-0.127645000000000
-0.109616000000000
-0.0980894000000000
-0.0865492000000000
-0.0749942000000000
-0.0887351000000000
-0.102567000000000
-0.107640000000000
-0.112657000000000
-0.111088000000000
-0.0902980000000000
-0.0807830000000000
-0.0808667000000000
-0.0619459000000000
-0.0293283000000000
0.00863904000000000
0.0466600000000000
0.0723674000000000
0.0981186000000000
0.117927000000000
0.137757000000000
0.153403000000000
0.169135000000000
0.184887000000000
0.200582000000000
0.206125000000000
0.211605000000000
0.207772000000000
0.190325000000000
0.172800000000000
0.155318000000000
0.144269000000000
0.133211000000000
0.110789000000000
0.0977282000000000
0.0846601000000000
0.0830694000000000
0.0920662000000000
0.112015000000000
0.106109000000000
0.0918493000000000
0.0848073000000000
0.0961866000000000
0.0924380000000000
0.0886892000000000
0.0957943000000000
0.107966000000000
0.120137000000000
0.109472000000000
0.0800155000000000
0.0703597000000000
0.0606976000000000
0.0510208000000000
0.0278107000000000
0.0130509000000000
-0.00171847000000000
-0.0165088000000000
-0.0313085000000000
-0.0461299000000000
-0.0763092000000000
-0.0960901000000000
-0.133262000000000
-0.177007000000000
-0.220709000000000
-0.256206000000000
-0.272238000000000
-0.270621000000000
-0.269002000000000
-0.281054000000000
-0.275029000000000
-0.232540000000000
-0.173191000000000
-0.124211000000000
-0.108348000000000
-0.0924629000000000
-0.0795074000000000
-0.0666086000000000
-0.0536299000000000
-0.0407025000000000
-0.0434669000000000
-0.0462350000000000
-0.0453602000000000
-0.0519164000000000
-0.0584775000000000
-0.0337744000000000
-0.00905485000000000
-0.00512453000000000
0.00630788000000000
0.0364785000000000
0.0666691000000000
0.0874403000000000
0.117402000000000
0.147406000000000
0.153390000000000
0.149782000000000
0.146236000000000
0.148016000000000
0.149796000000000
0.143020000000000
0.136245000000000
0.133946000000000
0.131641000000000
0.118048000000000
0.114117000000000
0.128628000000000
0.143139000000000
0.153048000000000
0.148108000000000
0.143084000000000
0.161610000000000
0.172730000000000
0.172429000000000
0.183206000000000
0.193996000000000
0.212579000000000
0.219264000000000
0.215088000000000
0.210835000000000
0.203073000000000
0.195239000000000
0.177223000000000
0.159195000000000
0.154598000000000
0.149938000000000
0.151998000000000
0.154058000000000
0.162362000000000
0.170672000000000
0.183480000000000
0.205552000000000
0.227583000000000
0.233161000000000
0.238668000000000
0.244254000000000
0.227767000000000
0.135067000000000
-0.0284399000000000
-0.161223000000000
-0.202124000000000
-0.202187000000000
-0.202244000000000
-0.206728000000000
-0.197957000000000
-0.189184000000000
-0.180467000000000
-0.171673000000000
-0.172900000000000
-0.182107000000000
-0.175836000000000
-0.162271000000000
-0.158509000000000
-0.154739000000000
-0.150962000000000
-0.137929000000000
-0.117168000000000
-0.115458000000000
-0.113811000000000
-0.115948000000000
-0.0962169000000000
-0.0948992000000000
-0.108521000000000
-0.109326000000000
-0.140766000000000
-0.191511000000000
-0.202848000000000
-0.199752000000000
-0.196655000000000
-0.193482000000000
-0.194931000000000
-0.186713000000000
-0.155196000000000
-0.123735000000000
-0.102601000000000
-0.0929533000000000
-0.0909282000000000
-0.0812661000000000
-0.0583375000000000
-0.0353931000000000
-0.0123447000000000
0.0106474000000000
0.0500817000000000
0.0894724000000000
0.122470000000000
0.141957000000000
0.146048000000000
0.133527000000000
0.121062000000000
0.108519000000000
0.102970000000000
0.104490000000000
0.0854735000000000
0.0867697000000000
0.100195000000000
0.104245000000000
0.108295000000000
0.128328000000000
0.155473000000000
0.169879000000000
0.176593000000000
0.175108000000000
0.173692000000000
0.172207000000000
0.170714000000000
0.169299000000000
0.167806000000000
0.170378000000000
0.173020000000000
0.169083000000000
0.175438000000000
0.173883000000000
0.137966000000000
0.0513484000000000
-0.0521513000000000
-0.123687000000000
-0.152908000000000
-0.163643000000000
-0.174454000000000
-0.185210000000000
-0.196050000000000
-0.198979000000000
-0.201908000000000
-0.200703000000000
-0.189752000000000
-0.165684000000000
-0.141516000000000
-0.117329000000000
-0.0955579000000000
-0.0737036000000000
-0.0490865000000000
-0.0243810000000000
0.000359690000000000
0.0251175000000000
0.0619000000000000
0.0987095000000000
0.135567000000000
0.162431000000000
0.174042000000000
0.171716000000000
0.169314000000000
0.158923000000000
0.128954000000000
0.0829119000000000
0.0504736000000000
0.0404452000000000
0.0374846000000000
0.0345936000000000
0.0286819000000000
0.0228367000000000
0.0268704000000000
0.0309757000000000
0.0409073000000000
0.0509168000000000
0.0609388000000000
0.0788190000000000
0.0967922000000000
0.114709000000000
0.132724000000000
0.142618000000000
0.142079000000000
0.130672000000000
0.119250000000000
0.107752000000000
0.102687000000000
0.0976209000000000
0.0964713000000000
0.104502000000000
0.112476000000000
0.111559000000000
0.0627402000000000
-0.0300567000000000
-0.108543000000000
-0.148672000000000
-0.172797000000000
-0.206542000000000
-0.240331000000000
-0.274216000000000
-0.294411000000000
-0.314683000000000
-0.319772000000000
-0.303691000000000
-0.274408000000000
-0.245175000000000
-0.214702000000000
-0.184215000000000
-0.169738000000000
-0.155325000000000
-0.140891000000000
-0.134578000000000
-0.128250000000000
-0.121923000000000
-0.129889000000000
-0.146972000000000
-0.153636000000000
-0.152942000000000
-0.152179000000000
-0.172513000000000
-0.192868000000000
-0.200906000000000
-0.208887000000000
-0.205798000000000
-0.146821000000000
-0.0156724000000000
0.0856496000000000
0.102579000000000
0.0809635000000000
0.0681662000000000
0.0622219000000000
0.0562038000000000
0.0473732000000000
0.0385347000000000
0.0296846000000000
0.0208285000000000
0.00677043000000000
-0.00736748000000000
-0.00567825000000000
-0.00398749000000000
-0.00236478000000000
-0.00284412000000000
-0.00332420000000000
-0.00387438000000000
-0.00435521000000000
-0.00483666000000000
-0.0120497000000000
-0.0191988000000000
-0.0306341000000000
-0.0420777000000000
-0.0535371000000000
-0.0611501000000000
-0.0687735000000000
-0.0764032000000000
-0.0840409000000000
-0.0985522000000000
-0.113085000000000
-0.114871000000000
-0.116595000000000
-0.126587000000000
-0.145702000000000
-0.164838000000000
-0.174536000000000
-0.184164000000000
-0.181536000000000
-0.178909000000000
-0.169759000000000
-0.160601000000000
-0.147217000000000
-0.126470000000000
-0.100151000000000
-0.0738196000000000
-0.0659565000000000
-0.0737212000000000
-0.0730835000000000
-0.0498021000000000
-0.0264894000000000
-0.0164782000000000
-0.00645320000000000
0.00981656000000000
0.0409047000000000
0.0720159000000000
0.107374000000000
0.142759000000000
0.165014000000000
0.149774000000000
0.104720000000000
0.0783522000000000
0.0815332000000000
0.0949513000000000
0.108454000000000
0.115517000000000
0.122594000000000
0.123155000000000
0.123723000000000
0.119449000000000
0.115238000000000
0.110957000000000
0.106739000000000
0.102444000000000
0.0969571000000000
0.0913936000000000
0.0858860000000000
0.0914564000000000
0.0970339000000000
0.112008000000000
0.127066000000000
0.142075000000000
0.149523000000000
0.156979000000000
0.150428000000000
0.143933000000000
0.129302000000000
0.114588000000000
0.0998525000000000
0.0924602000000000
0.0920744000000000
0.0916191000000000
0.0741298000000000
0.0565508000000000
0.0538830000000000
0.0675457000000000
0.0812277000000000
0.0948495000000000
0.0893491000000000
0.0729810000000000
0.0655591000000000
0.0758677000000000
0.0862661000000000
0.0875555000000000
0.0888453000000000
0.0901348000000000
0.0883406000000000
0.0866242000000000
0.0796382000000000
0.0727156000000000
0.0726594000000000
0.0725333000000000
0.0782931000000000
0.0840600000000000
0.0897636000000000
0.0885306000000000
0.0872275000000000
0.0770889000000000
0.0668692000000000
0.0497713000000000
0.0326497000000000
0.0155159000000000
-0.00164214000000000
-0.0188119000000000
-0.0360060000000000
-0.0477446000000000
-0.0594998000000000
-0.0622907000000000
-0.0650863000000000
-0.0563186000000000
-0.0476084000000000
-0.0325827000000000
-0.0175374000000000
-0.00248021000000000
0.0125969000000000
0.0276158000000000
0.0283506000000000
0.0290859000000000
0.0298214000000000
0.0275444000000000
0.0252628000000000
0.0102241000000000
-0.00483678000000000
-0.00701097000000000
-0.00918740000000000
-0.0113664000000000
-0.0169138000000000
-0.0224653000000000
-0.0184883000000000
-0.0144381000000000
-0.0103832000000000
-0.0117213000000000
-0.0131327000000000
-0.0145443000000000
-0.0158883000000000
-0.0173034000000000
-0.0187211000000000
-0.0201390000000000
-0.0215587000000000
-0.0229801000000000
-0.0293811000000000
-0.0357171000000000
-0.0420620000000000
-0.0484806000000000
-0.0683721000000000
-0.0971787000000000
-0.126027000000000
-0.154895000000000
-0.173212000000000
-0.178930000000000
-0.184724000000000
-0.190519000000000
-0.196251000000000
-0.202059000000000
-0.207812000000000
-0.213628000000000
-0.215675000000000
-0.214350000000000
-0.204337000000000
-0.194310000000000
-0.184199000000000
-0.174158000000000
-0.175524000000000
-0.186778000000000
-0.186827000000000
-0.179449000000000
-0.179210000000000
-0.178972000000000
-0.174873000000000
-0.170774000000000
-0.175013000000000
-0.179189000000000
-0.171937000000000
-0.164679000000000
-0.162394000000000
-0.177977000000000
-0.193582000000000
-0.201626000000000
-0.188299000000000
-0.162136000000000
-0.149748000000000
-0.137283000000000
-0.110207000000000
-0.0583079000000000
-0.0176219000000000
-0.00992293000000000
-0.0121681000000000
-0.00481428000000000
0.0127185000000000
0.0303322000000000
0.0532299000000000
0.0760729000000000
0.0859743000000000
0.108992000000000
0.143754000000000
0.178606000000000
0.192825000000000
0.196118000000000
0.183849000000000
0.171643000000000
0.159346000000000
0.157832000000000
0.149102000000000
0.122552000000000
0.117431000000000
0.122111000000000
0.126876000000000
0.122244000000000
0.109191000000000
0.112540000000000
0.125559000000000
0.130954000000000
0.136421000000000
0.141893000000000
0.133141000000000
0.134122000000000
0.153622000000000
0.146566000000000
0.155556000000000
0.164553000000000
0.166060000000000
0.179759000000000
0.193485000000000
0.207219000000000
0.220967000000000
0.220848000000000
0.220729000000000
0.213884000000000
0.206954000000000
0.215370000000000
0.223869000000000
0.217234000000000
0.203577000000000
0.189914000000000
0.189129000000000
0.188275000000000
0.179005000000000
0.169659000000000
0.155946000000000
0.130245000000000
0.104431000000000
0.0626248000000000
0.00497906000000000
-0.0708601000000000
-0.155850000000000
-0.216089000000000
-0.227398000000000
-0.211941000000000
-0.185098000000000
-0.171763000000000
-0.168722000000000
-0.165604000000000
-0.154001000000000
-0.142321000000000
-0.121713000000000
-0.101028000000000
-0.0967190000000000
-0.120094000000000
-0.113207000000000
-0.0862716000000000
-0.0839804000000000
-0.0924096000000000
-0.110529000000000
-0.128586000000000
-0.158667000000000
-0.180914000000000
-0.183906000000000
-0.186975000000000
-0.199511000000000
-0.203436000000000
-0.197339000000000
-0.174630000000000
-0.167798000000000
-0.204213000000000
-0.228759000000000
-0.156448000000000
-0.0737377000000000
-0.151823000000000
-0.259828000000000
-0.204446000000000
-0.148915000000000
-0.195961000000000
-0.208153000000000
-0.0831159000000000
0.0855775000000000
0.188917000000000
0.214220000000000
0.182619000000000
0.136255000000000
0.112144000000000
0.109530000000000
0.106980000000000
0.104360000000000
0.101802000000000
0.108080000000000
0.114358000000000
0.131028000000000
0.147774000000000
0.174226000000000
0.200691000000000
0.221447000000000
0.222309000000000
0.203748000000000
0.177886000000000
0.151911000000000
0.132516000000000
0.113015000000000
0.103248000000000
0.0933964000000000
0.0939849000000000
0.103402000000000
0.112763000000000
0.122201000000000
0.131577000000000
0.133749000000000
0.135984000000000
0.138157000000000
0.134794000000000
0.131493000000000
0.128123000000000
0.121663000000000
0.115266000000000
0.108791000000000
0.107985000000000
0.107110000000000
0.113178000000000
0.119252000000000
0.125328000000000
0.131410000000000
0.128811000000000
0.126204000000000
0.115260000000000
0.104364000000000
0.0881363000000000
0.0718799000000000
0.0556178000000000
0.0394021000000000
0.0231049000000000
0.00678378000000000
-0.00401108000000000
-0.00500438000000000
0.00696895000000000
0.0317211000000000
0.0564893000000000
0.0812969000000000
0.0991721000000000
0.108036000000000
0.108632000000000
0.101731000000000
0.0840947000000000
0.0664335000000000
0.0401398000000000
0.0137381000000000
-0.0126104000000000
-0.0390669000000000
-0.0585319000000000
-0.0780253000000000
-0.0914294000000000
-0.104792000000000
-0.118224000000000
-0.127754000000000
-0.137290000000000
-0.142560000000000
-0.147829000000000
-0.153043000000000
-0.158326000000000
-0.174140000000000
-0.190025000000000
-0.180630000000000
-0.145778000000000
-0.119221000000000
-0.115921000000000
-0.112684000000000
-0.109440000000000
-0.106125000000000
-0.102880000000000
-0.108465000000000
-0.114049000000000
-0.128203000000000
-0.142427000000000
-0.161584000000000
-0.180755000000000
-0.199954000000000
-0.219167000000000
-0.238401000000000
-0.244897000000000
-0.251399000000000
-0.246831000000000
-0.232720000000000
-0.206823000000000
-0.180819000000000
-0.182416000000000
-0.193761000000000
-0.200411000000000
-0.207144000000000
-0.207579000000000
-0.197349000000000
-0.198751000000000
-0.211517000000000
-0.224354000000000
-0.231256000000000
-0.224496000000000
-0.163234000000000
-0.0110968000000000
0.141190000000000
0.197128000000000
0.171602000000000
0.145985000000000
0.145431000000000
0.144885000000000
0.144262000000000
0.143708000000000
0.163489000000000
0.183214000000000
0.191111000000000
0.187103000000000
0.183088000000000
0.191685000000000
0.200297000000000
0.199449000000000
0.207508000000000
0.215644000000000
0.205063000000000
0.194475000000000
0.197341000000000
0.200200000000000
0.203073000000000
0.205939000000000
0.208813000000000
0.194869000000000
0.180827000000000
0.171200000000000
0.161481000000000
0.159260000000000
0.138036000000000
0.123798000000000
0.125887000000000
0.127975000000000
0.145555000000000
0.163156000000000
0.173625000000000
0.184030000000000
0.193608000000000
0.203264000000000
0.217629000000000
0.232078000000000
0.246547000000000
0.250156000000000
0.245784000000000
0.241398000000000
0.237089000000000
0.223377000000000
0.209644000000000
0.181253000000000
0.123235000000000
0.0475070000000000
-0.0106551000000000
-0.0462864000000000
-0.0820415000000000
-0.117812000000000
-0.131694000000000
-0.145651000000000
-0.151776000000000
-0.142835000000000
-0.133811000000000
-0.134385000000000
-0.134960000000000
-0.127967000000000
-0.116750000000000
-0.105601000000000
-0.105230000000000
-0.104858000000000
-0.104424000000000
-0.100619000000000
-0.0968072000000000
-0.0929953000000000
-0.0891767000000000
-0.0918041000000000
-0.0945017000000000
-0.0972063000000000
-0.107275000000000
-0.117421000000000
-0.127582000000000
-0.137749000000000
-0.147510000000000
-0.157209000000000
-0.104867000000000
-0.0343320000000000
-0.0117290000000000
-0.0205120000000000
-0.0292391000000000
-0.0142094000000000
0.000771325000000000
0.0158323000000000
0.0309149000000000
0.0490916000000000
0.0672941000000000
0.0722637000000000
0.0699427000000000
0.0676228000000000
0.0752567000000000
0.0828245000000000
0.0971322000000000
0.111385000000000
0.125728000000000
0.140009000000000
0.146665000000000
0.140850000000000
0.120790000000000
0.0861410000000000
0.0515081000000000
0.0167843000000000
-0.00712104000000000
-0.0310423000000000
-0.0549973000000000
-0.0756001000000000
-0.0962364000000000
-0.116892000000000
-0.134690000000000
-0.152578000000000
-0.170419000000000
-0.189533000000000
-0.208677000000000
-0.227833000000000
-0.241617000000000
-0.255407000000000
-0.264726000000000
-0.274129000000000
-0.279196000000000
-0.272560000000000
-0.265911000000000
-0.266408000000000
-0.266837000000000
-0.267335000000000
-0.267761000000000
-0.268259000000000
-0.263711000000000
-0.259227000000000
-0.269604000000000
-0.279988000000000
-0.283864000000000
-0.272324000000000
-0.260692000000000
-0.253475000000000
-0.259354000000000
-0.265310000000000
-0.256754000000000
-0.248199000000000
-0.239630000000000
-0.231124000000000
-0.231509000000000
-0.223907000000000
-0.204301000000000
-0.196460000000000
-0.197721000000000
-0.198913000000000
-0.195410000000000
-0.191830000000000
-0.194562000000000
-0.197218000000000
-0.199951000000000
-0.153623000000000
-0.0570939000000000
0.00445673000000000
0.0111216000000000
0.00839753000000000
0.0250228000000000
0.0489481000000000
0.0728370000000000
0.0917694000000000
0.110654000000000
0.133195000000000
0.155772000000000
0.178362000000000
0.200981000000000
0.215485000000000
0.229949000000000
0.233270000000000
0.224323000000000
0.215368000000000
0.206407000000000
0.197368000000000
0.193219000000000
0.189071000000000
0.181974000000000
0.174868000000000
0.185771000000000
0.196688000000000
0.207613000000000
0.203408000000000
0.199127000000000
0.211529000000000
0.207466000000000
0.191553000000000
0.217409000000000
0.219175000000000
0.200958000000000
0.197370000000000
0.207320000000000
0.200586000000000
0.193846000000000
0.187035000000000
0.195001000000000
0.203046000000000
0.194974000000000
0.186972000000000
0.191926000000000
0.196810000000000
0.201778000000000
0.192235000000000
0.192004000000000
0.191703000000000
0.191472000000000
0.191242000000000
0.198794000000000
0.198851000000000
0.185307000000000
0.162080000000000
0.138747000000000
0.0980164000000000
0.0399083000000000
-0.0415107000000000
-0.0994128000000000
-0.0927358000000000
-0.0630432000000000
-0.0526767000000000
-0.0639632000000000
-0.0753240000000000
-0.0866346000000000
-0.111201000000000
-0.135802000000000
-0.140230000000000
-0.107571000000000
-0.0566701000000000
-0.0281312000000000
-0.0146435000000000
0.00706624000000000
0.0287922000000000
0.0342808000000000
0.0284176000000000
0.0224765000000000
0.0109243000000000
-0.000645453000000000
-0.0122223000000000
-0.0238155000000000
-0.0354875000000000
-0.0471051000000000
-0.0520014000000000
-0.0569058000000000
-0.0618119000000000
-0.0667266000000000
-0.0717154000000000
-0.0766345000000000
-0.0833191000000000
-0.0900038000000000
-0.0967022000000000
-0.103401000000000
-0.110107000000000
-0.116826000000000
-0.126559000000000
-0.136236000000000
-0.140455000000000
-0.144609000000000
-0.140426000000000
-0.136236000000000
-0.132039000000000
-0.138499000000000
-0.144890000000000
-0.151365000000000
-0.147112000000000
-0.133532000000000
-0.112652000000000
-0.0845188000000000
-0.0443128000000000
-0.00397834000000000
0.0363135000000000
0.0678274000000000
0.0896883000000000
0.111585000000000
0.133489000000000
0.167914000000000
0.202424000000000
0.227243000000000
0.228168000000000
0.215711000000000
0.170931000000000
0.0879399000000000
0.0234641000000000
-0.00456887000000000
-0.0163583000000000
-0.0280953000000000
-0.0399090000000000
-0.0399606000000000
-0.0400118000000000
-0.0345239000000000
-0.0289610000000000
-0.0234613000000000
-0.0178872000000000
-0.0184050000000000
-0.0188540000000000
-0.0193733000000000
-0.0247994000000000
-0.0302332000000000
-0.0396659000000000
-0.0491121000000000
-0.0586345000000000
-0.0599666000000000
-0.0613702000000000
-0.0627753000000000
-0.0634095000000000
-0.0640455000000000
-0.0646811000000000
-0.0613207000000000
-0.0508090000000000
-0.0330596000000000
-0.0152984000000000
-0.00403280000000000
-0.00390426000000000
-0.0107174000000000
-0.0176059000000000
-0.0245036000000000
-0.0302142000000000
-0.0359326000000000
-0.0417252000000000
-0.0475966000000000
-0.0534721000000000
-0.0517117000000000
-0.0499510000000000
-0.0422973000000000
-0.0345681000000000
-0.0268281000000000
-0.0156487000000000
-0.00445229000000000
0.00682069000000000
0.0213362000000000
0.0359309000000000
0.0504762000000000
0.0651018000000000
0.0796779000000000
0.0943366000000000
0.0990530000000000
0.0922144000000000
0.0853616000000000
0.0684794000000000
0.0515752000000000
0.0282810000000000
0.00495417000000000
-0.0253283000000000
-0.0556533000000000
-0.0859997000000000
-0.105591000000000
-0.125120000000000
-0.132275000000000
-0.139429000000000
-0.134321000000000
-0.129284000000000
-0.109511000000000
-0.0896533000000000
-0.0678777000000000
-0.0460149000000000
-0.0241921000000000
-0.00571839000000000
0.0127815000000000
0.0312236000000000
0.0461159000000000
0.0610188000000000
0.0758730000000000
0.0864604000000000
0.0969922000000000
0.107601000000000
0.118160000000000
0.126197000000000
0.134179000000000
0.142160000000000
0.150225000000000
0.156475000000000
0.162802000000000
0.169137000000000
0.170076000000000
0.171022000000000
0.171961000000000
0.172837000000000
0.173783000000000
0.174729000000000
0.175675000000000
0.171787000000000
0.167961000000000
0.164065000000000
0.160163000000000
0.156324000000000
0.163981000000000
0.182165000000000
0.192234000000000
0.188850000000000
0.148792000000000
0.0770901000000000
0.0329885000000000
0.0261450000000000
0.0193612000000000
-0.00186563000000000
-0.0230525000000000
-0.0442537000000000
-0.0655552000000000
-0.0868028000000000
-0.108077000000000
-0.125650000000000
-0.143252000000000
-0.156586000000000
-0.157322000000000
-0.157988000000000
-0.158647000000000
-0.159382000000000
-0.154226000000000
-0.149069000000000
-0.137802000000000
-0.126458000000000
-0.119451000000000
-0.112360000000000
-0.0918017000000000
-0.0536995000000000
-0.0156178000000000
-0.0195642000000000
-0.0583663000000000
-0.0971962000000000
-0.0851727000000000
-0.0361318000000000
0.00204014000000000
0.00988725000000000
-0.0157705000000000
-0.0528021000000000
-0.0722856000000000
-0.0917858000000000
-0.128208000000000
-0.164581000000000
-0.175211000000000
-0.165024000000000
-0.154892000000000
-0.164380000000000
-0.173881000000000
-0.176873000000000
-0.179935000000000
-0.183005000000000
-0.174295000000000
-0.165580000000000
-0.135955000000000
-0.0532508000000000
0.0719902000000000
0.142579000000000
0.143918000000000
0.136498000000000
0.151717000000000
0.175352000000000
0.191448000000000
0.199009000000000
0.206576000000000
0.205735000000000
0.204895000000000
0.197818000000000
0.190657000000000
0.183566000000000
0.176462000000000
0.161362000000000
0.146311000000000
0.138190000000000
0.129985000000000
0.113365000000000
0.0967163000000000
0.0800612000000000
0.0633125000000000
0.0466214000000000
0.0345340000000000
0.0223687000000000
0.0167776000000000
0.0111127000000000
0.00550966000000000
-0.000938069000000000
-0.00739573000000000
-0.0138566000000000
-0.0224312000000000
-0.0310103000000000
-0.0396025000000000
-0.0481998000000000
-0.0568804000000000
-0.0654959000000000
-0.0782620000000000
-0.0910357000000000
-0.103823000000000
-0.116695000000000
-0.121803000000000
-0.126841000000000
-0.122350000000000
-0.117781000000000
-0.113213000000000
-0.108007000000000
-0.0954993000000000
-0.0724045000000000
-0.0492723000000000
-0.0464524000000000
-0.0616496000000000
-0.0768533000000000
-0.0883030000000000
-0.0997523000000000
-0.119351000000000
-0.138893000000000
-0.165407000000000
-0.184011000000000
-0.174951000000000
-0.151233000000000
-0.144528000000000
-0.159046000000000
-0.173586000000000
-0.156665000000000
-0.110762000000000
-0.0469563000000000
0.0168728000000000
0.0463302000000000
0.0435044000000000
0.0406054000000000
0.0509555000000000
0.0612422000000000
0.0716156000000000
0.0819226000000000
0.0938557000000000
0.105732000000000
0.117694000000000
0.129591000000000
0.143823000000000
0.158061000000000
0.172320000000000
0.181752000000000
0.182992000000000
0.172875000000000
0.162820000000000
0.145324000000000
0.127736000000000
0.110205000000000
0.0926456000000000
0.0820160000000000
0.0815394000000000
0.0811331000000000
0.0807269000000000
0.0748483000000000
0.0689671000000000
0.0631501000000000
0.0447723000000000
0.0264525000000000
0.0358038000000000
0.0451617000000000
0.0475205000000000
0.0498813000000000
0.0522444000000000
0.0546101000000000
0.0544552000000000
0.0458181000000000
0.0274226000000000
0.00908421000000000
-0.0107520000000000
-0.0242944000000000
-0.0245328000000000
-0.0247004000000000
-0.0137901000000000
-0.00287243000000000
0.00813122000000000
0.00876917000000000
-0.0131009000000000
-0.0425560000000000
-0.0636380000000000
-0.0741478000000000
-0.0846796000000000
-0.0980140000000000
-0.111447000000000
-0.107916000000000
-0.0726226000000000
0.0100105000000000
0.0928326000000000
0.122858000000000
0.130209000000000
0.137489000000000
0.152989000000000
0.168432000000000
0.172112000000000
0.175798000000000
0.179413000000000
0.174971000000000
0.170529000000000
0.156894000000000
0.134759000000000
0.0978892000000000
0.0608944000000000
0.0296247000000000
0.0114909000000000
-0.00658367000000000
-0.0206872000000000
-0.0347302000000000
-0.0487929000000000
-0.0628654000000000
-0.0742237000000000
-0.0855187000000000
-0.0968981000000000
-0.108221000000000
-0.114997000000000
-0.121843000000000
-0.128640000000000
-0.127582000000000
-0.126525000000000
-0.116428000000000
-0.106380000000000
-0.102568000000000
-0.105833000000000
-0.109028000000000
-0.112301000000000
-0.112490000000000
-0.112680000000000
-0.112862000000000
-0.107305000000000
-0.101805000000000
-0.0928010000000000
-0.0837832000000000
-0.0747580000000000
-0.0657213000000000
-0.0567447000000000
-0.0476910000000000
-0.0499140000000000
-0.0522088000000000
-0.0545057000000000
-0.0568046000000000
-0.0692748000000000
-0.0817506000000000
-0.103998000000000
-0.126253000000000
-0.130800000000000
-0.114748000000000
-0.0828170000000000
-0.0508719000000000
-0.0395637000000000
-0.0281777000000000
-0.0167759000000000
0.00486719000000000
0.0264716000000000
0.0556594000000000
0.0961053000000000
0.153198000000000
0.181900000000000
0.152653000000000
0.113128000000000
0.108132000000000
0.119532000000000
0.117276000000000
0.0915957000000000
0.0659716000000000
0.0329456000000000
-0.000102772000000000
-0.0331980000000000
-0.0507561000000000
-0.0682674000000000
-0.0858626000000000
-0.103478000000000
-0.138282000000000
-0.156445000000000
-0.0889695000000000
0.00629941000000000
0.0501180000000000
0.0488397000000000
0.0475618000000000
0.0462812000000000
0.0449999000000000
0.0310254000000000
0.0170410000000000
0.00955825000000000
0.00213974000000000
-0.00115156000000000
-0.00444554000000000
-0.00774406000000000
-0.00964286000000000
-0.0115446000000000
-0.0196851000000000
-0.0278379000000000
-0.0390805000000000
-0.0504079000000000
-0.0616729000000000
-0.0718353000000000
-0.0820024000000000
-0.0921835000000000
-0.109519000000000
-0.126882000000000
-0.144183000000000
-0.151694000000000
-0.146244000000000
-0.128089000000000
-0.0996972000000000
-0.0712559000000000
-0.0428009000000000
-0.0227881000000000
-0.0153076000000000
-0.00774754000000000
-0.000251686000000000
0.00473017000000000
0.00978520000000000
0.0147785000000000
0.0197737000000000
0.0247769000000000
0.0288023000000000
0.0327621000000000
0.0313283000000000
0.0299628000000000
0.0285963000000000
0.0297511000000000
0.0308370000000000
0.0281389000000000
0.0369336000000000
0.0597643000000000
0.0825396000000000
0.0921674000000000
0.101732000000000
0.118738000000000
0.135758000000000
0.152799000000000
0.158433000000000
0.155869000000000
0.142507000000000
0.117906000000000
0.0933604000000000
0.0795775000000000
0.0797316000000000
0.0798861000000000
0.0688286000000000
0.0576830000000000
0.0466008000000000
0.0464408000000000
0.0463511000000000
0.0525724000000000
0.0587975000000000
0.0554952000000000
0.0521915000000000
0.0488813000000000
0.0528606000000000
0.0568434000000000
0.0608305000000000
0.0580209000000000
0.0551398000000000
0.0523255000000000
0.0480353000000000
0.0436693000000000
0.0393707000000000
0.0350661000000000
0.0307584000000000
0.0234996000000000
0.0162357000000000
0.00896164000000000
-0.00140087000000000
-0.0117082000000000
-0.0275605000000000
-0.0434350000000000
-0.0593204000000000
-0.0752271000000000
-0.0800689000000000
-0.0849254000000000
-0.0804549000000000
-0.0759074000000000
-0.0654005000000000
-0.0548790000000000
-0.0443504000000000
-0.0338764000000000
-0.0306153000000000
-0.0274195000000000
-0.0305305000000000
-0.0336450000000000
-0.0367616000000000
-0.0459128000000000
-0.0550708000000000
-0.0642416000000000
-0.0778343000000000
-0.0914494000000000
-0.105071000000000
-0.118846000000000
-0.132706000000000
-0.137682000000000
-0.142727000000000
-0.136848000000000
-0.131025000000000
-0.125133000000000
-0.114322000000000
-0.0800087000000000
-0.0291324000000000
0.0127731000000000
0.0394962000000000
0.0523740000000000
0.0652598000000000
0.0685585000000000
0.0717909000000000
0.0651364000000000
0.0585500000000000
0.0448718000000000
0.0311143000000000
0.0266635000000000
0.0222085000000000
0.0177486000000000
0.0132850000000000
0.0128821000000000
0.0124791000000000
0.0121448000000000
0.0167174000000000
0.0212965000000000
0.0258783000000000
0.0329920000000000
0.0401096000000000
0.0472369000000000
0.0543700000000000
0.0615122000000000
0.0686600000000000
0.0733603000000000
0.0780689000000000
0.0828550000000000
0.0875707000000000
0.0923633000000000
0.0959651000000000
0.0995738000000000
0.0981448000000000
0.0878025000000000
0.0622416000000000
0.0365758000000000
0.0109628000000000
-0.0134940000000000
-0.0379683000000000
-0.0670349000000000
-0.0961229000000000
-0.120830000000000
-0.137072000000000
-0.141634000000000
-0.133086000000000
-0.124461000000000
-0.115891000000000
-0.107245000000000
-0.107708000000000
-0.108163000000000
-0.0980388000000000
-0.0808232000000000
-0.0514624000000000
0.00773898000000000
0.0669106000000000
0.0897757000000000
0.0846889000000000
0.0795178000000000
0.0817812000000000
0.0840448000000000
0.0863081000000000
0.0859158000000000
0.0855866000000000
0.0851874000000000
0.0774311000000000
0.0580240000000000
0.0386031000000000
0.0152272000000000
-0.00809454000000000
-0.0315197000000000
-0.0548898000000000
-0.0783614000000000
-0.0984853000000000
-0.118575000000000
-0.132855000000000
-0.147080000000000
-0.152279000000000
-0.157478000000000
-0.154767000000000
-0.151979000000000
-0.141483000000000
-0.130896000000000
-0.106007000000000
-0.0811471000000000
-0.0516494000000000
-0.0220372000000000
-0.000886834000000000
0.00683123000000000
0.000535666000000000
-0.00576887000000000
-0.0120777000000000
-0.0183951000000000
-0.0247176000000000
-0.0310483000000000
-0.0373841000000000
-0.0437283000000000
-0.0443290000000000
-0.0450009000000000
-0.0406261000000000
-0.0361753000000000
-0.0254837000000000
-0.0148462000000000
-0.000346013000000000
0.0141744000000000
0.0286338000000000
0.0345605000000000
0.0405605000000000
0.0371730000000000
0.0337836000000000
0.0303888000000000
0.0269917000000000
0.0229593000000000
0.0188531000000000
0.0148123000000000
0.0106983000000000
0.0118363000000000
0.0129761000000000
0.0141175000000000
0.0151894000000000
0.0194874000000000
0.0237194000000000
0.0279572000000000
0.0343005000000000
0.0407232000000000
0.0470798000000000
0.0534449000000000
0.0598848000000000
0.0616368000000000
0.0634585000000000
0.0652138000000000
0.0633247000000000
0.0613630000000000
0.0594696000000000
0.0575740000000000
0.0556062000000000
0.0614192000000000
0.0672362000000000
0.0829478000000000
0.0987414000000000
0.105651000000000
0.101208000000000
0.0966957000000000
0.0999540000000000
0.103289000000000
0.106555000000000
0.104775000000000
0.103072000000000
0.101286000000000
0.0995067000000000
0.0923940000000000
0.0853451000000000
0.0782120000000000
0.0670844000000000
0.0558688000000000
0.0446466000000000
0.0334073000000000
0.0222313000000000
0.0109680000000000
0.00593671000000000
0.000897352000000000
0.00272436000000000
0.00455332000000000
0.00638384000000000
0.0108817000000000
0.0153830000000000
0.0198897000000000
0.0244001000000000
0.0289161000000000
0.0242546000000000
0.0195858000000000
0.00622119000000000
-0.00709096000000000
-0.0239874000000000
-0.0409087000000000
-0.0579103000000000
-0.0748633000000000
-0.0875601000000000
-0.100341000000000
-0.104714000000000
-0.109101000000000
-0.105983000000000
-0.0926279000000000
-0.0792661000000000
-0.0581676000000000
-0.0370560000000000
-0.0158438000000000
0.00531187000000000
0.0264977000000000
0.0477686000000000
0.0619165000000000
0.0760775000000000
0.0847104000000000
0.0934271000000000
0.0968957000000000
0.100434000000000
0.0986551000000000
0.0969385000000000
0.0900995000000000
0.0833310000000000
0.0765482000000000
0.0696942000000000
0.0622681000000000
0.0548366000000000
0.0473244000000000
0.0398775000000000
0.0323496000000000
0.0248874000000000
0.0161516000000000
0.00747994000000000
-0.00127394000000000
-0.00996402000000000
-0.0187358000000000
-0.0229575000000000
-0.0271856000000000
-0.0314172000000000
-0.0324978000000000
-0.0335804000000000
-0.0345938000000000
-0.0356777000000000
-0.0355014000000000
-0.0352547000000000
-0.0350775000000000
-0.0349002000000000
-0.0347231000000000
-0.0344751000000000
-0.0342972000000000
-0.0341185000000000
-0.0339408000000000
-0.0390187000000000
-0.0441752000000000
-0.0493338000000000
-0.0545003000000000
-0.0596701000000000
-0.0648477000000000
-0.0619673000000000
-0.0591536000000000
-0.0562669000000000
-0.0494505000000000
-0.0425586000000000
-0.0357276000000000
-0.0269284000000000
-0.0180471000000000
-0.00922952000000000
-0.00656989000000000
-0.00397830000000000
-0.00762419000000000
-0.0112721000000000
-0.0149262000000000
-0.0190022000000000
-0.0230137000000000
-0.0270995000000000
-0.0306291000000000
-0.0341606000000000
-0.0376985000000000
-0.0412378000000000
-0.0447815000000000
-0.0483285000000000
-0.0536336000000000
-0.0589415000000000
-0.0642573000000000
-0.0695064000000000
-0.0748352000000000
-0.0756762000000000
-0.0765242000000000
-0.0710591000000000
-0.0655201000000000
-0.0567519000000000
-0.0479709000000000
-0.0391837000000000
-0.0356430000000000
-0.0321698000000000
-0.0286915000000000
-0.0294870000000000
-0.0302829000000000
-0.0310805000000000
-0.0318788000000000
-0.0327480000000000
-0.0256239000000000
-0.0185654000000000
-0.00504616000000000
0.00848258000000000
0.0220306000000000
0.0362181000000000
0.0504963000000000
0.0647841000000000
0.0753771000000000
0.0859715000000000
0.0916824000000000
0.0973859000000000
0.103104000000000
0.108828000000000
0.111821000000000
0.114890000000000
0.117889000000000
0.113811000000000
0.109796000000000
0.0976530000000000
0.0855588000000000
0.0734580000000000
0.0606353000000000
0.0478057000000000
0.0349581000000000
0.0221019000000000
0.00922697000000000
-0.000782122000000000
-0.0108061000000000
-0.0208359000000000
-0.0308808000000000
-0.0392506000000000
-0.0477019000000000
-0.0561586000000000
-0.0645576000000000
-0.0677753000000000
-0.0710695000000000
-0.0660207000000000
-0.0610363000000000
-0.0480583000000000
-0.0350618000000000
-0.0220564000000000
-0.00903261000000000
-0.00363990000000000
0.00182979000000000
0.00723464000000000
0.00822828000000000
0.00922322000000000
0.0102189000000000
0.00820153000000000
0.00618158000000000
0.00423020000000000
0.00220597000000000
0.000250415000000000
-0.00177807000000000
-0.00380797000000000
-0.00366646000000000
-0.00359566000000000
-0.00352486000000000
-0.00345336000000000
-0.00254100000000000
-0.00162793000000000
-0.000713540000000000
0.000131574000000000
0.00104813000000000
0.00196536000000000
0.00288331000000000
0.00373255000000000
0.00465258000000000
0.0101293000000000
0.0156135000000000
0.0211020000000000
0.0266675000000000
0.0290842000000000
0.0315030000000000
0.0278258000000000
0.0241428000000000
0.0204579000000000
0.0129815000000000
0.00549941000000000
-0.00199315000000000
-0.00949132000000000
-0.0169294000000000
-0.0255640000000000
-0.0341407000000000
-0.0427235000000000
-0.0513186000000000
-0.0599197000000000
-0.0685314000000000
-0.0771494000000000
-0.0799595000000000
-0.0827764000000000
-0.0855935000000000
-0.0833656000000000
-0.0811310000000000
-0.0711184000000000
-0.0610904000000000
-0.0510560000000000
-0.0418475000000000
-0.0326343000000000
-0.0292274000000000
-0.0257480000000000
-0.0223342000000000
-0.0217213000000000
-0.0211067000000000
-0.0205632000000000
-0.0199481000000000
-0.0194031000000000
-0.0187872000000000
-0.0131939000000000
-0.00752315000000000
-0.00191744000000000
0.00376529000000000
0.00994328000000000
0.0161291000000000
0.0223195000000000
0.0285186000000000
0.0321285000000000
0.0358143000000000
0.0395019000000000
0.0431945000000000
0.0445069000000000
0.0458208000000000
0.0470652000000000
0.0483818000000000
0.0461942000000000
0.0440040000000000
0.0418823000000000
0.0340776000000000
0.0263370000000000
0.0185865000000000
0.0108304000000000
0.00299337000000000
-0.00477951000000000
-0.0125628000000000
-0.0156558000000000
-0.0187531000000000
-0.0218524000000000
-0.0249561000000000
-0.0241365000000000
-0.0232454000000000
-0.0224245000000000
-0.0162727000000000
-0.0100466000000000
-0.00388213000000000
0.00235669000000000
0.00853418000000000
0.0147863000000000
0.0209770000000000
0.0272411000000000
0.0274150000000000
0.0276588000000000
0.0278325000000000
0.0215577000000000
0.0152044000000000
0.00891635000000000
0.00219850000000000
-0.00452415000000000
-0.0112558000000000
-0.0138570000000000
-0.0165316000000000
-0.0191384000000000
-0.0194343000000000
-0.0197301000000000
-0.0200974000000000
-0.0203940000000000
-0.0206920000000000
-0.0209901000000000
-0.0200961000000000
-0.0192008000000000
-0.0183055000000000
-0.0174095000000000
-0.0129350000000000
-0.00845851000000000
-0.00397531000000000
0.000510905000000000
0.00465320000000000
0.00886846000000000
0.0130187000000000
0.0140177000000000
0.0150190000000000
0.0160201000000000
0.0156908000000000
0.0153613000000000
0.0151007000000000
0.0147705000000000
0.0145092000000000
0.0141783000000000
0.0139177000000000
0.0135854000000000
0.0184428000000000
0.0233019000000000
0.0282387000000000
0.0349308000000000
0.0416328000000000
0.0483390000000000
0.0550550000000000
0.0582704000000000
0.0614908000000000
0.0647125000000000
0.0623299000000000
0.0599454000000000
0.0575580000000000
0.0508922000000000
0.0442872000000000
0.0376782000000000
0.0310594000000000
0.0296235000000000
0.0281847000000000
0.0316516000000000
0.0350541000000000
0.0385280000000000
0.0419367000000000
0.0453490000000000
0.0488350000000000
0.0441921000000000
0.0395428000000000
0.0292839000000000
0.0190795000000000
0.00879815000000000
-0.00142727000000000
-0.0117304000000000
-0.0167891000000000
-0.0219204000000000
-0.0269894000000000
-0.0272256000000000
-0.0273919000000000
-0.0275582000000000
-0.0233072000000000
-0.0190534000000000
-0.0147941000000000
-0.0105313000000000
-0.00415843000000000
0.00221844000000000
0.00867367000000000
0.0150639000000000
0.0215333000000000
0.0279368000000000
0.0343496000000000
0.0355099000000000
0.0366707000000000
0.0327167000000000
0.0287554000000000
0.0247930000000000
0.0187906000000000
0.0127149000000000
0.00662957000000000
0.000610398000000000
-0.00548678000000000
-0.0115184000000000
-0.0176288000000000
-0.0236737000000000
-0.0297967000000000
-0.0359236000000000
-0.0419901000000000
-0.0481304000000000
-0.0542089000000000
-0.0583984000000000
-0.0625945000000000
-0.0667238000000000
-0.0670014000000000
-0.0673498000000000
-0.0676284000000000
-0.0648229000000000
-0.0620132000000000
-0.0592022000000000
-0.0563863000000000
-0.0535690000000000
-0.0501869000000000
-0.0468721000000000
-0.0435532000000000
-0.0401613000000000
-0.0368344000000000
-0.0374315000000000
-0.0379586000000000
-0.0385565000000000
-0.0391543000000000
-0.0396835000000000
-0.0402835000000000
-0.0408836000000000
-0.0355948000000000
-0.0302319000000000
-0.0249306000000000
-0.0196272000000000
-0.0152269000000000
-0.0108941000000000
-0.00655559000000000
-0.00221361000000000
0.00108243000000000
0.00431091000000000
0.00761415000000000
0.0108490000000000
0.0157713000000000
0.0206269000000000
0.0263312000000000
0.0319688000000000
0.0368435000000000
0.0417916000000000
0.0466754000000000
0.0469374000000000
0.0472000000000000
0.0475321000000000
0.0423253000000000
0.0371849000000000
0.0320380000000000
0.0268864000000000
0.0216576000000000
0.0164955000000000
0.0113263000000000
0.00615319000000000
0.000966777000000000
-0.00428122000000000
-0.0112956000000000
-0.0183853000000000
-0.0254142000000000
-0.0325187000000000
-0.0396332000000000
-0.0416352000000000
-0.0437105000000000
-0.0457175000000000
-0.0452024000000000
-0.0446161000000000
-0.0440298000000000
-0.0435129000000000
-0.0429258000000000
-0.0424083000000000
-0.0418192000000000
-0.0413002000000000
-0.0348196000000000
-0.0283349000000000
-0.0218417000000000
-0.0154137000000000
-0.0115011000000000
-0.00765594000000000
-0.00380540000000000
-0.00436774000000000
-0.00500131000000000
-0.00563514000000000
-0.00627018000000000
-0.00690548000000000
-0.00123086000000000
0.00444712000000000
0.0100638000000000
0.0208003000000000
0.0314823000000000
0.0422419000000000
0.0530158000000000
0.0637278000000000
0.0745221000000000
0.0777591000000000
0.0810667000000000
0.0843109000000000
0.0819420000000000
0.0795735000000000
0.0772051000000000
0.0723142000000000
0.0673411000000000
0.0623654000000000
0.0573834000000000
0.0523972000000000
0.0474044000000000
0.0424076000000000
0.0374045000000000
0.0323972000000000
0.0304680000000000
0.0284674000000000
0.0264639000000000
0.0245299000000000
0.0226622000000000
0.0208634000000000
0.0190624000000000
0.0172601000000000
0.0144039000000000
0.0116150000000000
0.00875244000000000
0.00595751000000000
0.00308917000000000
0.00428345000000000
0.00547982000000000
0.00667694000000000
0.0104701000000000
0.0142663000000000
0.0181376000000000
0.0219415000000000
0.0257502000000000
0.0295619000000000
0.0333791000000000
0.0324324000000000
0.0314841000000000
0.0305347000000000
0.0237651000000000
0.0169900000000000
0.0102056000000000
0.00341696000000000
-0.00233031000000000
-0.00808084000000000
-0.0138402000000000
-0.0179211000000000
-0.0220079000000000
-0.0260973000000000
-0.0301924000000000
-0.0342201000000000
-0.0383236000000000
-0.0419394000000000
-0.0454893000000000
-0.0491127000000000
-0.0527406000000000
-0.0523764000000000
-0.0520108000000000
-0.0515759000000000
-0.0512097000000000
-0.0510536000000000
-0.0508268000000000
-0.0506007000000000
-0.0504434000000000
-0.0517588000000000
-0.0530754000000000
-0.0543228000000000
-0.0556424000000000
-0.0569628000000000
-0.0582844000000000
-0.0596076000000000
-0.0609329000000000
-0.0622582000000000
-0.0606411000000000
-0.0590929000000000
-0.0574717000000000
-0.0521349000000000
-0.0467200000000000
-0.0413720000000000
-0.0308274000000000
-0.0202059000000000
-0.00963874000000000
0.00142577000000000
0.0125057000000000
0.0235940000000000
0.0271248000000000
0.0307276000000000
0.0342661000000000
0.0363337000000000
0.0384055000000000
0.0404780000000000
0.0425542000000000
0.0445601000000000
0.0466404000000000
0.0457070000000000
0.0447031000000000
0.0436982000000000
0.0384831000000000
0.0331963000000000
0.0279008000000000
0.0226714000000000
0.0173655000000000
0.0120555000000000
0.00722822000000000
0.00239870000000000
-0.00250838000000000
-0.00734813000000000
-0.0121958000000000
-0.0192190000000000
-0.0261820000000000
-0.0332200000000000
-0.0401979000000000
-0.0434655000000000
-0.0466671000000000
-0.0439844000000000
-0.0412968000000000
-0.0330703000000000
-0.0249017000000000
-0.0167284000000000
-0.00749123000000000
0.00182233000000000
0.0110789000000000
0.0204119000000000
0.0272332000000000
0.0341299000000000
0.0410359000000000
0.0429002000000000
0.0447663000000000
0.0466349000000000
0.0451393000000000
0.0437132000000000
0.0422143000000000
0.0407846000000000
0.0392835000000000
0.0431077000000000
0.0469369000000000
0.0507695000000000
0.0560791000000000
0.0614631000000000
0.0668549000000000
0.0693058000000000
0.0717574000000000
0.0742167000000000
0.0730256000000000
0.0718413000000000
0.0706498000000000
0.0648340000000000
0.0589395000000000
0.0531105000000000
0.0420834000000000
0.0311203000000000
0.0200707000000000
0.00908451000000000
-0.00184876000000000
-0.0127180000000000
-0.0236738000000000
-0.0309212000000000
-0.0381794000000000
-0.0455123000000000
-0.0482982000000000
-0.0510864000000000
-0.0538766000000000
-0.0566704000000000
-0.0569433000000000
-0.0572167000000000
-0.0574895000000000
-0.0577630000000000
-0.0581774000000000
-0.0585924000000000
-0.0590073000000000
-0.0594224000000000
-0.0606097000000000
-0.0618677000000000
-0.0631270000000000
-0.0643171000000000
-0.0655795000000000
-0.0668424000000000
-0.0654431000000000
-0.0641121000000000
-0.0627796000000000
-0.0560484000000000
-0.0493085000000000
-0.0425639000000000
-0.0340562000000000
-0.0255431000000000
-0.0170178000000000
-0.00848639000000000
-0.00337882000000000
0.00166198000000000
0.00677941000000000
0.0119011000000000
0.0144355000000000
0.0170411000000000
0.0195810000000000
0.0221923000000000
0.0248072000000000
0.0273540000000000
0.0299745000000000
0.0325963000000000
0.0351517000000000
0.0322423000000000
0.0293278000000000
0.0263413000000000
0.0207566000000000
0.0150977000000000
0.00950099000000000
0.00382985000000000
0.00362067000000000
0.00334074000000000
0.00313077000000000
0.00733611000000000
0.0115471000000000
0.0157623000000000
0.0199124000000000
0.0196495000000000
0.0193859000000000
0.0191223000000000
0.0168952000000000
0.0147362000000000
0.0125051000000000
0.0102710000000000
0.0104180000000000
0.0104963000000000
0.0105733000000000
0.0107209000000000
0.0107977000000000
0.0109461000000000
0.0110237000000000
0.00892914000000000
0.00676026000000000
0.00466087000000000
0.00248856000000000
0.000384153000000000
-0.00172303000000000
-0.00390174000000000
-0.00601323000000000
-0.00819680000000000
-0.0103124000000000
-0.0124301000000000
-0.0108349000000000
-0.00916818000000000
-0.00756869000000000
-0.00337478000000000
0.000753977000000000
0.00488624000000000
0.00872998000000000
0.0128661000000000
0.0170772000000000
0.0212172000000000
0.0253597000000000
0.0269776000000000
0.0285944000000000
0.0302776000000000
0.0318888000000000
0.0334951000000000
0.0350991000000000
0.0366994000000000
0.0383650000000000
0.0347794000000000
0.0311893000000000
0.0276676000000000
0.0240720000000000
0.0193579000000000
0.0147114000000000
0.00999697000000000
0.00535206000000000
0.00315105000000000
0.000950402000000000
-0.00131737000000000
-0.00351414000000000
-0.00264590000000000
-0.00184824000000000
-0.000981273000000000
-0.000115602000000000
0.000680009000000000
0.00154344000000000
0.00233594000000000
-0.00234946000000000
-0.00702598000000000
-0.0116959000000000
-0.0163544000000000
-0.0210732000000000
-0.0257108000000000
-0.0304061000000000
-0.0321219000000000
-0.0338320000000000
-0.0356019000000000
-0.0349574000000000
-0.0342413000000000
-0.0335913000000000
-0.0329383000000000
-0.0292681000000000
-0.0256054000000000
-0.0219479000000000
-0.0147485000000000
-0.00749637000000000
-0.000336971000000000
0.00687112000000000
0.0142570000000000
0.0216196000000000
0.0289530000000000
0.0330723000000000
0.0372388000000000
0.0369217000000000
0.0366684000000000
0.0306070000000000
0.0245662000000000
0.0185444000000000
0.0105299000000000
0.00254283000000000
-0.00540898000000000
-0.00971260000000000
-0.0139956000000000
-0.0183272000000000
-0.0195678000000000
-0.0208684000000000
-0.0220923000000000
-0.0233755000000000
-0.0245825000000000
-0.0258469000000000
-0.0271021000000000
-0.0262358000000000
-0.0254366000000000
-0.0245720000000000
-0.0237745000000000
-0.0229789000000000
-0.0221187000000000
-0.0247888000000000
-0.0275054000000000
-0.0301379000000000
-0.0345698000000000
-0.0389083000000000
-0.0432773000000000
-0.0475516000000000
-0.0482426000000000
-0.0489230000000000
-0.0495908000000000
-0.0474240000000000
-0.0452006000000000
-0.0430483000000000
-0.0408410000000000
-0.0387053000000000
-0.0365785000000000
-0.0343973000000000
-0.0322895000000000
-0.0301275000000000
-0.0257090000000000
-0.0213164000000000
-0.0169543000000000
-0.0126204000000000
-0.00887940000000000
-0.00516503000000000
-0.00154061000000000
-0.00172871000000000
-0.00197697000000000
-0.00222259000000000
-0.00246509000000000
-0.00258141000000000
-0.00269631000000000
-0.00280900000000000
-0.00291957000000000
-0.00199299000000000
-0.00107382000000000
-0.000160819000000000
0.000743866000000000
0.00164200000000000
0.00253151000000000
0.00341366000000000
0.00434727000000000
0.00521346000000000
0.00553436000000000
0.00579361000000000
0.00610891000000000
0.00866509000000000
0.0111946000000000
0.0136410000000000
0.0161186000000000
0.0185703000000000
0.0209938000000000
0.0233325000000000
0.0257006000000000
0.0272327000000000
0.0287438000000000
0.0302350000000000
0.0317051000000000
0.0331540000000000
0.0345242000000000
0.0332649000000000
0.0320141000000000
0.0307145000000000
0.0294807000000000
0.0273026000000000
0.0251453000000000
0.0230067000000000
0.0209457000000000
0.0188482000000000
0.0167734000000000
0.0147188000000000
0.0126871000000000
0.0106767000000000
0.00868921000000000
0.00423032000000000
-0.000172491000000000
-0.00452209000000000
-0.00881402000000000
-0.0130511000000000
-0.0172290000000000
-0.0169970000000000
-0.0167634000000000
-0.0165295000000000
-0.0152444000000000
-0.0139716000000000
-0.0126614000000000
-0.0114165000000000
-0.0114797000000000
-0.0114876000000000
-0.0115434000000000
-0.0115948000000000
-0.0139354000000000
-0.0162395000000000
-0.0185566000000000
-0.0207853000000000
-0.0229749000000000
-0.0250777000000000
-0.0271411000000000
-0.0291677000000000
-0.0278469000000000
-0.0264891000000000
-0.0251926000000000
-0.0208351000000000
-0.0165872000000000
-0.0123497000000000
-0.00798285000000000
-0.00367880000000000
0.000557625000000000
0.00473005000000000
0.00746162000000000
0.0101493000000000
0.0127914000000000
0.0153889000000000
0.0179403000000000
0.0204463000000000
0.0229051000000000
0.0253190000000000
0.0276389000000000
0.0265942000000000
0.0255613000000000
0.0245401000000000
0.0223648000000000
0.0202215000000000
0.0181123000000000
0.0184665000000000
0.0188096000000000
0.0191421000000000
0.0203778000000000
0.0215862000000000
0.0227663000000000
0.0238758000000000
0.0249996000000000
0.0245232000000000
0.0240065000000000
0.0235341000000000
0.0230638000000000
0.0215544000000000
0.0200273000000000
0.0185636000000000
0.0171236000000000
0.0156650000000000
0.0142717000000000
0.0129011000000000
0.0115539000000000
0.0101899000000000
0.00889042000000000
0.00836402000000000
0.00780642000000000
0.00729627000000000
0.00675580000000000
0.00726550000000000
0.00772301000000000
0.00816787000000000
0.00860005000000000
0.00901903000000000
0.00766465000000000
0.00637305000000000
0.00507076000000000
0.00379492000000000
0.00254620000000000
0.00143320000000000
0.000345089000000000
-0.000718963000000000
-0.00179372000000000
-0.00383782000000000
-0.00579649000000000
-0.00774239000000000
-0.00963903000000000
-0.0114860000000000
-0.0132481000000000
-0.0132519000000000
-0.0132142000000000
-0.0131709000000000
-0.0131202000000000
-0.0114017000000000
-0.00972190000000000
-0.00807935000000000
-0.00559833000000000
-0.00317935000000000
-0.000856860000000000
0.00143549000000000
0.00366247000000000
0.00582613000000000
0.00637415000000000
0.00687194000000000
0.00738147000000000
0.00787169000000000
0.00834191000000000
0.00876334000000000
0.00881233000000000
0.00882493000000000
0.00883064000000000
0.00885846000000000
0.00885012000000000
0.00821731000000000
0.00759874000000000
0.00699421000000000
0.00640402000000000
0.00582795000000000
0.00526604000000000
0.00638548000000000
0.00748581000000000
0.00854079000000000
0.00955008000000000
0.0107172000000000
0.0118064000000000
0.0128692000000000
0.0138791000000000
0.0138688000000000
0.0138438000000000
0.0138043000000000
0.0127223000000000
0.0116431000000000
0.0105924000000000
0.00864364000000000
0.00676100000000000
0.00494320000000000
0.00319015000000000
0.00143693000000000
-0.000270233000000000
-0.00191072000000000
-0.00348381000000000
-0.00497083000000000
-0.00591087000000000
-0.00680806000000000
-0.00766247000000000
-0.00847479000000000
-0.00924477000000000
-0.00999238000000000
-0.0103845000000000
-0.0107683000000000
-0.0111245000000000
-0.0114539000000000
-0.0117564000000000
-0.0120330000000000
-0.0117450000000000
-0.0114415000000000
-0.0111565000000000
-0.0108570000000000
-0.0105755000000000
-0.00992241000000000
-0.00929058000000000
-0.00867930000000000
-0.00810364000000000
-0.00753265000000000
-0.00698219000000000
-0.00610035000000000
-0.00525780000000000
-0.00445330000000000
-0.00370029000000000
-0.00297064000000000
-0.00238076000000000
-0.00182080000000000
-0.00130335000000000
-0.000802044000000000
-0.000329684000000000
0.000102853000000000
0.000519677000000000
0.000909588000000000
0.00104108000000000
0.00117171000000000
0.00127944000000000
0.00138641000000000
0.00101432000000000
0.000670629000000000
0.000344778000000000
2.65937000000000e-05
-0.000264435000000000
-0.000584771000000000
-0.000894408000000000
-0.00117582000000000
-0.00143866000000000
-0.00169184000000000
-0.00158341000000000
-0.00148128000000000
-0.00138539000000000
-0.00129559000000000
-0.00127123000000000
-0.00124104000000000
-0.00121978000000000
-0.00119985000000000
-0.00149861000000000
-0.00177454000000000
-0.00202797000000000
-0.00225995000000000
-0.00247079000000000
-0.00266132000000000
-0.00243826000000000
-0.00222222000000000
-0.00202433000000000
-0.00183314000000000
-0.00174234000000000
-0.00165577000000000
-0.00157341000000000
-0.00172928000000000
-0.00186419000000000
-0.00198828000000000
-0.00209714000000000
-0.00218725000000000
-0.00226774000000000
-0.00211839000000000
-0.00197608000000000
-0.00184045000000000
-0.00159092000000000
-0.00135567000000000
-0.00114148000000000
-0.000943774000000000
-0.000758950000000000
-0.000592889000000000
-0.000552855000000000
-0.000515776000000000
-0.000481547000000000
-0.000517865000000000
-0.000547108000000000
-0.000574892000000000
-0.000596127000000000
-0.000616092000000000
-0.000632321000000000
-0.000642859000000000
-0.000652406000000000
-0.000658788000000000
-0.000660168000000000
-0.000598957000000000
-0.000540544000000000
-0.000486739000000000
-0.000439046000000000
-0.000393751000000000
-0.000352504000000000
-0.000316564000000000
-0.000282680000000000
-0.000252271000000000
-0.000218699000000000
-0.000187847000000000
-0.000162107000000000
-0.000138740000000000
-0.000118856000000000
-0.000103251000000000
-6.30584000000000e-05
-2.94679000000000e-05
-2.06932000000000e-06
1.95773000000000e-05
3.50615000000000e-05
4.64917000000000e-05
2.41996000000000e-05
2.20700000000000e-06
-1.94359000000000e-05
-4.12942000000000e-05
-6.20072000000000e-05
-9.77960000000000e-05
-0.000130447000000000
-0.000160119000000000
-0.000186949000000000
-0.000211078000000000
-0.000241782000000000
-0.000268809000000000
-0.000291588000000000
-0.000310810000000000
-0.000340920000000000
-0.000365229000000000
-0.000384178000000000
-0.000398238000000000
-0.000410029000000000
-0.000417304000000000
-0.000420481000000000
-0.000419987000000000
-0.000416207000000000
-0.000409523000000000
-0.000400282000000000
-0.000382148000000000
-0.000363568000000000
-0.000344966000000000
-0.000317933000000000
-0.000293173000000000
-0.000270317000000000
-0.000243903000000000
-0.000220727000000000
-0.000200546000000000
-0.000182915000000000
-0.000167639000000000
-0.000154465000000000
-0.000145182000000000
-0.000136884000000000
-0.000129453000000000
-0.000122781000000000
-0.000117362000000000
-0.000112296000000000
-0.000107529000000000
-0.000103015000000000
-9.87111000000000e-05
-9.45788000000000e-05
-9.05829000000000e-05
-8.69318000000000e-05
-8.32503000000000e-05
-7.95283000000000e-05
-7.57839000000000e-05
-7.20053000000000e-05
-6.80110000000000e-05
-6.40841000000000e-05
-6.01992000000000e-05
-5.63355000000000e-05
-5.24755000000000e-05
-4.86054000000000e-05
-4.47151000000000e-05
-4.08598000000000e-05
-3.69202000000000e-05
-3.29144000000000e-05
-2.88585000000000e-05
-2.47662000000000e-05
-2.06495000000000e-05
-1.65178000000000e-05
-1.23796000000000e-05
-8.24158000000000e-06
-4.10896000000000e-06
1.42806000000000e-08
4.12503000000000e-06
8.22135000000000e-06
1.23019000000000e-05
1.63657000000000e-05