0.000118819000000000
0.000322559000000000
0.000436035000000000
0.000463132000000000
0.000641876000000000
0.000975873000000000
0.00109261000000000
0.000753122000000000
0.000276352000000000
0.000185494000000000
0.000319652000000000
2.00961000000000e-05
-0.000836707000000000
-0.00142873000000000
-0.00105917000000000
-0.000236967000000000
-0.000199561000000000
-0.00126163000000000
-0.00222579000000000
-0.00191367000000000
-0.000632503000000000
0.000253034000000000
0.000249190000000000
-2.61542000000000e-05
-2.56835000000000e-06
0.000114511000000000
6.32788000000000e-05
-3.20695000000000e-05
4.60739000000000e-06
5.48968000000000e-05
-8.35993000000000e-06
-6.22229000000000e-05
-1.70492000000000e-05
3.69274000000000e-07
-6.92798000000000e-05
-9.54298000000000e-05
-4.47773000000000e-05
-5.34515000000000e-05
-0.000129621000000000
-0.000128914000000000
-7.12294000000000e-05
-0.000111404000000000
-0.000194660000000000
-0.000155225000000000
-9.31580000000000e-05
-0.000183344000000000
-0.000266558000000000
-0.000157904000000000
-9.98448000000000e-05
-0.000320588000000000
-0.000396779000000000
0.000135843000000000
0.000941510000000000
0.00132964000000000
0.00130350000000000
0.00130028000000000
0.00129185000000000
0.000887430000000000
0.000121520000000000
-0.000472555000000000
-0.000588395000000000
-0.000288211000000000
0.000128921000000000
0.000324167000000000
3.65424000000000e-05
-0.000382662000000000
-0.000389935000000000
0.000117283000000000
0.000508711000000000
0.000459789000000000
0.000257377000000000
0.000472255000000000
0.000990732000000000
0.00127764000000000
0.000973015000000000
0.000365795000000000
-0.000116755000000000
-0.000362787000000000
-0.000499974000000000
-0.000614192000000000
-0.000645483000000000
-0.000593511000000000
-0.000564149000000000
-0.000635232000000000
-0.000691991000000000
-0.000644705000000000
-0.000610470000000000
-0.000689733000000000
-0.000751622000000000
-0.000681168000000000
-0.000642147000000000
-0.000763910000000000
-0.000825134000000000
-0.000678103000000000
-0.000652020000000000
-0.000958370000000000
-0.000937081000000000
9.83731000000000e-05
0.00164077000000000
0.00250526000000000
0.00239160000000000
0.00181058000000000
0.00100495000000000
-4.24490000000000e-05
-0.000880357000000000
-0.000855782000000000
-0.000118091000000000
0.000529800000000000
0.000694813000000000
0.000735119000000000
0.00107682000000000
0.00170921000000000
0.00200290000000000
0.00123349000000000
-0.000405216000000000
-0.00166763000000000
-0.00161526000000000
-0.000450280000000000
0.000895217000000000
0.00150217000000000
0.000932937000000000
-0.000392735000000000
-0.00117769000000000
-0.000521127000000000
0.000905147000000000
0.00171449000000000
0.00176321000000000
0.00166727000000000
0.00128135000000000
0.000105889000000000
-0.00127835000000000
-0.00186266000000000
-0.00173392000000000
-0.00159040000000000
-0.00138487000000000
-0.000687076000000000
5.35930000000000e-05
4.91130000000000e-05
-0.000617307000000000
-0.00126020000000000
-0.00167834000000000
-0.00201426000000000
-0.00193553000000000
-0.00100345000000000
0.000385670000000000
0.00126663000000000
0.00121277000000000
0.000567006000000000
-0.000158804000000000
-0.000649691000000000
-0.000687111000000000
-0.000165891000000000
0.000631724000000000
0.00109746000000000
0.00101109000000000
0.000806274000000000
0.000901503000000000
0.000955869000000000
0.000400558000000000
-0.000583730000000000
-0.00105503000000000
-0.000571243000000000
0.000285896000000000
0.000706500000000000
0.000640804000000000
0.000511804000000000
0.000516834000000000
0.000513012000000000
0.000441079000000000
0.000391614000000000
0.000386005000000000
0.000353343000000000
0.000291347000000000
0.000258199000000000
0.000243468000000000
0.000199932000000000
0.000146931000000000
0.000121848000000000
9.88660000000000e-05
4.95023000000000e-05
4.65604000000000e-06
-1.54082000000000e-05
-4.61439000000000e-05
-9.96019000000000e-05
-0.000135836000000000
-0.000151817000000000
-0.000191981000000000
-0.000248619000000000
-0.000273044000000000
-0.000286496000000000
-0.000340734000000000
-0.000397379000000000
-0.000404030000000000
-0.000420518000000000
-0.000495516000000000
-0.000543260000000000
-0.000525342000000000
-0.000557662000000000
-0.000659971000000000
-0.000682018000000000
-0.000628702000000000
-0.000698263000000000
-0.000874642000000000
-0.000819490000000000
-0.000480485000000000
-0.000307357000000000
-0.000508197000000000
-0.000535623000000000
4.75191000000000e-05
0.000758623000000000
0.000779055000000000
4.90101000000000e-05
-0.000764695000000000
-0.00117526000000000
-0.00125520000000000
-0.00108989000000000
-0.000463261000000000
0.000583795000000000
0.00150139000000000
0.00181015000000000
0.00169828000000000
0.00159226000000000
0.00159262000000000
0.00155011000000000
0.00148624000000000
0.00147310000000000
0.00143680000000000
0.00135050000000000
0.00132736000000000
0.00134222000000000
0.00125335000000000
0.00115276000000000
0.00119784000000000
0.00120748000000000
0.00102331000000000
0.000972229000000000
0.00119084000000000
0.000956584000000000
-0.000270751000000000
-0.00171535000000000
-0.00231552000000000
-0.00230109000000000
-0.00239910000000000
-0.00226351000000000
-0.00118398000000000
0.000258020000000000
0.000844280000000000
0.000573857000000000
0.000384112000000000
0.000528421000000000
0.000524271000000000
0.000331068000000000
0.000309715000000000
0.000395171000000000
0.000297091000000000
0.000159826000000000
0.000209977000000000
0.000235938000000000
7.13809000000000e-05
1.06346000000000e-06
0.000156182000000000
7.53194000000000e-05
-0.000434178000000000
-0.000796486000000000
-0.000521842000000000
-8.65283000000000e-05
-7.39334000000000e-05
-0.000314372000000000
-0.000339469000000000
-0.000246140000000000
-0.000332490000000000
-0.000475098000000000
-0.000435292000000000
-0.000409252000000000
-0.000575343000000000
-0.000553533000000000
0.000112547000000000
0.00121541000000000
0.00205948000000000
0.00211749000000000
0.00137872000000000
0.000326081000000000
-0.000293405000000000
-0.000209077000000000
-4.05873000000000e-05
-0.000452173000000000
-0.00102481000000000
-0.00102367000000000
-0.000745764000000000
-0.00124406000000000
-0.00266493000000000
-0.00389342000000000
-0.00387563000000000
-0.00268151000000000
-0.00115197000000000
-4.20032000000000e-05
0.000419689000000000
0.000419011000000000
5.30486000000000e-05
-0.000705764000000000
-0.00146345000000000
-0.00150474000000000
-0.000797272000000000
-0.000128142000000000
5.53283000000000e-05
0.000110789000000000
8.14632000000000e-05
-0.000532079000000000
-0.00146717000000000
-0.00159569000000000
-0.000768553000000000
-0.000115704000000000
-0.000170713000000000
-0.000267293000000000
-0.000161312000000000
-0.000490015000000000
-0.00134522000000000
-0.00193731000000000
-0.00201361000000000
-0.00199139000000000
-0.00182201000000000
-0.00116047000000000
-0.000475813000000000
-0.000432884000000000
-0.000698027000000000
-0.000595289000000000
-0.000460982000000000
-0.000978587000000000
-0.00187888000000000
-0.00238896000000000
-0.00240375000000000
-0.00216849000000000
-0.00156232000000000
-0.000553233000000000
0.000376247000000000
0.000761123000000000
0.000709851000000000
0.000554726000000000
0.000525292000000000
0.000626230000000000
0.000653892000000000
0.000479942000000000
0.000402008000000000
0.000668401000000000
0.000722832000000000
-8.23991000000000e-05
-0.00112990000000000
-0.00112875000000000
-0.000100845000000000
0.000653585000000000
0.000554611000000000
0.000261528000000000
0.000310043000000000
0.000445779000000000
0.000387241000000000
0.000266679000000000
0.000268401000000000
0.000346835000000000
0.000350428000000000
0.000184344000000000
9.85588000000000e-05
0.000573314000000000
0.00148496000000000
0.00180922000000000
0.00106860000000000
0.000173464000000000
3.75790000000000e-05
0.000240189000000000
0.000132093000000000
-4.65647000000000e-06
0.000158569000000000
0.000172857000000000
-0.000117748000000000
2.34252000000000e-05
0.000780341000000000
0.00118276000000000
0.000694284000000000
6.37439000000000e-05
-0.000106189000000000
-8.57925000000000e-05
-8.99432000000000e-05
2.91147000000000e-05
-3.10215000000000e-05
-0.000548603000000000
-0.000923864000000000
-0.000539037000000000
-8.46423000000000e-05
-0.000212842000000000
-7.77698000000000e-05
0.00123506000000000
0.00274530000000000
0.00308093000000000
0.00268386000000000
0.00276495000000000
0.00304407000000000
0.00240660000000000
0.000994161000000000
-0.000114326000000000
-0.000669494000000000
-0.00122163000000000
-0.00183323000000000
-0.00204597000000000
-0.00167284000000000
-0.000981659000000000
-0.000386298000000000
-0.000210463000000000
-0.000349371000000000
-0.000247990000000000
0.000399743000000000
0.00113111000000000
0.00136301000000000
0.00122770000000000
0.00118798000000000
0.00126478000000000
0.00124463000000000
0.00123420000000000
0.00128449000000000
0.000970657000000000
-3.17702000000000e-05
-0.00119862000000000
-0.00179158000000000
-0.00183344000000000
-0.00187073000000000
-0.00188966000000000
-0.00136201000000000
-0.000255134000000000
0.000740977000000000
0.00116726000000000
0.00127314000000000
0.00131078000000000
0.00105581000000000
0.000378190000000000
-0.000274637000000000
-0.000452931000000000
-0.000281003000000000
-0.000214335000000000
-0.000529472000000000
-0.00120698000000000
-0.00191517000000000
-0.00206112000000000
-0.00124935000000000
0.000138973000000000
0.00117390000000000
0.00136658000000000
0.00111289000000000
0.00116462000000000
0.00180629000000000
0.00259263000000000
0.00288061000000000
0.00269937000000000
0.00265965000000000
0.00287604000000000
0.00267751000000000
0.00183680000000000
0.00119005000000000
0.00127849000000000
0.00129807000000000
0.000499738000000000
-0.000153061000000000
0.000887215000000000
0.00349500000000000
0.00612678000000000
0.00796129000000000
0.00936009000000000
0.0105103000000000
0.0108732000000000
0.0102424000000000
0.00919292000000000
0.00834350000000000
0.00772768000000000
0.00734905000000000
0.00737691000000000
0.00763338000000000
0.00756551000000000
0.00729190000000000
0.00762338000000000
0.00865355000000000
0.00921435000000000
0.00858996000000000
0.00767767000000000
0.00765767000000000
0.00832992000000000
0.00895002000000000
0.00951654000000000
0.0102531000000000
0.0107089000000000
0.0106546000000000
0.0106432000000000
0.0106846000000000
0.00983660000000000
0.00822133000000000
0.00774554000000000
0.00966014000000000
0.0129442000000000
0.0158183000000000
0.0168399000000000
0.0140680000000000
0.00531215000000000
-0.00897288000000000
-0.0248226000000000
-0.0379054000000000
-0.0465961000000000
-0.0514691000000000
-0.0536980000000000
-0.0544710000000000
-0.0542424000000000
-0.0524099000000000
-0.0488422000000000
-0.0448216000000000
-0.0405759000000000
-0.0334519000000000
-0.0209570000000000
-0.00500210000000000
0.00926007000000000
0.0182301000000000
0.0217464000000000
0.0212842000000000
0.0185373000000000
0.0153689000000000
0.0128085000000000
0.0105060000000000
0.00788628000000000
0.00514226000000000
0.00212799000000000
-0.00200783000000000
-0.00716045000000000
-0.0115547000000000
-0.0137179000000000
-0.0139130000000000
-0.0131393000000000
-0.0121198000000000
-0.0117876000000000
-0.0130143000000000
-0.0151217000000000
-0.0155468000000000
-0.0119276000000000
-0.00431799000000000
0.00475077000000000
0.0119212000000000
0.0149267000000000
0.0137401000000000
0.0105596000000000
0.00820705000000000
0.00844566000000000
0.0113840000000000
0.0156890000000000
0.0189881000000000
0.0190988000000000
0.0158569000000000
0.0112547000000000
0.00730761000000000
0.00442972000000000
0.00253455000000000
0.00205012000000000
0.00261435000000000
0.00226665000000000
9.81231000000000e-05
-0.00158283000000000
1.52768000000000e-05
0.00423447000000000
0.00798915000000000
0.00929151000000000
0.00752193000000000
0.00210477000000000
-0.00585173000000000
-0.0122005000000000
-0.0131343000000000
-0.00924436000000000
-0.00403015000000000
0.000294505000000000
0.00350657000000000
0.00541252000000000
0.00559505000000000
0.00436892000000000
0.00225958000000000
-0.000798987000000000
-0.00461203000000000
-0.00811632000000000
-0.0102860000000000
-0.0109718000000000
-0.0102802000000000
-0.00830849000000000
-0.00549825000000000
-0.00252577000000000
0.000596661000000000
0.00417582000000000
0.00793343000000000
0.0109503000000000
0.0129307000000000
0.0144438000000000
0.0159090000000000
0.0166741000000000
0.0158690000000000
0.0136058000000000
0.0108939000000000
0.00853853000000000
0.00668623000000000
0.00546174000000000
0.00480642000000000
0.00373353000000000
0.000761766000000000
-0.00382341000000000
-0.00777055000000000
-0.00926436000000000
-0.00882357000000000
-0.00762052000000000
-0.00575386000000000
-0.00322774000000000
-0.00111347000000000
0.000182387000000000
0.00197503000000000
0.00497231000000000
0.00794200000000000
0.0101431000000000
0.0122434000000000
0.0131843000000000
0.00909933000000000
-0.00143352000000000
-0.0136093000000000
-0.0209055000000000
-0.0220286000000000
-0.0203797000000000
-0.0187388000000000
-0.0171456000000000
-0.0145681000000000
-0.0104110000000000
-0.00517127000000000
-0.000692562000000000
0.00104331000000000
-0.000238610000000000
-0.00288640000000000
-0.00506782000000000
-0.00579030000000000
-0.00457789000000000
-0.00147745000000000
0.00234817000000000
0.00527357000000000
0.00660936000000000
0.00694584000000000
0.00736691000000000
0.00857711000000000
0.0104181000000000
0.0117105000000000
0.0112833000000000
0.00933294000000000
0.00738191000000000
0.00621872000000000
0.00496230000000000
0.00238403000000000
-0.00138108000000000
-0.00538973000000000
-0.00912719000000000
-0.0121355000000000
-0.0128171000000000
-0.00955226000000000
-0.00296241000000000
0.00417018000000000
0.00924864000000000
0.0112833000000000
0.0105639000000000
0.00829349000000000
0.00619751000000000
0.00544560000000000
0.00554068000000000
0.00493866000000000
0.00264929000000000
-0.000938652000000000
-0.00456367000000000
-0.00712080000000000
-0.00818347000000000
-0.00798558000000000
-0.00686161000000000
-0.00499552000000000
-0.00246954000000000
0.000405880000000000
0.00314958000000000
0.00547317000000000
0.00768910000000000
0.0101874000000000
0.0121605000000000
0.0115126000000000
0.00716116000000000
0.000481257000000000
-0.00622187000000000
-0.0116176000000000
-0.0145245000000000
-0.0135422000000000
-0.00916434000000000
-0.00436078000000000
-0.00114511000000000
0.00165605000000000
0.00532551000000000
0.00848780000000000
0.00946296000000000
0.00928293000000000
0.00975658000000000
0.0106782000000000
0.0109589000000000
0.0107589000000000
0.0106610000000000
0.0103567000000000
0.00940653000000000
0.00803273000000000
0.00644040000000000
0.00465940000000000
0.00306557000000000
0.00181487000000000
0.000156197000000000
-0.00233559000000000
-0.00465890000000000
-0.00588624000000000
-0.00664279000000000
-0.00777698000000000
-0.00869641000000000
-0.00869641000000000
-0.00840493000000000
-0.00869355000000000
-0.00916792000000000
-0.00925221000000000
-0.00920078000000000
-0.00916506000000000
-0.00842065000000000
-0.00656321000000000
-0.00436557000000000
-0.00271037000000000
-0.00179529000000000
-0.00164291000000000
-0.00249848000000000
-0.00423976000000000
-0.00626280000000000
-0.00801630000000000
-0.00916434000000000
-0.00924293000000000
-0.00793271000000000
-0.00555483000000000
-0.00292690000000000
-0.000735334000000000
0.000477577000000000
0.000418146000000000
-0.000652713000000000
-0.00197468000000000
-0.00290104000000000
-0.00286318000000000
-0.00100731000000000
0.00304692000000000
0.00806202000000000
0.0116762000000000
0.0122999000000000
0.00996590000000000
0.00589931000000000
0.00190924000000000
-0.000392121000000000
-0.000997019000000000
-0.00149610000000000
-0.00283932000000000
-0.00410009000000000
-0.00435428000000000
-0.00420911000000000
-0.00438614000000000
-0.00422011000000000
-0.00312072000000000
-0.00208091000000000
-0.00222165000000000
-0.00278595000000000
-0.00219528000000000
-0.000167020000000000
0.00228051000000000
0.00411252000000000
0.00501889000000000
0.00524235000000000
0.00513269000000000
0.00458660000000000
0.00319002000000000
0.00111754000000000
-0.000595282000000000
-0.00118433000000000
-0.00101938000000000
-0.000602498000000000
0.000406166000000000
0.00240775000000000
0.00485650000000000
0.00680996000000000
0.00794343000000000
0.00843137000000000
0.00836707000000000
0.00784270000000000
0.00721974000000000
0.00667115000000000
0.00569821000000000
0.00384169000000000
0.00170378000000000
0.000485500000000000
0.000473298000000000
0.000738405000000000
0.000542267000000000
0.000311479000000000
0.000834492000000000
0.00201690000000000
0.00318566000000000
0.00413317000000000
0.00497095000000000
0.00537473000000000
0.00475213000000000
0.00303664000000000
0.000686633000000000
-0.00145952000000000
-0.00259113000000000
-0.00256527000000000
-0.00228201000000000
-0.00247697000000000
-0.00270330000000000
-0.00230602000000000
-0.00208955000000000
-0.00317466000000000
-0.00485436000000000
-0.00557426000000000
-0.00576608000000000
-0.00694270000000000
-0.00859282000000000
-0.00863783000000000
-0.00697542000000000
-0.00562848000000000
-0.00530115000000000
-0.00459160000000000
-0.00304078000000000
-0.00208627000000000
-0.00235138000000000
-0.00271901000000000
-0.00240568000000000
-0.00177450000000000
-0.000688583000000000
0.00138394000000000
0.00379969000000000
0.00497952000000000
0.00476334000000000
0.00427998000000000
0.00380926000000000
0.00270965000000000
0.00143559000000000
0.00128949000000000
0.00206919000000000
0.00226115000000000
0.00125092000000000
-0.000137101000000000
-0.00127878000000000
-0.00212092000000000
-0.00252927000000000
-0.00237789000000000
-0.00215742000000000
-0.00237231000000000
-0.00254541000000000
-0.00185009000000000
-0.000296891000000000
0.00127456000000000
0.00220643000000000
0.00222465000000000
0.00154175000000000
0.000830063000000000
0.000675395000000000
0.000818490000000000
0.000753408000000000
0.000829420000000000
0.00182251000000000
0.00342734000000000
0.00423540000000000
0.00344163000000000
0.00160197000000000
-0.000518005000000000
-0.00269308000000000
-0.00472598000000000
-0.00601412000000000
-0.00639825000000000
-0.00638103000000000
-0.00646483000000000
-0.00661029000000000
-0.00686147000000000
-0.00742478000000000
-0.00813060000000000
-0.00845851000000000
-0.00841851000000000
-0.00844923000000000
-0.00836707000000000
-0.00734405000000000
-0.00504825000000000
-0.00224086000000000
-7.86056000000000e-07
0.00102652000000000
0.000961727000000000
0.000630624000000000
0.00115569000000000
0.00294162000000000
0.00530043000000000
0.00738691000000000
0.00896931000000000
0.0100188000000000
0.0103395000000000
0.0101188000000000
0.00999805000000000
0.0102638000000000
0.0103574000000000
0.00966514000000000
0.00839279000000000
0.00716259000000000
0.00611649000000000
0.00491380000000000
0.00346520000000000
0.00206619000000000
0.00114811000000000
0.000816632000000000
0.000859211000000000
0.000964228000000000
0.000977230000000000
0.000905147000000000
0.000880143000000000
0.000947154000000000
0.000958370000000000
0.000910005000000000
0.000960156000000000
0.000808560000000000
-0.000338948000000000
-0.00249469000000000
-0.00439471000000000
-0.00508382000000000
-0.00515955000000000
-0.00542474000000000
-0.00538773000000000
-0.00442307000000000
-0.00323895000000000
-0.00254005000000000
-0.00153975000000000
0.000524271000000000
0.00269937000000000
0.00400629000000000
0.00503410000000000
0.00646676000000000
0.00730261000000000
0.00653399000000000
0.00480985000000000
0.00336983000000000
0.00232123000000000
0.00135150000000000
0.000514998000000000
-0.000255177000000000
-0.00123820000000000
-0.00205162000000000
-0.00191803000000000
-0.00104345000000000
-0.000448087000000000
-0.000352129000000000
1.20362000000000e-07
0.000804488000000000
0.00128221000000000
0.00106639000000000
0.000789271000000000
0.000986446000000000
0.00131314000000000
0.00112168000000000
0.000287339000000000
-0.00107825000000000
-0.00282096000000000
-0.00438971000000000
-0.00485907000000000
-0.00414739000000000
-0.00322667000000000
-0.00259471000000000
-0.00169928000000000
-0.000327775000000000
0.000729618000000000
0.00110125000000000
0.00125192000000000
0.00113633000000000
0.000154532000000000
-0.00124034000000000
-0.00185109000000000
-0.00196610000000000
-0.00289454000000000
-0.00449123000000000
-0.00525528000000000
-0.00510440000000000
-0.00533215000000000
-0.00614135000000000
-0.00634253000000000
-0.00558984000000000
-0.00461089000000000
-0.00369646000000000
-0.00264707000000000
-0.00172028000000000
-0.00120234000000000
-0.000749979000000000
-0.000270758000000000
-0.000433913000000000
-0.00156811000000000
-0.00275488000000000
-0.00304821000000000
-0.00261864000000000
-0.00212935000000000
-0.00151246000000000
-0.000371475000000000
0.00112082000000000
0.00238746000000000
0.00335840000000000
0.00451337000000000
0.00602441000000000
0.00727832000000000
0.00763338000000000
0.00725689000000000
0.00663658000000000
0.00577186000000000
0.00432292000000000
0.00237238000000000
0.000230759000000000
-0.00201211000000000
-0.00428048000000000
-0.00599240000000000
-0.00658935000000000
-0.00634417000000000
-0.00610006000000000
-0.00630102000000000
-0.00648548000000000
-0.00586467000000000
-0.00441693000000000
-0.00319073000000000
-0.00298227000000000
-0.00326560000000000
-0.00316730000000000
-0.00292133000000000
-0.00320323000000000
-0.00343020000000000
-0.00249240000000000
-0.000785842000000000
0.000160547000000000
9.55441000000000e-05
-2.06669000000000e-05
9.15934000000000e-05
-4.66240000000000e-05
-2.61635000000000e-05
0.00100159000000000
0.00261650000000000
0.00345842000000000
0.00329275000000000
0.00303228000000000
0.00315151000000000
0.00332804000000000
0.00333833000000000
0.00301699000000000
0.00200382000000000
0.000525571000000000
-0.000182287000000000
0.000723617000000000
0.00264779000000000
0.00449351000000000
0.00586459000000000
0.00662565000000000
0.00655285000000000
0.00608349000000000
0.00642690000000000
0.00792771000000000
0.00926793000000000
0.00913648000000000
0.00783056000000000
0.00636410000000000
0.00507804000000000
0.00395921000000000
0.00325674000000000
0.00288147000000000
0.00212163000000000
0.000745264000000000
-0.000587538000000000
-0.00152810000000000
-0.00268422000000000
-0.00423104000000000
-0.00528250000000000
-0.00547525000000000
-0.00591339000000000
-0.00734691000000000
-0.00876499000000000
-0.00900075000000000
-0.00851710000000000
-0.00806131000000000
-0.00689976000000000
-0.00396957000000000
-8.40493000000000e-05
0.00293490000000000
0.00448187000000000
0.00519363000000000
0.00524521000000000
0.00427062000000000
0.00230102000000000
-0.000119862000000000
-0.00266765000000000
-0.00496380000000000
-0.00653599000000000
-0.00722331000000000
-0.00739334000000000
-0.00699335000000000
-0.00570300000000000
-0.00395100000000000
-0.00271830000000000
-0.00214099000000000
-0.00158411000000000
-0.00100295000000000
-0.000848209000000000
-0.000853781000000000
-0.000232795000000000
0.00106346000000000
0.00245490000000000
0.00375418000000000
0.00494323000000000
0.00557355000000000
0.00545153000000000
0.00521327000000000
0.00536023000000000
0.00550554000000000
0.00533515000000000
0.00530629000000000
0.00559184000000000
0.00534151000000000
0.00403458000000000
0.00259685000000000
0.00213642000000000
0.00239482000000000
0.00248547000000000
0.00231373000000000
0.00233238000000000
0.00249255000000000
0.00243747000000000
0.00229437000000000
0.00244661000000000
0.00264493000000000
0.00216507000000000
0.000757694000000000
-0.00112361000000000
-0.00307900000000000
-0.00494616000000000
-0.00638425000000000
-0.00694213000000000
-0.00677510000000000
-0.00657857000000000
-0.00676181000000000
-0.00691776000000000
-0.00638389000000000
-0.00507261000000000
-0.00364281000000000
-0.00264650000000000
-0.00194203000000000
-0.00101938000000000
8.99074000000000e-05
0.000863497000000000
0.00106046000000000
0.00108768000000000
0.00119755000000000
0.00109675000000000
0.000599997000000000
-3.87977000000000e-05
-0.000676217000000000
-0.00140830000000000
-0.00195332000000000
-0.00194946000000000
-0.00175114000000000
-0.00206198000000000
-0.00280288000000000
-0.00331325000000000
-0.00343077000000000
-0.00347399000000000
-0.00343220000000000
-0.00307307000000000
-0.00253141000000000
-0.00200247000000000
-0.00126349000000000
-0.000113804000000000
0.00115333000000000
0.00224594000000000
0.00316666000000000
0.00394028000000000
0.00441707000000000
0.00453881000000000
0.00437207000000000
0.00421118000000000
0.00439807000000000
0.00460332000000000
0.00386984000000000
0.00219021000000000
0.00114890000000000
0.00170156000000000
0.00260828000000000
0.00241475000000000
0.00167027000000000
0.00140680000000000
0.00109682000000000
-5.32343000000000e-05
-0.00136222000000000
-0.00188223000000000
-0.00191481000000000
-0.00179236000000000
-0.00101716000000000
0.000468640000000000
0.00156811000000000
0.00174307000000000
0.00141259000000000
0.000732547000000000
-0.000559455000000000
-0.00179193000000000
-0.00200861000000000
-0.00152439000000000
-0.00145038000000000
-0.00180215000000000
-0.00178415000000000
-0.00145338000000000
-0.00155797000000000
-0.00191717000000000
-0.00150553000000000
-0.000135451000000000
0.00119041000000000
0.00166306000000000
0.00147903000000000
0.00129764000000000
0.00169992000000000
0.00289740000000000
0.00432677000000000
0.00493766000000000
0.00452995000000000
0.00424919000000000
0.00498874000000000
0.00601755000000000
0.00609277000000000
0.00537023000000000
0.00488008000000000
0.00464554000000000
0.00385934000000000
0.00242689000000000
0.00100566000000000
-0.000209805000000000
-0.00125470000000000
-0.00179601000000000
-0.00168227000000000
-0.00158597000000000
-0.00218314000000000
-0.00328753000000000
-0.00427098000000000
-0.00477956000000000
-0.00482928000000000
-0.00466754000000000
-0.00468276000000000
-0.00496302000000000
-0.00491044000000000
-0.00401122000000000
-0.00260056000000000
-0.00139651000000000
-0.000450845000000000
0.000509283000000000
0.00134479000000000
0.00161526000000000
0.00134336000000000
0.00111039000000000
0.00131421000000000
0.00160283000000000
0.00134765000000000
0.000519999000000000
-0.000414546000000000
-0.00138180000000000
-0.00266193000000000
-0.00405194000000000
-0.00485100000000000
-0.00498638000000000
-0.00501388000000000
-0.00494616000000000
-0.00420361000000000
-0.00278781000000000
-0.00140323000000000
-0.000296262000000000
0.000708686000000000
0.00141073000000000
0.00144881000000000
0.00115333000000000
0.00112768000000000
0.00131779000000000
0.00131007000000000
0.00115304000000000
0.00116790000000000
0.00131557000000000
0.00130593000000000
0.000977444000000000
0.000313858000000000
-0.000386684000000000
-0.000494859000000000
0.000218007000000000
0.00104867000000000
0.00121563000000000
0.00102760000000000
0.00134700000000000
0.00235874000000000
0.00342434000000000
0.00405223000000000
0.00421626000000000
0.00415210000000000
0.00408795000000000
0.00416718000000000
0.00420475000000000
0.00385084000000000
0.00310293000000000
0.00248097000000000
0.00237653000000000
0.00260835000000000
0.00263221000000000
0.00216649000000000
0.00142880000000000
0.000809631000000000
0.000338862000000000
-0.000247304000000000
-0.00102767000000000
-0.00179436000000000
-0.00217750000000000
-0.00190224000000000
-0.00107996000000000
-0.000444186000000000
-0.000587938000000000
-0.00108082000000000
-0.000862211000000000
0.000164062000000000
0.000979873000000000
0.00108539000000000
0.00125749000000000
0.00211734000000000
0.00325689000000000
0.00416203000000000
0.00473277000000000
0.00476820000000000
0.00420097000000000
0.00369067000000000
0.00370853000000000
0.00360216000000000
0.00264686000000000
0.00126049000000000
0.000174543000000000
-0.000746478000000000
-0.00173528000000000
-0.00241954000000000
-0.00257006000000000
-0.00271894000000000
-0.00293826000000000
-0.00266908000000000
-0.00200197000000000
-0.00178936000000000
-0.00204855000000000
-0.00214020000000000
-0.00219436000000000
-0.00267943000000000
-0.00306857000000000
-0.00252670000000000
-0.00150517000000000
-0.00119827000000000
-0.00179808000000000
-0.00250312000000000
-0.00288940000000000
-0.00323367000000000
-0.00379133000000000
-0.00452881000000000
-0.00524085000000000
-0.00568899000000000
-0.00592746000000000
-0.00619600000000000
-0.00620343000000000
-0.00536308000000000
-0.00399372000000000
-0.00321902000000000
-0.00306614000000000
-0.00235803000000000
-0.000779841000000000
0.000340984000000000
0.000243947000000000
-0.000207641000000000
-0.000109982000000000
0.000121855000000000
-3.97179000000000e-05
-0.000113976000000000
0.000594168000000000
0.00178579000000000
0.00266400000000000
0.00295855000000000
0.00298220000000000
0.00295891000000000
0.00290054000000000
0.00284275000000000
0.00287361000000000
0.00294269000000000
0.00288125000000000
0.00260549000000000
0.00200754000000000
0.00100988000000000
-9.33509000000000e-05
-0.000562527000000000
-0.000204647000000000
-3.01020000000000e-05
-0.00105967000000000
-0.00277374000000000
-0.00372539000000000
-0.00362559000000000
-0.00337426000000000
-0.00349364000000000
-0.00361873000000000
-0.00354986000000000
-0.00352071000000000
-0.00359701000000000
-0.00359665000000000
-0.00357015000000000
-0.00367181000000000
-0.00361301000000000
-0.00292626000000000
-0.00161283000000000
-0.000228366000000000
0.000685347000000000
0.000961870000000000
0.000927508000000000
0.000987803000000000
0.00103831000000000
0.000605012000000000
-0.000282646000000000
-0.000851067000000000
-0.000588424000000000
0.000128285000000000
0.000721474000000000
0.00124356000000000
0.00195332000000000
0.00253041000000000
0.00253184000000000
0.00220950000000000
0.00222072000000000
0.00254041000000000
0.00241625000000000
0.00144345000000000
0.000162291000000000
-0.000658850000000000
-0.000981659000000000
-0.00116376000000000
-0.00132236000000000
-0.00140587000000000
-0.00166020000000000
-0.00217378000000000
-0.00256792000000000
-0.00249369000000000
-0.00228558000000000
-0.00243454000000000
-0.00263957000000000
-0.00218793000000000
-0.00121834000000000
-0.000716545000000000
-0.000987446000000000
-0.00118591000000000
-0.000627495000000000
0.000236717000000000
0.000624623000000000
0.000559448000000000
0.000506039000000000
0.000526750000000000
0.000440321000000000
0.000487679000000000
0.000972086000000000
0.00170699000000000
0.00230073000000000
0.00289576000000000
0.00378933000000000
0.00476399000000000
0.00520720000000000
0.00507182000000000
0.00490444000000000
0.00505275000000000
0.00512112000000000
0.00457417000000000
0.00348842000000000
0.00250091000000000
0.00203576000000000
0.00185430000000000
0.00148010000000000
0.000783413000000000
1.02059000000000e-05
-0.000642797000000000
-0.00109118000000000
-0.00129207000000000
-0.00126156000000000
-0.00118026000000000
-0.00120291000000000
-0.00127692000000000
-0.00126628000000000
-0.00121234000000000
-0.00124342000000000
-0.00130778000000000
-0.00128035000000000
-0.00122977000000000
-0.00128385000000000
-0.00134929000000000
-0.00128235000000000
-0.00122163000000000
-0.00137930000000000
-0.00146752000000000
-0.000860640000000000
0.000477792000000000
0.00166348000000000
0.00195589000000000
0.00167599000000000
0.00159804000000000
0.00179551000000000
0.00179858000000000
0.00159897000000000
0.00162341000000000
0.00182144000000000
0.00173935000000000
0.00147124000000000
0.00162648000000000
0.00214992000000000
0.00231095000000000
0.00193574000000000
0.00176421000000000
0.00205912000000000
0.00220764000000000
0.00185573000000000
0.00151017000000000
0.00153768000000000
0.00165377000000000
0.00159512000000000
0.00158169000000000
0.00164098000000000
0.00130707000000000
0.000404866000000000
-0.000277902000000000
5.91274000000000e-05
0.00108025000000000
0.00165891000000000
0.00147931000000000
0.00132457000000000
0.00169985000000000
0.00179050000000000
0.000742192000000000
-0.000897288000000000
-0.00181151000000000
-0.00177300000000000
-0.00153325000000000
-0.00156125000000000
-0.00167013000000000
-0.00169106000000000
-0.00164155000000000
-0.00159790000000000
-0.00165655000000000
-0.00177264000000000
-0.00167084000000000
-0.00145945000000000
-0.00191395000000000
-0.00331768000000000
-0.00463361000000000
-0.00493194000000000
-0.00475556000000000
-0.00488351000000000
-0.00479221000000000
-0.00372668000000000
-0.00228937000000000
-0.00162112000000000
-0.00172492000000000
-0.00175143000000000
-0.00115090000000000
-3.34276000000000e-05
0.00103760000000000
0.00134915000000000
0.00110246000000000
0.00150867000000000
0.00301585000000000
0.00432520000000000
0.00444879000000000
0.00421783000000000
0.00446380000000000
0.00432920000000000
0.00303985000000000
0.00164191000000000
0.00124063000000000
0.00103595000000000
-9.17292000000000e-05
-0.00156697000000000
-0.00219850000000000
-0.00195417000000000
-0.00138172000000000
-0.000561970000000000
0.000440357000000000
0.00114011000000000
0.00125549000000000
0.00111025000000000
0.00105674000000000
0.00111882000000000
0.00120655000000000
0.00114976000000000
0.000735548000000000
9.55298000000000e-06
-0.000707808000000000
-0.00132879000000000
-0.00187345000000000
-0.00214842000000000
-0.00203897000000000
-0.00197282000000000
-0.00231087000000000
-0.00269822000000000
-0.00259263000000000
-0.00217985000000000
-0.00199697000000000
-0.00211020000000000
-0.00219650000000000
-0.00214721000000000
-0.00209920000000000
-0.00214249000000000
-0.00221965000000000
-0.00221400000000000
-0.00208791000000000
-0.00209320000000000
-0.00255691000000000
-0.00335883000000000
-0.00388856000000000
-0.00387663000000000
-0.00368660000000000
-0.00371432000000000
-0.00386656000000000
-0.00386463000000000
-0.00362545000000000
-0.00312358000000000
-0.00218936000000000
-0.000805416000000000
0.000580658000000000
0.00152518000000000
0.00219493000000000
0.00310215000000000
0.00425955000000000
0.00509561000000000
0.00532822000000000
0.00551118000000000
0.00618700000000000
0.00687747000000000
0.00668766000000000
0.00571628000000000
0.00504782000000000
0.00519741000000000
0.00554833000000000
0.00536530000000000
0.00478928000000000
0.00425105000000000
0.00364288000000000
0.00258020000000000
0.00132550000000000
0.000581666000000000
0.000524614000000000
0.000675424000000000
0.000668058000000000
0.000586031000000000
0.000583880000000000
0.000642640000000000
0.000655821000000000
0.000490722000000000
-9.72658000000000e-05
-0.00114361000000000
-0.00218171000000000
-0.00262271000000000
-0.00253048000000000
-0.00243118000000000
-0.00253205000000000
-0.00257763000000000
-0.00248676000000000
-0.00247862000000000
-0.00258135000000000
-0.00257320000000000
-0.00247319000000000
-0.00251669000000000
-0.00263100000000000
-0.00255456000000000
-0.00242975000000000
-0.00260485000000000
-0.00278895000000000
-0.00222822000000000
-0.000868284000000000
0.000354608000000000
0.000719688000000000
0.000512483000000000
0.000391678000000000
0.000510033000000000
0.000583652000000000
0.000482614000000000
0.000408166000000000
0.000508304000000000
0.000596540000000000
0.000452723000000000
0.000286882000000000
0.000644940000000000
0.00173250000000000
0.00303435000000000
0.00376297000000000
0.00366674000000000
0.00334619000000000
0.00365916000000000
0.00464204000000000
0.00532072000000000
0.00501653000000000
0.00425719000000000
0.00385777000000000
0.00366752000000000
0.00304785000000000
0.00202704000000000
0.000990161000000000
-0.000161819000000000
-0.00141966000000000
-0.00202211000000000
-0.00159433000000000
-0.000978159000000000
-0.000903289000000000
-0.00101324000000000
-0.000987017000000000
-0.00130700000000000
-0.00214228000000000
-0.00272194000000000
-0.00262607000000000
-0.00240346000000000
-0.00248590000000000
-0.00257449000000000
-0.00249005000000000
-0.00245154000000000
-0.00249019000000000
-0.00246776000000000
-0.00248383000000000
-0.00249005000000000
-0.00200833000000000
-0.000925507000000000
4.72748000000000e-05
0.000489086000000000
0.00102295000000000
0.00225122000000000
0.00359101000000000
0.00411903000000000
0.00380247000000000
0.00327567000000000
0.00278302000000000
0.00214585000000000
0.00139051000000000
0.000896360000000000
0.000770839000000000
0.000729475000000000
0.000676610000000000
0.000818347000000000
0.000954941000000000
0.000525135000000000
-0.000385491000000000
-0.000803345000000000
-0.000234324000000000
0.000620536000000000
0.000945010000000000
0.000907290000000000
0.000831563000000000
0.000447237000000000
-0.000352879000000000
-0.000869641000000000
-0.000716902000000000
-0.000489179000000000
-0.000683868000000000
-0.000790200000000000
-0.000360644000000000
6.48755000000000e-05
-0.000135308000000000
-0.000577644000000000
-0.000661357000000000
-0.000529529000000000
-0.000552654000000000
-0.000603212000000000
-0.000537259000000000
-0.000541452000000000
-0.000504475000000000
5.48482000000000e-05
0.000985731000000000
0.00130907000000000
0.000642533000000000
-0.000224801000000000
-0.000535065000000000
-0.000504853000000000
-0.000478585000000000
-0.000383626000000000
-0.000382433000000000
-0.000936366000000000
-0.00177943000000000
-0.00204597000000000
-0.00183887000000000
-0.00216414000000000
-0.00317716000000000
-0.00373282000000000
-0.00325460000000000
-0.00247562000000000
-0.00201383000000000
-0.00148860000000000
-0.000663565000000000
-0.000136551000000000
-0.000227215000000000
-0.000410431000000000
-0.000285861000000000
-0.000174243000000000
-0.000287711000000000
-0.000330797000000000
-0.000187330000000000
-0.000170478000000000
-0.000308679000000000
-0.000229980000000000
-4.55881000000000e-05
-0.000367652000000000
-0.00120848000000000
-0.00176914000000000
-0.00169135000000000
-0.00159376000000000
-0.00195203000000000
-0.00232002000000000
-0.00213649000000000
-0.00168213000000000
-0.00152353000000000
-0.00165520000000000
-0.00168863000000000
-0.00157854000000000
-0.00155418000000000
-0.00162969000000000
-0.00161912000000000
-0.00152918000000000
-0.00152982000000000
-0.00159497000000000
-0.00155940000000000
-0.00147217000000000
-0.00149960000000000
-0.00155940000000000
-0.00149317000000000
-0.00144209000000000
-0.00146788000000000
-0.00107932000000000
5.47703000000000e-05
0.00123563000000000
0.00160476000000000
0.00151675000000000
0.00184601000000000
0.00234038000000000
0.00216135000000000
0.00171799000000000
0.00209441000000000
0.00293276000000000
0.00287404000000000
0.00197839000000000
0.00158233000000000
0.00183415000000000
0.00156447000000000
0.000562077000000000
-5.39173000000000e-06
0.000256556000000000
0.000452245000000000
0.000192488000000000
0.000244154000000000
0.000836779000000000
0.00106553000000000
0.000479671000000000
5.99204000000000e-05
0.000690341000000000
0.00174757000000000
0.00192996000000000
0.00111854000000000
0.000376282000000000
0.000362337000000000
0.000451545000000000
-0.000106760000000000
-0.000970157000000000
-0.00127856000000000
-0.00105996000000000
-0.00100638000000000
-0.00119777000000000
-0.00110354000000000
-0.000877928000000000
-0.00129414000000000
-0.00228066000000000
-0.00268415000000000
-0.00203076000000000
-0.00118276000000000
-0.000936152000000000
-0.00101195000000000
-0.000990518000000000
-0.00100502000000000
-0.00107953000000000
-0.000778698000000000
-2.54348000000000e-05
0.000585802000000000
0.000695606000000000
0.000594832000000000
0.000596632000000000
0.000649805000000000
0.000667808000000000
0.000671030000000000
0.000659557000000000
0.000661493000000000
0.000723546000000000
0.000751336000000000
0.000671902000000000
0.000667694000000000
0.000846352000000000
0.000865998000000000
0.000428677000000000
-0.000201447000000000
-0.000621186000000000
-0.000929436000000000
-0.00138451000000000
-0.00192717000000000
-0.00234295000000000
-0.00250698000000000
-0.00213213000000000
-0.00104417000000000
0.000297055000000000
0.00108418000000000
0.00114083000000000
0.000817561000000000
0.000353700000000000
-0.000216964000000000
-0.000662557000000000
-0.000792343000000000
-0.000603434000000000
-0.000128799000000000
0.000614885000000000
0.00116555000000000
0.000925079000000000
-6.58157000000000e-06
-0.000701757000000000
-0.000531208000000000
0.000209891000000000
0.000854853000000000
0.00111682000000000
0.00111818000000000
0.00106167000000000
0.00106403000000000
0.00110789000000000
0.00112347000000000
0.00110675000000000
0.00111568000000000
0.00114611000000000
0.00115069000000000
0.00114397000000000
0.00116097000000000
0.00117848000000000
0.00117083000000000
0.00116569000000000
0.00117905000000000
0.00118276000000000
0.00117233000000000
0.00117641000000000
0.00118934000000000
0.00118333000000000
0.00117455000000000
0.00118776000000000
0.00119627000000000
0.00118048000000000
0.00117812000000000
0.00120055000000000
0.00119884000000000
0.00117376000000000
0.00118505000000000
0.00121463000000000
0.00119384000000000
0.00116390000000000
0.00119919000000000
0.00122820000000000
0.00117669000000000
0.00115454000000000
0.00122727000000000
0.00123499000000000
0.00113168000000000
0.00116290000000000
0.00132943000000000
0.00113518000000000
0.000353564000000000
-0.000316701000000000
-8.65569000000000e-05
0.000798987000000000
0.00137365000000000
0.00128892000000000
0.00106224000000000
0.00114454000000000
0.00130657000000000
0.00121048000000000
0.00104746000000000
0.00120255000000000
0.00141351000000000
0.000909933000000000
-0.000432306000000000
-0.00169049000000000
-0.00207477000000000
-0.00189495000000000
-0.00183230000000000
-0.00193324000000000
-0.00191631000000000
-0.00185866000000000
-0.00191731000000000
-0.00193681000000000
-0.00184687000000000
-0.00189574000000000
-0.00203290000000000
-0.00177629000000000
-0.00105881000000000
-0.000462568000000000
-0.000316451000000000
-0.000357208000000000
-0.000392156000000000
-0.000490801000000000
-0.000424826000000000
1.32936000000000e-05
0.000334361000000000
-1.80986000000000e-05
-0.000405944000000000
0.000131693000000000
0.00119341000000000
0.00137229000000000
0.000473727000000000
-0.000192824000000000
0.000215321000000000
0.000952369000000000
0.00115004000000000
0.00101002000000000
0.00102195000000000
0.00107946000000000
0.00100002000000000
0.000971086000000000
0.00105846000000000
0.00103217000000000
0.000918077000000000
0.000983302000000000
0.00108489000000000
0.000903361000000000
0.000830920000000000
0.00148660000000000
0.00238682000000000
0.00238903000000000
0.00153103000000000
0.000933366000000000
0.000845280000000000
0.000433177000000000
-0.000429291000000000
-0.000853138000000000
-0.000631888000000000
-0.000529657000000000
-0.000761909000000000
-0.000724046000000000
-0.000502096000000000
-0.000911576000000000
-0.00187923000000000
-0.00234174000000000
-0.00214628000000000
-0.00231623000000000
-0.00322788000000000
-0.00384841000000000
-0.00344970000000000
-0.00271280000000000
-0.00258821000000000
-0.00283782000000000
-0.00268515000000000
-0.00218414000000000
-0.00207834000000000
-0.00251169000000000
-0.00262235000000000
-0.00172942000000000
-0.000299977000000000
0.000658635000000000
0.000912719000000000
0.000819490000000000
0.000481199000000000
-0.000182887000000000
-0.000811489000000000
-0.000945796000000000
-0.000674145000000000
-0.000356101000000000
-4.61075000000000e-05
0.000339241000000000
0.000602062000000000
0.000662958000000000
0.000859139000000000
0.00139208000000000
0.00203904000000000
0.00268272000000000
0.00342134000000000
0.00392299000000000
0.00367667000000000
0.00284810000000000
0.00222272000000000
0.00211577000000000
0.00219743000000000
0.00223829000000000
0.00222200000000000
0.00191495000000000
0.00118212000000000
0.000514412000000000
0.000444222000000000
0.000877214000000000
0.00144431000000000
0.00200475000000000
0.00236503000000000
0.00214813000000000
0.00141580000000000
0.000777555000000000
0.000562320000000000
0.000526421000000000
0.000562170000000000
0.000694870000000000
0.000508368000000000
-0.000336555000000000
-0.00105967000000000
-0.000661614000000000
0.000381155000000000
0.000615235000000000
-0.000205383000000000
-0.000977730000000000
-0.00107353000000000
-0.000958941000000000
-0.000999734000000000
-0.00102152000000000
-0.000983731000000000
-0.00106710000000000
-0.00105681000000000
-0.000572550000000000
0.000205633000000000
0.000662765000000000
0.000610156000000000
0.000408795000000000
0.000424140000000000
0.000615986000000000
0.000625023000000000
0.000188302000000000
-0.000480078000000000
-0.000927007000000000
-0.00117976000000000
-0.00165155000000000
-0.00234352000000000
-0.00273180000000000
-0.00265050000000000
-0.00251205000000000
-0.00258306000000000
-0.00265400000000000
-0.00259106000000000
-0.00255977000000000
-0.00261842000000000
-0.00262393000000000
-0.00257813000000000
-0.00259564000000000
-0.00262664000000000
-0.00259335000000000
-0.00258292000000000
-0.00262864000000000
-0.00261378000000000
-0.00255399000000000
-0.00260985000000000
-0.00270801000000000
-0.00250934000000000
-0.00197761000000000
-0.00149660000000000
-0.00145681000000000
-0.00183251000000000
-0.00237710000000000
-0.00267915000000000
-0.00245804000000000
-0.00182851000000000
-0.00117098000000000
-0.000557169000000000
0.000131643000000000
0.000633874000000000
0.000617064000000000
0.000369138000000000
0.000448687000000000
0.000669930000000000
0.000471419000000000
0.000226465000000000
0.000923936000000000
0.00246976000000000
0.00358872000000000
0.00372167000000000
0.00354172000000000
0.00358594000000000
0.00363630000000000
0.00357222000000000
0.00359465000000000
0.00365352000000000
0.00357879000000000
0.00354972000000000
0.00367795000000000
0.00365366000000000
0.00347042000000000
0.00363366000000000
0.00389027000000000
0.00315501000000000
0.00144023000000000
0.000446751000000000
0.00100295000000000
0.00177636000000000
0.00143195000000000
0.000596097000000000
0.000364938000000000
0.000590524000000000
0.000615000000000000
0.000491808000000000
0.000515448000000000
0.000576979000000000
0.000550461000000000
0.000542467000000000
0.000547432000000000
0.000508047000000000
0.000591710000000000
0.000681253000000000
0.000120141000000000
-0.00125406000000000
-0.00246783000000000
-0.00271451000000000
-0.00244911000000000
-0.00243797000000000
-0.00259356000000000
-0.00253777000000000
-0.00243204000000000
-0.00251476000000000
-0.00256806000000000
-0.00245461000000000
-0.00247340000000000
-0.00260971000000000
-0.00230723000000000
-0.00147210000000000
-0.000861425000000000
-0.000895860000000000
-0.00105524000000000
-0.000875928000000000
-0.000798987000000000
-0.00133636000000000
-0.00215899000000000
-0.00256649000000000
-0.00250498000000000
-0.00239867000000000
-0.00243761000000000
-0.00247504000000000
-0.00244068000000000
-0.00240939000000000
-0.00242468000000000
-0.00244375000000000
-0.00242704000000000
-0.00238874000000000
-0.00238617000000000
-0.00246369000000000
-0.00245690000000000
-0.00206276000000000
-0.00130121000000000
-0.000727618000000000
-0.000721831000000000
-0.000948725000000000
-0.000883000000000000
-0.000653220000000000
-0.000810631000000000
-0.00144545000000000
-0.00208269000000000
-0.00238517000000000
-0.00245747000000000
-0.00231738000000000
-0.00180994000000000
-0.00107375000000000
-0.000626909000000000
-0.000663665000000000
-0.000830849000000000
-0.000774840000000000
-0.000644590000000000
-0.000734833000000000
-0.000835064000000000
-0.000426255000000000
0.000443000000000000
0.00100423000000000
0.000866498000000000
0.000666594000000000
0.00114840000000000
0.00201933000000000
0.00243175000000000
0.00236796000000000
0.00257463000000000
0.00329425000000000
0.00393542000000000
0.00409581000000000
0.00400529000000000
0.00397300000000000
0.00401622000000000
0.00405759000000000
0.00405573000000000
0.00400501000000000
0.00400694000000000
0.00414017000000000
0.00415003000000000
0.00371032000000000
0.00298448000000000
0.00250976000000000
0.00245075000000000
0.00256334000000000
0.00266415000000000
0.00260521000000000
0.00213656000000000
0.00136122000000000
0.000898146000000000
0.000994661000000000
0.00117005000000000
0.00106939000000000
0.000995447000000000
0.00112825000000000
0.00115540000000000
0.00100938000000000
0.00107182000000000
0.00128207000000000
0.00102095000000000
0.000294062000000000
-3.60801000000000e-05
0.000454631000000000
0.00111268000000000
0.00129228000000000
0.00113747000000000
0.00107846000000000
0.00116983000000000
0.00124620000000000
0.00121848000000000
0.00102860000000000
0.000599647000000000
-6.86747000000000e-05
-0.000814061000000000
-0.00144802000000000
-0.00184701000000000
-0.00194403000000000
-0.00171621000000000
-0.00125585000000000
-0.000824205000000000
-0.000692848000000000
-0.000929151000000000
-0.00123241000000000
-0.00118226000000000
-0.000560541000000000
0.000403201000000000
0.00103703000000000
0.000757909000000000
-8.18204000000000e-05
-0.000392664000000000
0.000163441000000000
0.000641918000000000
0.000121184000000000
-0.000975658000000000
-0.00168077000000000
-0.00176500000000000
-0.00169956000000000
-0.00170378000000000
-0.00169913000000000
-0.00168856000000000
-0.00173564000000000
-0.00167213000000000
-0.00128321000000000
-0.000566713000000000
0.000254563000000000
0.000861640000000000
0.000936080000000000
0.000490551000000000
-5.06196000000000e-05
-0.000288640000000000
-0.000104653000000000
0.000315337000000000
0.000597504000000000
0.000410988000000000
-0.000134522000000000
-0.000752479000000000
-0.00131914000000000
-0.00174643000000000
-0.00167934000000000
-0.000985946000000000
-0.000217235000000000
1.25778000000000e-05
-4.06080000000000e-06
0.000381969000000000
0.00112533000000000
0.00163619000000000
0.00172006000000000
0.00157911000000000
0.00144266000000000
0.00159890000000000
0.00219650000000000
0.00274545000000000
0.00255020000000000
0.00183537000000000
0.00145566000000000
0.00161283000000000
0.00175171000000000
0.00165048000000000
0.00160462000000000
0.00169299000000000
0.00170656000000000
0.00165634000000000
0.00168499000000000
0.00171321000000000
0.00167141000000000
0.00170556000000000
0.00179493000000000
0.00162448000000000
0.00110432000000000
0.000453931000000000
-0.000211741000000000
-0.000890573000000000
-0.00133807000000000
-0.00139780000000000
-0.00130550000000000
-0.00131278000000000
-0.00132922000000000
-0.00128935000000000
-0.00130564000000000
-0.00134236000000000
-0.00127456000000000
-0.00123584000000000
-0.00133865000000000
-0.00134243000000000
-0.00118262000000000
-0.00122270000000000
-0.00142509000000000
-0.00124342000000000
-0.000981088000000000
-0.00179565000000000
-0.00345599000000000
-0.00395057000000000
-0.00251398000000000
-0.00114919000000000
-0.00152996000000000
-0.00251155000000000
-0.00228273000000000
-0.00128049000000000
-0.000956084000000000
-0.00129500000000000
-0.00133572000000000
-0.00106374000000000
-0.00109896000000000
-0.00135572000000000
-0.00123213000000000
-0.000636382000000000
4.52766000000000e-05
0.000501374000000000
0.000537130000000000
2.48190000000000e-05
-0.000748336000000000
-0.00120427000000000
-0.00119712000000000
-0.00109075000000000
-0.00112040000000000
-0.00115747000000000
-0.00111754000000000
-0.00109496000000000
-0.00112390000000000
-0.00112311000000000
-0.00108982000000000
-0.00109353000000000
-0.00111218000000000
-0.00109053000000000
-0.00107153000000000
-0.00109232000000000
-0.00109318000000000
-0.00105853000000000
-0.00106139000000000
-0.00109118000000000
-0.00106596000000000
-0.00102774000000000
-0.00106160000000000
-0.00108811000000000
-0.00102688000000000
-0.00100181000000000
-0.00107889000000000
-0.00107639000000000
-0.000954726000000000
-0.00100431000000000
-0.00120427000000000
-0.000896717000000000
0.000282774000000000
0.00162791000000000
0.00221743000000000
0.00211284000000000
0.00199118000000000
0.00208119000000000
0.00212863000000000
0.00206533000000000
0.00205369000000000
0.00210534000000000
0.00210741000000000
0.00207755000000000
0.00208705000000000
0.00210570000000000
0.00210055000000000
0.00210041000000000
0.00210327000000000
0.00209391000000000
0.00211006000000000
0.00213642000000000
0.00207519000000000
0.00203562000000000
0.00236460000000000
0.00321566000000000
0.00412160000000000
0.00445351000000000
0.00402637000000000
0.00325910000000000
0.00258313000000000
0.00217850000000000
0.00201818000000000
0.00207062000000000
0.00218093000000000
0.00215006000000000
0.00202054000000000
0.00208212000000000
0.00228837000000000
0.00202619000000000
0.000928579000000000
-0.000410045000000000
-0.00108989000000000
-0.00104617000000000
-0.000899717000000000
-0.000964871000000000
-0.00102988000000000
-0.000973444000000000
-0.000945510000000000
-0.000996876000000000
-0.00100788000000000
-0.000970086000000000
-0.000976015000000000
-0.00100523000000000
-0.000994233000000000
-0.000981373000000000
-0.000999662000000000
-0.00100302000000000
-0.000988732000000000
-0.00100173000000000
-0.00101516000000000
-0.000994090000000000
-0.000993232000000000
-0.00102824000000000
-0.00101981000000000
-0.000981159000000000
-0.00101131000000000
-0.00105760000000000
-0.00100909000000000
-0.000968871000000000
-0.00104867000000000
-0.00108296000000000
-0.000975015000000000
-0.000968800000000000
-0.00112282000000000
-0.00107410000000000
-0.000858211000000000
-0.00112790000000000
-0.00197832000000000
-0.00254591000000000
-0.00247797000000000
-0.00263171000000000
-0.00336990000000000
-0.00358915000000000
-0.00249405000000000
-0.00113518000000000
-0.000780412000000000
-0.00112554000000000
-0.00119326000000000
-0.000978016000000000
-0.000991875000000000
-0.00115333000000000
-0.00110854000000000
-0.000992304000000000
-0.00106189000000000
-0.00114769000000000
-0.00107089000000000
-0.00102038000000000
-0.00110761000000000
-0.00113461000000000
-0.00104996000000000
-0.00105381000000000
-0.00114211000000000
-0.00111682000000000
-0.00103645000000000