-3.32259000000000e-05
-8.27529000000000e-05
0.000140749000000000
0.000202542000000000
-0.00160680000000000
-0.00456666000000000
-0.00313242000000000
0.00386212000000000
0.00644269000000000
-0.00155038000000000
-0.00923542000000000
-0.00680715000000000
-0.00571246000000000
-0.0178611000000000
-0.0293655000000000
-0.0219427000000000
-0.00836759000000000
-0.00828098000000000
-0.00776344000000000
0.0145384000000000
0.0375710000000000
0.0301508000000000
0.0105420000000000
0.0172745000000000
0.0377379000000000
0.0307269000000000
0.00274863000000000
-0.00639740000000000
0.000792448000000000
-0.0109488000000000
-0.0359063000000000
-0.0382014000000000
-0.0213216000000000
-0.0187140000000000
-0.0263050000000000
-0.0140206000000000
0.0115752000000000
0.0211057000000000
0.0193748000000000
0.0258071000000000
0.0249396000000000
0.00414261000000000
-0.00364069000000000
0.0190729000000000
0.0235266000000000
-0.0164931000000000
-0.0386675000000000
-0.00112853000000000
0.0241305000000000
-0.0233266000000000
-0.0660492000000000
-0.0185657000000000
0.0480649000000000
0.0225823000000000
-0.0456613000000000
-0.0336470000000000
0.0388755000000000
0.0549699000000000
0.0133929000000000
0.00773616000000000
0.0368479000000000
0.0175327000000000
-0.0370585000000000
-0.0350243000000000
0.0170242000000000
0.0224539000000000
-0.0222685000000000
-0.0243291000000000
0.0291841000000000
0.0473114000000000
0.00573325000000000
-0.0204343000000000
-0.00210951000000000
0.00685191000000000
-0.00541886000000000
0.00491310000000000
0.0241530000000000
-0.00873483000000000
-0.0699983000000000
-0.0679854000000000
-0.00217732000000000
0.0306845000000000
0.00237160000000000
-0.00998684000000000
0.0259594000000000
0.0489019000000000
0.0246165000000000
-0.00233001000000000
-0.00305812000000000
-0.00188438000000000
-0.00780833000000000
-0.00110280000000000
0.00717716000000000
-0.00962398000000000
-0.0293271000000000
-0.0143278000000000
0.0128610000000000
0.00814882000000000
-0.0132204000000000
-0.0150814000000000
-0.0115591000000000
-0.0201429000000000
-0.00535860000000000
0.0427597000000000
0.0552017000000000
0.000374002000000000
-0.0375353000000000
0.000297575000000000
0.0347767000000000
-0.00685323000000000
-0.0526312000000000
-0.0218235000000000
0.0219268000000000
-0.000399680000000000
-0.0256654000000000
0.0258402000000000
0.0812789000000000
0.0427465000000000
-0.0267871000000000
-0.0179062000000000
0.0248377000000000
-0.00133611000000000
-0.0581655000000000
-0.0424246000000000
0.0189179000000000
0.0230300000000000
-0.0222976000000000
-0.0304766000000000
-0.00241570000000000
-0.00579298000000000
-0.0302687000000000
-0.0112026000000000
0.0371764000000000
0.0457765000000000
0.0150695000000000
0.00225479000000000
0.0142828000000000
0.0148682000000000
0.00618895000000000
0.0127633000000000
0.0166467000000000
-0.00775629000000000
-0.0310024000000000
-0.0160097000000000
0.0113676000000000
0.00663737000000000
-0.0178452000000000
-0.0212977000000000
-0.00208938000000000
0.0131366000000000
0.0167209000000000
0.0151410000000000
0.00970847000000000
0.00803877000000000
0.0206250000000000
0.0310739000000000
0.0106095000000000
-0.0301442000000000
-0.0517995000000000
-0.0462082000000000
-0.0384371000000000
-0.0298674000000000
-0.00102007000000000
0.0323148000000000
0.0260679000000000
-0.0155489000000000
-0.0354812000000000
-0.0105118000000000
0.0162229000000000
0.0119692000000000
0.000821026000000000
0.00671709000000000
0.00993586000000000
-0.00558202000000000
-0.0162693000000000
-0.00692859000000000
-0.00288702000000000
-0.0168308000000000
-0.0181617000000000
0.00687389000000000
0.0215242000000000
0.00541356000000000
-0.00615611000000000
0.00942732000000000
0.0181935000000000
-0.00143596000000000
-0.0115555000000000
0.0128388000000000
0.0298992000000000
0.00410897000000000
-0.0270744000000000
-0.0160018000000000
0.0178029000000000
0.0289921000000000
0.0182319000000000
0.0117191000000000
0.00757141000000000
-0.00615518000000000
-0.0149370000000000
-0.00536006000000000
0.000906988000000000
-0.0137398000000000
-0.0222883000000000
0.000871020000000000
0.0253184000000000
0.00894156000000000
-0.0291655000000000
-0.0371724000000000
-0.0122291000000000
0.00472425000000000
0.00365447000000000
0.0106195000000000
0.0261103000000000
0.0254217000000000
0.0165355000000000
0.0288874000000000
0.0468121000000000
0.0257660000000000
-0.0230405000000000
-0.0411228000000000
-0.0208197000000000
-0.0146245000000000
-0.0352442000000000
-0.0363261000000000
-0.00821490000000000
-0.000252191000000000
-0.0222923000000000
-0.0193801000000000
0.0236391000000000
0.0467207000000000
0.0226658000000000
0.00611413000000000
0.0291986000000000
0.0422048000000000
0.00810180000000000
-0.0300091000000000
-0.0305918000000000
-0.0196092000000000
-0.0256548000000000
-0.0241781000000000
0.00160786000000000
0.0160124000000000
-0.00355647000000000
-0.0216553000000000
-0.0107434000000000
-0.000648957000000000
-0.0175963000000000
-0.0351621000000000
-0.0283935000000000
-0.0188385000000000
-0.0243040000000000
-0.0196238000000000
0.00906644000000000
0.0259964000000000
0.00499746000000000
-0.0213097000000000
-0.0172903000000000
-0.00108808000000000
-0.00123941000000000
-0.00313282000000000
0.0137067000000000
0.0290516000000000
0.0202317000000000
0.00659631000000000
0.0119055000000000
0.0209031000000000
0.0144126000000000
0.00786409000000000
0.0153979000000000
0.0155091000000000
-0.00764743000000000
-0.0281286000000000
-0.0207521000000000
-0.00274903000000000
0.00295986000000000
0.00810366000000000
0.0257263000000000
0.0333848000000000
0.0112149000000000
-0.0131586000000000
-0.00353435000000000
0.0251052000000000
0.0324922000000000
0.0208409000000000
0.0242801000000000
0.0405852000000000
0.0312474000000000
-0.00630616000000000
-0.0275697000000000
-0.0159091000000000
-0.0103130000000000
-0.0330498000000000
-0.0496740000000000
-0.0324936000000000
-0.00937501000000000
-0.0110127000000000
-0.0196397000000000
-0.00923291000000000
0.00888421000000000
0.0163858000000000
0.0216500000000000
0.0319652000000000
0.0327544000000000
0.0214977000000000
0.0216248000000000
0.0409427000000000
0.0543210000000000
0.0464546000000000
0.0330922000000000
0.0270135000000000
0.0195430000000000
0.00770742000000000
0.00393575000000000
0.00953763000000000
0.0104937000000000
0.00562320000000000
0.00744865000000000
0.0131006000000000
0.00594422000000000
-0.0113427000000000
-0.0166096000000000
-0.00543250000000000
0.00189179000000000
-0.000729542000000000
0.00806817000000000
0.0379815000000000
0.0649831000000000
0.0676901000000000
0.0570332000000000
0.0505573000000000
0.0426246000000000
0.0244576000000000
0.00992486000000000
0.0130193000000000
0.0196609000000000
0.00968066000000000
-0.00947923000000000
-0.0185220000000000
-0.0181538000000000
-0.0222314000000000
-0.0333835000000000
-0.0464466000000000
-0.0606791000000000
-0.0722907000000000
-0.0721927000000000
-0.0627265000000000
-0.0571935000000000
-0.0545899000000000
-0.0396118000000000
-0.0143530000000000
-0.00256481000000000
-0.0139636000000000
-0.0304223000000000
-0.0377180000000000
-0.0437397000000000
-0.0562572000000000
-0.0672729000000000
-0.0695282000000000
-0.0672411000000000
-0.0634297000000000
-0.0544243000000000
-0.0409282000000000
-0.0292715000000000
-0.0192450000000000
-0.00577802000000000
0.00736005000000000
0.0114754000000000
0.00910988000000000
0.0109368000000000
0.0179936000000000
0.0207879000000000
0.0130456000000000
-0.00293377000000000
-0.0211958000000000
-0.0330246000000000
-0.0288371000000000
-0.00898539000000000
0.0112292000000000
0.0178903000000000
0.0139954000000000
0.0107451000000000
0.0110382000000000
0.0112808000000000
0.0115105000000000
0.0141782000000000
0.0176532000000000
0.0195324000000000
0.0228432000000000
0.0306541000000000
0.0380292000000000
0.0371115000000000
0.0290755000000000
0.0237067000000000
0.0288239000000000
0.0431318000000000
0.0582278000000000
0.0645819000000000
0.0583019000000000
0.0435146000000000
0.0272122000000000
0.0103851000000000
-0.0134948000000000
-0.0475392000000000
-0.0808512000000000
-0.0952015000000000
-0.0830058000000000
-0.0545912000000000
-0.0266083000000000
-0.00646348000000000
0.00910749000000000
0.0224724000000000
0.0306859000000000
0.0333994000000000
0.0359951000000000
0.0425862000000000
0.0513983000000000
0.0582688000000000
0.0602606000000000
0.0544283000000000
0.0370174000000000
0.00793335000000000
-0.0252879000000000
-0.0521399000000000
-0.0667312000000000
-0.0700831000000000
-0.0652255000000000
-0.0529636000000000
-0.0331160000000000
-0.00962159000000000
0.0107711000000000
0.0249052000000000
0.0353183000000000
0.0438880000000000
0.0494012000000000
0.0511440000000000
0.0485179000000000
0.0365261000000000
0.0110251000000000
-0.0205892000000000
-0.0437278000000000
-0.0537039000000000
-0.0595336000000000
-0.0673762000000000
-0.0709188000000000
-0.0625596000000000
-0.0450985000000000
-0.0259792000000000
-0.00829635000000000
0.00803307000000000
0.0223214000000000
0.0342139000000000
0.0434046000000000
0.0466572000000000
0.0399376000000000
0.0248668000000000
0.00844798000000000
-0.00305044000000000
-0.00605718000000000
0.00145530000000000
0.0160614000000000
0.0278505000000000
0.0301230000000000
0.0265619000000000
0.0221307000000000
0.0144841000000000
0.00245582000000000
-0.00542177000000000
-0.00275803000000000
0.00286146000000000
0.00164229000000000
-0.00168917000000000
0.00253965000000000
0.0105551000000000
0.0103088000000000
0.00135094000000000
-0.00601507000000000
-0.00756916000000000
-0.00895745000000000
-0.0139742000000000
-0.0201032000000000
-0.0254257000000000
-0.0304356000000000
-0.0319585000000000
-0.0219506000000000
0.00365539000000000
0.0373975000000000
0.0638628000000000
0.0718378000000000
0.0629026000000000
0.0472743000000000
0.0320552000000000
0.0155316000000000
-0.00636323000000000
-0.0302846000000000
-0.0463685000000000
-0.0488105000000000
-0.0415413000000000
-0.0324684000000000
-0.0263090000000000
-0.0246430000000000
-0.0280425000000000
-0.0336709000000000
-0.0336484000000000
-0.0236974000000000
-0.0102624000000000
-0.00137994000000000
0.00601520000000000
0.0188530000000000
0.0335914000000000
0.0405785000000000
0.0393231000000000
0.0359527000000000
0.0296277000000000
0.0160322000000000
0.000891321000000000
-0.00629649000000000
-0.00889044000000000
-0.0160945000000000
-0.0232074000000000
-0.0178889000000000
-0.00440032000000000
-0.000733727000000000
-0.0112489000000000
-0.0227757000000000
-0.0284968000000000
-0.0344708000000000
-0.0407692000000000
-0.0364877000000000
-0.0184491000000000
0.00276201000000000
0.0184836000000000
0.0298582000000000
0.0371340000000000
0.0368850000000000
0.0298343000000000
0.0199893000000000
0.00729860000000000
-0.00663220000000000
-0.0128919000000000
-0.00680304000000000
0.00145159000000000
0.00138736000000000
-0.00187617000000000
0.000876489000000000
0.00508566000000000
0.00207521000000000
-0.00287391000000000
0.00112856000000000
0.0114379000000000
0.0162825000000000
0.0135981000000000
0.0115379000000000
0.0128878000000000
0.0112040000000000
0.00336590000000000
-0.00468320000000000
-0.00763352000000000
-0.00773881000000000
-0.00797480000000000
-0.00617399000000000
-0.000886421000000000
0.00373207000000000
0.00523094000000000
0.00836111000000000
0.0153330000000000
0.0179432000000000
0.00993294000000000
-0.000374214000000000
-0.00250707000000000
-0.000553341000000000
-0.00323002000000000
-0.00691892000000000
-0.00400952000000000
0.00109433000000000
0.000551143000000000
-0.00156310000000000
0.00141332000000000
0.00346403000000000
-0.00289325000000000
-0.00946334000000000
-0.00487814000000000
0.00531159000000000
0.00863590000000000
0.00653381000000000
0.00786316000000000
0.0116493000000000
0.0122879000000000
0.0135690000000000
0.0207799000000000
0.0273817000000000
0.0239106000000000
0.0142325000000000
0.00743832000000000
0.00247675000000000
-0.00587707000000000
-0.0130579000000000
-0.0116973000000000
-0.00517227000000000
-0.00161713000000000
-0.000579629000000000
0.00283511000000000
0.00660400000000000
0.00537502000000000
0.000191643000000000
-0.00466082000000000
-0.00852598000000000
-0.0110711000000000
-0.00920933000000000
-0.00432802000000000
-0.00393588000000000
-0.00991242000000000
-0.0142179000000000
-0.0127471000000000
-0.0127122000000000
-0.0193828000000000
-0.0263951000000000
-0.0269751000000000
-0.0242576000000000
-0.0228220000000000
-0.0198675000000000
-0.0126226000000000
-0.00582185000000000
-0.00422710000000000
-0.00497097000000000
-0.00375088000000000
-0.00214474000000000
-0.00303402000000000
-0.00426577000000000
-0.00205641000000000
0.00315122000000000
0.00791613000000000
0.00997254000000000
0.00943539000000000
0.00838031000000000
0.00947036000000000
0.0126278000000000
0.0141517000000000
0.0113032000000000
0.00590939000000000
0.00164044000000000
-0.000117596000000000
0.000116701000000000
0.00156601000000000
0.00282849000000000
0.00243688000000000
0.00148946000000000
0.00293364000000000
0.00706724000000000
0.0110156000000000
0.0129067000000000
0.0129660000000000
0.0105605000000000
0.00533596000000000
0.000320724000000000
-0.00125611000000000
-0.00172718000000000
-0.00546627000000000
-0.0115374000000000
-0.0152880000000000
-0.0157422000000000
-0.0149225000000000
-0.0124937000000000
-0.00731953000000000
-0.00187630000000000
0.00133280000000000
0.00467393000000000
0.00992036000000000
0.0122460000000000
0.00692872000000000
-0.00190053000000000
-0.00667087000000000
-0.00648454000000000
-0.00491058000000000
-0.00281802000000000
-0.000340973000000000
-0.00164097000000000
-0.00941950000000000
-0.0186094000000000
-0.0223360000000000
-0.0212064000000000
-0.0199059000000000
-0.0179697000000000
-0.0117467000000000
-0.00236431000000000
0.00530086000000000
0.00971231000000000
0.0118361000000000
0.0103399000000000
0.00389351000000000
-0.00390503000000000
-0.00765868000000000
-0.00704393000000000
-0.00512764000000000
-0.00236259000000000
0.00255700000000000
0.00737025000000000
0.00784621000000000
0.00356110000000000
-0.00205177000000000
-0.00662028000000000
-0.0104594000000000
-0.0138723000000000
-0.0161143000000000
-0.0169791000000000
-0.0171354000000000
-0.0162123000000000
-0.0128597000000000
-0.00716617000000000
-0.00177221000000000
0.000684899000000000
0.000664465000000000
0.00151648000000000
0.00589720000000000
0.0129092000000000
0.0187749000000000
0.0202158000000000
0.0171950000000000
0.0125589000000000
0.00885971000000000
0.00716895000000000
0.00828363000000000
0.0120790000000000
0.0149860000000000
0.0129062000000000
0.00796209000000000
0.00690488000000000
0.0109370000000000
0.0134392000000000
0.0111561000000000
0.00945460000000000
0.0116558000000000
0.0114378000000000
0.00323730000000000
-0.00764557000000000
-0.0130414000000000
-0.0135213000000000
-0.0140590000000000
-0.0145477000000000
-0.0120333000000000
-0.00764359000000000
-0.00383325000000000
0.000853618000000000
0.00835183000000000
0.0154283000000000
0.0176545000000000
0.0158826000000000
0.0144113000000000
0.0148192000000000
0.0158760000000000
0.0164083000000000
0.0153701000000000
0.0114788000000000
0.00553487000000000
0.000801678000000000
-0.000779059000000000
-0.000610009000000000
-0.000554613000000000
-0.000461592000000000
0.000281776000000000
0.00128774000000000
0.00257382000000000
0.00499018000000000
0.00821331000000000
0.0103259000000000
0.0104759000000000
0.00984991000000000
0.00936229000000000
0.00838388000000000
0.00642402000000000
0.00415241000000000
0.00199191000000000
-0.000592422000000000
-0.00357514000000000
-0.00571988000000000
-0.00623345000000000
-0.00585284000000000
-0.00542575000000000
-0.00479643000000000
-0.00359937000000000
-0.00210580000000000
-0.000602699000000000
0.00104877000000000
0.00278227000000000
0.00409149000000000
0.00472452000000000
0.00477113000000000
0.00400859000000000
0.00232551000000000
0.000656665000000000
0.000195126000000000
0.000538045000000000
-3.10143000000000e-06
-0.00229386000000000
-0.00536085000000000
-0.00766239000000000
-0.00820298000000000
-0.00675272000000000
-0.00392595000000000
-0.00129795000000000
-0.000215335000000000
-0.000454428000000000
-0.000783747000000000
-0.000646891000000000
-0.000388053000000000
-0.000384596000000000
-0.000887786000000000
-0.00235305000000000
-0.00479947000000000
-0.00689548000000000
-0.00677629000000000
-0.00453289000000000
-0.00303124000000000
-0.00505666000000000
-0.00987428000000000
-0.0139107000000000
-0.0149542000000000
-0.0143662000000000
-0.0142563000000000
-0.0140842000000000
-0.0117335000000000
-0.00726761000000000
-0.00343463000000000
-0.00238855000000000
-0.00344019000000000
-0.00461248000000000
-0.00523120000000000
-0.00624312000000000
-0.00830866000000000
-0.0107097000000000
-0.0125285000000000
-0.0139584000000000
-0.0150920000000000
-0.0140908000000000
-0.00878833000000000
-0.000593217000000000
0.00566267000000000
0.00683880000000000
0.00428246000000000
0.00101685000000000
-0.00117873000000000
-0.00154244000000000
-2.74982000000000e-05
0.00206528000000000
0.00304607000000000
0.00285285000000000
0.00237239000000000
0.00112305000000000
-0.00187921000000000
-0.00526577000000000
-0.00626113000000000
-0.00443025000000000
-0.00180558000000000
0.000195907000000000
0.00158137000000000
0.00220685000000000
0.00181909000000000
0.00132710000000000
0.00190663000000000
0.00316923000000000
0.00389192000000000
0.00408990000000000
0.00457686000000000
0.00505904000000000
0.00457196000000000
0.00354230000000000
0.00344893000000000
0.00447078000000000
0.00522829000000000
0.00498488000000000
0.00441595000000000
0.00411361000000000
0.00374968000000000
0.00280240000000000
0.00100557000000000
-0.00183273000000000
-0.00547806000000000
-0.00893997000000000
-0.0113039000000000
-0.0125332000000000
-0.0127857000000000
-0.0117798000000000
-0.00965470000000000
-0.00744891000000000
-0.00565525000000000
-0.00342483000000000
-2.69341000000000e-05
0.00362838000000000
0.00589164000000000
0.00582370000000000
0.00362560000000000
0.000413983000000000
-0.00196794000000000
-0.00214236000000000
-0.000556122000000000
0.00123292000000000
0.00268453000000000
0.00452560000000000
0.00690011000000000
0.00896539000000000
0.0104036000000000
0.0115746000000000
0.0120736000000000
0.0110864000000000
0.00935700000000000
0.00865365000000000
0.00905849000000000
0.00892712000000000
0.00774013000000000
0.00659737000000000
0.00569048000000000
0.00395217000000000
0.00156482000000000
0.000319016000000000
0.000961948000000000
0.00223095000000000
0.00273300000000000
0.00235941000000000
0.00198569000000000
0.00278571000000000
0.00507560000000000
0.00728708000000000
0.00739501000000000
0.00572147000000000
0.00445184000000000
0.00444615000000000
0.00464453000000000
0.00453276000000000
0.00463367000000000
0.00474107000000000
0.00404011000000000
0.00277975000000000
0.00173539000000000
0.000738905000000000
-0.000334179000000000
-0.000527345000000000
0.000361580000000000
0.000490966000000000
-0.00156204000000000
-0.00465751000000000
-0.00688396000000000
-0.00797427000000000
-0.00870040000000000
-0.00950161000000000
-0.0109739000000000
-0.0138882000000000
-0.0176227000000000
-0.0200463000000000
-0.0202211000000000
-0.0194569000000000
-0.0191192000000000
-0.0186080000000000
-0.0163779000000000
-0.0118695000000000
-0.00602474000000000
-0.000357766000000000
0.00405706000000000
0.00715346000000000
0.00962120000000000
0.0117598000000000
0.0126922000000000
0.0114868000000000
0.00863060000000000
0.00544972000000000
0.00240801000000000
-0.000834376000000000
-0.00403521000000000
-0.00631331000000000
-0.00742944000000000
-0.00796142000000000
-0.00808220000000000
-0.00736680000000000
-0.00579497000000000
-0.00394794000000000
-0.00216394000000000
-0.000465062000000000
0.00101618000000000
0.00228459000000000
0.00369009000000000
0.00526961000000000
0.00656652000000000
0.00749884000000000
0.00843328000000000
0.00906591000000000
0.00847990000000000
0.00651037000000000
0.00385987000000000
0.000813597000000000
-0.00246589000000000
-0.00482278000000000
-0.00498620000000000
-0.00349078000000000
-0.00185789000000000
-0.000396105000000000
0.00148973000000000
0.00333716000000000
0.00400184000000000
0.00372002000000000
0.00388582000000000
0.00486807000000000
0.00554004000000000
0.00508089000000000
0.00414076000000000
0.00393919000000000
0.00472902000000000
0.00545991000000000
0.00502991000000000
0.00354878000000000
0.00183909000000000
0.000260004000000000
-0.00104131000000000
-0.00155277000000000
-0.00167328000000000
-0.00344814000000000
-0.00765299000000000
-0.0109835000000000
-0.00945711000000000
-0.00411268000000000
0.000186941000000000
0.00172480000000000
0.00343013000000000
0.00717054000000000
0.0105985000000000
0.0111483000000000
0.00981561000000000
0.00912828000000000
0.00963139000000000
0.00988063000000000
0.00879005000000000
0.00668187000000000
0.00463658000000000
0.00335610000000000
0.00276849000000000
0.00255621000000000
0.00261448000000000
0.00266612000000000
0.00203800000000000
0.000443423000000000
-0.00156204000000000
-0.00353064000000000
-0.00574888000000000
-0.00820550000000000
-0.00998102000000000
-0.0104517000000000
-0.0101059000000000
-0.00938441000000000
-0.00796076000000000
-0.00586396000000000
-0.00409149000000000
-0.00331915000000000
-0.00296542000000000
-0.00232842000000000
-0.00173539000000000
-0.00191709000000000
-0.00272545000000000
-0.00313838000000000
-0.00225625000000000
-8.54214000000000e-05
0.00249317000000000
0.00451488000000000
0.00581033000000000
0.00700182000000000
0.00843037000000000
0.00952797000000000
0.00958041000000000
0.00876224000000000
0.00781217000000000
0.00703506000000000
0.00619332000000000
0.00524233000000000
0.00453805000000000
0.00430789000000000
0.00436735000000000
0.00445197000000000
0.00443688000000000
0.00423240000000000
0.00379312000000000
0.00325889000000000
0.00283709000000000
0.00258865000000000
0.00248880000000000
0.00258428000000000
0.00273671000000000
0.00235239000000000
0.000808379000000000
-0.00174029000000000
-0.00440814000000000
-0.00647236000000000
-0.00797480000000000
-0.00925926000000000
-0.0101640000000000
-0.0101068000000000
-0.00899930000000000
-0.00757115000000000
-0.00652228000000000
-0.00579020000000000
-0.00496528000000000
-0.00405335000000000
-0.00333252000000000
-0.00278915000000000
-0.00224168000000000
-0.00175195000000000
-0.00140868000000000
-0.00107900000000000
-0.000769802000000000
-0.000685760000000000
-0.000688144000000000
-0.000474809000000000
-0.000427266000000000
-0.00114682000000000
-0.00186902000000000
-0.000812630000000000
0.00228962000000000
0.00545991000000000
0.00705347000000000
0.00753393000000000
0.00793255000000000
0.00816365000000000
0.00776940000000000
0.00698023000000000
0.00612274000000000
0.00507083000000000
0.00394171000000000
0.00339079000000000
0.00359792000000000
0.00390158000000000
0.00390251000000000
0.00396926000000000
0.00418870000000000
0.00388569000000000
0.00274479000000000
0.00144748000000000
0.000497786000000000
-0.000668835000000000
-0.00266705000000000
-0.00489403000000000
-0.00622670000000000
-0.00647527000000000
-0.00632946000000000
-0.00605837000000000
-0.00523716000000000
-0.00359831000000000
-0.00143411000000000
0.000850546000000000
0.00288517000000000
0.00420207000000000
0.00455236000000000
0.00443462000000000
0.00473445000000000
0.00580371000000000
0.00717743000000000
0.00820232000000000
0.00855181000000000
0.00814776000000000
0.00699229000000000
0.00520975000000000
0.00314752000000000
0.00120464000000000
-0.000401985000000000
-0.00171539000000000
-0.00279154000000000
-0.00350853000000000
-0.00374770000000000
-0.00372280000000000
-0.00381352000000000
-0.00404673000000000
-0.00414235000000000
-0.00410818000000000
-0.00424286000000000
-0.00448217000000000
-0.00448203000000000
-0.00446773000000000
-0.00487112000000000
-0.00486251000000000
-0.00265831000000000
0.00184054000000000
0.00608777000000000
0.00765286000000000
0.00691799000000000
0.00593839000000000
0.00571180000000000
0.00581470000000000
0.00572160000000000
0.00522339000000000
0.00412235000000000
0.00251886000000000
0.000904777000000000
-0.000428206000000000
-0.00162772000000000
-0.00279723000000000
-0.00386834000000000
-0.00487244000000000
-0.00576835000000000
-0.00633079000000000
-0.00679801000000000
-0.00801652000000000
-0.00998035000000000
-0.0111488000000000
-0.0103716000000000
-0.00877337000000000
-0.00826205000000000
-0.00903214000000000
-0.00985415000000000
-0.0102614000000000
-0.0108046000000000
-0.0114739000000000
-0.0114212000000000
-0.0104259000000000
-0.00928429000000000
-0.00842745000000000
-0.00739064000000000
-0.00590303000000000
-0.00442072000000000
-0.00323426000000000
-0.00210792000000000
-0.00109834000000000
-0.000708022000000000
-0.000944308000000000
-0.00130920000000000
-0.00191364000000000
-0.00336192000000000
-0.00534629000000000
-0.00673484000000000
-0.00720206000000000
-0.00730562000000000
-0.00667670000000000
-0.00416632000000000
-0.000217851000000000
0.00292039000000000
0.00427081000000000
0.00543210000000000
0.00782317000000000
0.0102005000000000
0.0103453000000000
0.00828708000000000
0.00617703000000000
0.00543118000000000
0.00535437000000000
0.00467049000000000
0.00320923000000000
0.00187537000000000
0.00148655000000000
0.00208104000000000
0.00301588000000000
0.00344112000000000
0.00286106000000000
0.00163540000000000
0.000678874000000000
0.000537887000000000
0.000956213000000000
0.00147649000000000
0.00199589000000000
0.00248880000000000
0.00262759000000000
0.00212130000000000
0.00120777000000000
0.000361884000000000
-0.000298992000000000
-0.00106205000000000
-0.00201284000000000
-0.00261103000000000
-0.00207852000000000
-0.000527729000000000
0.000715028000000000
0.000423359000000000
-0.000770292000000000
-0.000908842000000000
0.000903055000000000
0.00324644000000000
0.00424048000000000
0.00363566000000000
0.00252442000000000
0.00156508000000000
0.000606712000000000
-0.000507348000000000
-0.00165421000000000
-0.00285325000000000
-0.00420565000000000
-0.00554268000000000
-0.00666690000000000
-0.00780396000000000
-0.00918642000000000
-0.0103313000000000
-0.0104027000000000
-0.00933329000000000
-0.00800950000000000
-0.00726814000000000
-0.00716259000000000
-0.00725530000000000
-0.00726708000000000
-0.00722417000000000
-0.00722113000000000
-0.00723808000000000
-0.00721504000000000
-0.00719146000000000
-0.00726933000000000
-0.00732337000000000
-0.00692183000000000
-0.00580318000000000
-0.00440337000000000
-0.00349979000000000
-0.00335795000000000
-0.00348972000000000
-0.00335636000000000
-0.00289298000000000
-0.00231054000000000
-0.00172003000000000
-0.00120238000000000
-0.000899506000000000
-0.000811915000000000
-0.000737502000000000
-0.000584158000000000
-0.000477802000000000
-0.000412619000000000
-0.000139663000000000
0.000412791000000000
0.000972079000000000
0.00141146000000000
0.00199204000000000
0.00286067000000000
0.00370360000000000
0.00418274000000000
0.00435119000000000
0.00450587000000000
0.00498819000000000
0.00612658000000000
0.00765696000000000
0.00842626000000000
0.00757658000000000
0.00597825000000000
0.00519386000000000
0.00537701000000000
0.00550017000000000
0.00542495000000000
0.00593985000000000
0.00697375000000000
0.00757605000000000
0.00775549000000000
0.00840613000000000
0.00927264000000000
0.00898076000000000
0.00735012000000000
0.00579695000000000
0.00512565000000000
0.00468015000000000
0.00388397000000000
0.00311745000000000
0.00273353000000000
0.00245927000000000
0.00205508000000000
0.00166282000000000
0.00133571000000000
0.000936931000000000
0.000473379000000000
-3.69857000000000e-05
-0.000811875000000000
-0.00193483000000000
-0.00310514000000000
-0.00412182000000000
-0.00518565000000000
-0.00636138000000000
-0.00728761000000000
-0.00777099000000000
-0.00815557000000000
-0.00864941000000000
-0.00887044000000000
-0.00849288000000000
-0.00786780000000000
-0.00741580000000000
-0.00692077000000000
-0.00596130000000000
-0.00467168000000000
-0.00345026000000000
-0.00228816000000000
-0.000951711000000000
0.000389218000000000
0.00130161000000000
0.00166639000000000
0.00173235000000000
0.00168891000000000
0.00169460000000000
0.00213626000000000
0.00346151000000000
0.00564413000000000
0.00815080000000000
0.0103443000000000
0.0119022000000000
0.0129027000000000
0.0135690000000000
0.0139094000000000
0.0137796000000000
0.0132631000000000
0.0126865000000000
0.0122212000000000
0.0117470000000000
0.0111974000000000
0.0107357000000000
0.0104754000000000
0.0102865000000000
0.0100435000000000
0.00979561000000000
0.00958756000000000
0.00934203000000000
0.00900327000000000
0.00861498000000000
0.00821702000000000
0.00782926000000000
0.00752797000000000
0.00741143000000000
0.00746030000000000
0.00751579000000000
0.00740706000000000
0.00709068000000000
0.00667021000000000
0.00626696000000000
0.00586939000000000
0.00533887000000000
0.00457460000000000
0.00363871000000000
0.00270943000000000
0.00194477000000000
0.00139173000000000
0.000980183000000000
0.000598911000000000
0.000192186000000000
-0.000209230000000000
-0.000554295000000000
-0.000853419000000000
-0.00116482000000000
-0.00149450000000000
-0.00180637000000000
-0.00216209000000000
-0.00271287000000000
-0.00345118000000000
-0.00415559000000000
-0.00472319000000000
-0.00539343000000000
-0.00642508000000000
-0.00774543000000000
-0.00915053000000000
-0.0106585000000000
-0.0122052000000000
-0.0132843000000000
-0.0134114000000000
-0.0128785000000000
-0.0123859000000000
-0.0121258000000000
-0.0117567000000000
-0.0111901000000000
-0.0107124000000000
-0.0103452000000000
-0.00972701000000000
-0.00871139000000000
-0.00754506000000000
-0.00640415000000000
-0.00523014000000000
-0.00393880000000000
-0.00239994000000000
-0.000413784000000000
0.00179419000000000
0.00337265000000000
0.00367340000000000
0.00306196000000000
0.00233504000000000
0.00174307000000000
0.00111231000000000
0.000534761000000000
0.000274638000000000
0.000271685000000000
0.000293774000000000
0.000382146000000000
0.000724695000000000
0.00124476000000000
0.00177936000000000
0.00246986000000000
0.00363500000000000
0.00528656000000000
0.00693984000000000
0.00792064000000000
0.00794103000000000
0.00743249000000000
0.00703082000000000
0.00675709000000000
0.00601984000000000
0.00450428000000000
0.00266851000000000
0.00121079000000000
0.000410513000000000
6.63498000000000e-05
-0.000170215000000000
-0.000530139000000000
-0.000930694000000000
-0.00112692000000000
-0.00113418000000000
-0.00117608000000000
-0.00109818000000000
-0.000467102000000000
0.000569697000000000
0.00132790000000000
0.00169222000000000
0.00219758000000000
0.00276902000000000
0.00253634000000000
0.00127380000000000
-2.02701000000000e-05
-0.000404647000000000
0.000121679000000000
0.00111997000000000
0.00217930000000000
0.00284160000000000
0.00300369000000000
0.00317758000000000
0.00344019000000000
0.00279194000000000
0.000663485000000000
-0.00169447000000000
-0.00272704000000000
-0.00257395000000000
-0.00231385000000000
-0.00211825000000000
-0.00152694000000000
-0.000763657000000000
-0.000494422000000000
-0.000762690000000000
-0.00110279000000000
-0.00133055000000000
-0.00155555000000000
-0.00182597000000000
-0.00217083000000000
-0.00267487000000000
-0.00333689000000000
-0.00410579000000000
-0.00492515000000000
-0.00556480000000000
-0.00572703000000000
-0.00544058000000000
-0.00498700000000000
-0.00450071000000000
-0.00405494000000000
-0.00383524000000000
-0.00382689000000000
-0.00376372000000000
-0.00366731000000000
-0.00376491000000000
-0.00382438000000000
-0.00354667000000000
-0.00355408000000000
-0.00443476000000000
-0.00504673000000000
-0.00370492000000000
-0.00123078000000000
-0.000347846000000000
-0.00180108000000000
-0.00334219000000000
-0.00318989000000000
-0.00213441000000000
-0.00149317000000000
-0.00112330000000000
-0.000419201000000000
0.000382424000000000
0.000902830000000000
0.00139809000000000
0.00214328000000000
0.00292039000000000
0.00359540000000000
0.00442138000000000
0.00543104000000000
0.00620908000000000
0.00652824000000000
0.00663287000000000
0.00668769000000000
0.00649527000000000
0.00595428000000000
0.00535357000000000
0.00492833000000000
0.00452388000000000
0.00390026000000000
0.00312156000000000
0.00235637000000000
0.00157541000000000
0.000634244000000000
-0.000490012000000000
-0.00173605000000000
-0.00300052000000000
-0.00403693000000000
-0.00455659000000000
-0.00458480000000000
-0.00447144000000000
-0.00446349000000000
-0.00449501000000000
-0.00445396000000000
-0.00438880000000000
-0.00436814000000000
-0.00435066000000000
-0.00429385000000000
-0.00423995000000000
-0.00422247000000000
-0.00420949000000000
-0.00417320000000000
-0.00414036000000000
-0.00416234000000000
-0.00418433000000000
-0.00397071000000000
-0.00328101000000000
-0.00219559000000000
-0.00112713000000000
-0.000495535000000000
-0.000460347000000000
-0.000885468000000000
-0.00144934000000000
-0.00187656000000000
-0.00221850000000000
-0.00269963000000000
-0.00326922000000000
-0.00371750000000000
-0.00423571000000000
-0.00515227000000000
-0.00619041000000000
-0.00688488000000000
-0.00751672000000000