4.61295000000000e-05
0.000126392000000000
0.000181104000000000
0.000124310000000000
8.17408000000000e-05
0.000156577000000000
9.51679000000000e-05
-0.000400010000000000
-0.000831252000000000
-0.000308619000000000
0.00115732000000000
0.00242362000000000
0.00230899000000000
0.000505986000000000
-0.00237986000000000
-0.00516815000000000
-0.00661690000000000
-0.00637124000000000
-0.00539359000000000
-0.00472931000000000
-0.00430382000000000
-0.00358294000000000
-0.00276608000000000
-0.00224367000000000
-0.00158428000000000
-0.000131398000000000
0.00172258000000000
0.00285427000000000
0.00285163000000000
0.00232776000000000
0.00198042000000000
0.00180774000000000
0.00134020000000000
0.000316512000000000
-0.000934636000000000
-0.00177865000000000
-0.00188852000000000
-0.00158745000000000
-0.00149847000000000
-0.00178632000000000
-0.00204388000000000
-0.00188271000000000
-0.00127446000000000
-0.000280892000000000
0.000977476000000000
0.00197315000000000
0.00200990000000000
0.00110405000000000
0.000116572000000000
-0.000453362000000000
-0.00108481000000000
-0.00217320000000000
-0.00314185000000000
-0.00330872000000000
-0.00292316000000000
-0.00253853000000000
-0.00203450000000000
-0.000916667000000000
0.000764387000000000
0.00252068000000000
0.00408327000000000
0.00551193000000000
0.00682568000000000
0.00794309000000000
0.00889561000000000
0.00982341000000000
0.0108217000000000
0.0117241000000000
0.0121034000000000
0.0115029000000000
0.00988913000000000
0.00767679000000000
0.00539108000000000
0.00335499000000000
0.00177970000000000
0.000714011000000000
-0.000198584000000000
-0.00160954000000000
-0.00386801000000000
-0.00645308000000000
-0.00816932000000000
-0.00816945000000000
-0.00692736000000000
-0.00589127000000000
-0.00618084000000000
-0.00752474000000000
-0.00853293000000000
-0.00816377000000000
-0.00687222000000000
-0.00599295000000000
-0.00619009000000000
-0.00669399000000000
-0.00613535000000000
-0.00414277000000000
-0.00188231000000000
-0.000921744000000000
-0.00181210000000000
-0.00383033000000000
-0.00575865000000000
-0.00683613000000000
-0.00697919000000000
-0.00621680000000000
-0.00441885000000000
-0.00189540000000000
0.000164127000000000
0.000464588000000000
-0.00121239000000000
-0.00383774000000000
-0.00594786000000000
-0.00641117000000000
-0.00485941000000000
-0.00190003000000000
0.00122012000000000
0.00354262000000000
0.00472270000000000
0.00471278000000000
0.00393532000000000
0.00366400000000000
0.00513192000000000
0.00775851000000000
0.00921202000000000
0.00800775000000000
0.00548257000000000
0.00428081000000000
0.00540377000000000
0.00720595000000000
0.00718228000000000
0.00472375000000000
0.00180245000000000
0.000918029000000000
0.00297102000000000
0.00732085000000000
0.0126662000000000
0.0172774000000000
0.0192660000000000
0.0179755000000000
0.0149926000000000
0.0124704000000000
0.0108883000000000
0.00942133000000000
0.00787420000000000
0.00670629000000000
0.00582133000000000
0.00432854000000000
0.00135527000000000
-0.00300580000000000
-0.00713561000000000
-0.00836845000000000
-0.00525291000000000
0.000408169000000000
0.00459933000000000
0.00526084000000000
0.00439241000000000
0.00509133000000000
0.00763766000000000
0.00961027000000000
0.00906750000000000
0.00674278000000000
0.00527790000000000
0.00626995000000000
0.00852447000000000
0.00926980000000000
0.00685147000000000
0.00231904000000000
-0.00144227000000000
-0.00231864000000000
-0.000536807000000000
0.00170883000000000
0.00159605000000000
-0.00256325000000000
-0.00977185000000000
-0.0170685000000000
-0.0220229000000000
-0.0245999000000000
-0.0266612000000000
-0.0295687000000000
-0.0325609000000000
-0.0335222000000000
-0.0314331000000000
-0.0273805000000000
-0.0232221000000000
-0.0192819000000000
-0.0146621000000000
-0.00941670000000000
-0.00497749000000000
-0.00181686000000000
0.00166890000000000
0.00683124000000000
0.0125067000000000
0.0158164000000000
0.0149860000000000
0.0105668000000000
0.00458717000000000
-0.00106498000000000
-0.00499058000000000
-0.00621389000000000
-0.00496770000000000
-0.00296745000000000
-0.00179359000000000
-0.000759429000000000
0.00226932000000000
0.00723610000000000
0.0103594000000000
0.00837664000000000
0.00329338000000000
0.000672400000000000
0.00363755000000000
0.00968775000000000
0.0134774000000000
0.0122075000000000
0.00781510000000000
0.00426997000000000
0.00395369000000000
0.00652779000000000
0.0100728000000000
0.0125768000000000
0.0126389000000000
0.00984470000000000
0.00534044000000000
0.00119396000000000
-0.00132018000000000
-0.00237510000000000
-0.00261667000000000
-0.00219184000000000
-0.00100945000000000
0.000656164000000000
0.00215958000000000
0.00320558000000000
0.00418773000000000
0.00546750000000000
0.00643272000000000
0.00542347000000000
0.00118058000000000
-0.00573538000000000
-0.0130322000000000
-0.0188628000000000
-0.0232684000000000
-0.0274783000000000
-0.0324380000000000
-0.0380071000000000
-0.0429985000000000
-0.0450215000000000
-0.0415599000000000
-0.0319210000000000
-0.0186684000000000
-0.00548271000000000
0.00558187000000000
0.0144426000000000
0.0214926000000000
0.0264695000000000
0.0285546000000000
0.0269151000000000
0.0220916000000000
0.0162712000000000
0.0119306000000000
0.00951402000000000
0.00750464000000000
0.00541289000000000
0.00538354000000000
0.00967823000000000
0.0171531000000000
0.0237550000000000
0.0261297000000000
0.0246951000000000
0.0230714000000000
0.0243354000000000
0.0281831000000000
0.0317160000000000
0.0325318000000000
0.0303356000000000
0.0263280000000000
0.0207905000000000
0.0124653000000000
-0.000283100000000000
-0.0175154000000000
-0.0370882000000000
-0.0552898000000000
-0.0683454000000000
-0.0740389000000000
-0.0721256000000000
-0.0645850000000000
-0.0541898000000000
-0.0433172000000000
-0.0326667000000000
-0.0216434000000000
-0.00920700000000000
0.00471569000000000
0.0184172000000000
0.0292276000000000
0.0345985000000000
0.0330911000000000
0.0241701000000000
0.00913308000000000
-0.00792312000000000
-0.0207125000000000
-0.0247413000000000
-0.0208791000000000
-0.0145695000000000
-0.0116965000000000
-0.0142733000000000
-0.0196693000000000
-0.0228400000000000
-0.0198597000000000
-0.00952301000000000
0.00646802000000000
0.0245681000000000
0.0406225000000000
0.0507930000000000
0.0527776000000000
0.0462710000000000
0.0332326000000000
0.0172748000000000
0.00293493000000000
-0.00610574000000000
-0.00854853000000000
-0.00539756000000000
0.00110334000000000
0.00894374000000000
0.0167446000000000
0.0234588000000000
0.0277282000000000
0.0277930000000000
0.0225279000000000
0.0125255000000000
0.000483270000000000
-0.0105136000000000
-0.0186790000000000
-0.0240326000000000
-0.0277401000000000
-0.0303779000000000
-0.0309756000000000
-0.0270790000000000
-0.0168160000000000
-0.00100389000000000
0.0159142000000000
0.0289473000000000
0.0365104000000000
0.0415282000000000
0.0486655000000000
0.0593477000000000
0.0696584000000000
0.0729520000000000
0.0655674000000000
0.0495131000000000
0.0310695000000000
0.0156365000000000
0.00470207000000000
-0.00339704000000000
-0.0109852000000000
-0.0194789000000000
-0.0289552000000000
-0.0376105000000000
-0.0423546000000000
-0.0397723000000000
-0.0284369000000000
-0.0102014000000000
0.00977872000000000
0.0249476000000000
0.0301743000000000
0.0237245000000000
0.00822631000000000
-0.0111615000000000
-0.0293916000000000
-0.0437945000000000
-0.0537785000000000
-0.0588902000000000
-0.0582833000000000
-0.0516326000000000
-0.0404162000000000
-0.0265739000000000
-0.0115791000000000
0.00383403000000000
0.0188271000000000
0.0315005000000000
0.0390464000000000
0.0395964000000000
0.0345310000000000
0.0276978000000000
0.0231057000000000
0.0226126000000000
0.0251750000000000
0.0266176000000000
0.0219924000000000
0.0103021000000000
-0.00373606000000000
-0.0142522000000000
-0.0187834000000000
-0.0173158000000000
-0.0108666000000000
-0.00327341000000000
-0.000896292000000000
-0.00659377000000000
-0.0161760000000000
-0.0242402000000000
-0.0305102000000000
-0.0378458000000000
-0.0470352000000000
-0.0564309000000000
-0.0641884000000000
-0.0678258000000000
-0.0642571000000000
-0.0518230000000000
-0.0325146000000000
-0.0101681000000000
0.0114488000000000
0.0288058000000000
0.0388586000000000
0.0401465000000000
0.0339268000000000
0.0229696000000000
0.0103155000000000
-0.00218272000000000
-0.0135792000000000
-0.0224777000000000
-0.0266017000000000
-0.0247162000000000
-0.0186644000000000
-0.0110804000000000
-0.00262011000000000
0.00752223000000000
0.0185692000000000
0.0276965000000000
0.0323666000000000
0.0315732000000000
0.0257766000000000
0.0160663000000000
0.00399429000000000
-0.00892761000000000
-0.0208381000000000
-0.0288455000000000
-0.0302708000000000
-0.0248405000000000
-0.0151804000000000
-0.00405352000000000
0.00698686000000000
0.0166004000000000
0.0228677000000000
0.0244597000000000
0.0218642000000000
0.0167736000000000
0.0110741000000000
0.00687447000000000
0.00690991000000000
0.0134628000000000
0.0260001000000000
0.0401505000000000
0.0499018000000000
0.0510971000000000
0.0432722000000000
0.0279623000000000
0.00741129000000000
-0.0147797000000000
-0.0328941000000000
-0.0416882000000000
-0.0403038000000000
-0.0328875000000000
-0.0255717000000000
-0.0222516000000000
-0.0233742000000000
-0.0270539000000000
-0.0307521000000000
-0.0319672000000000
-0.0290954000000000
-0.0223256000000000
-0.0137563000000000
-0.00558306000000000
0.00171121000000000
0.00918624000000000
0.0175207000000000
0.0260371000000000
0.0334640000000000
0.0387634000000000
0.0413008000000000
0.0404387000000000
0.0361468000000000
0.0293598000000000
0.0218853000000000
0.0146832000000000
0.00687844000000000
-0.00322158000000000
-0.0156471000000000
-0.0277613000000000
-0.0359392000000000
-0.0382808000000000
-0.0361402000000000
-0.0323956000000000
-0.0290531000000000
-0.0257555000000000
-0.0209003000000000
-0.0135488000000000
-0.00454235000000000
0.00420650000000000
0.0108505000000000
0.0142376000000000
0.0142588000000000
0.0121391000000000
0.0106280000000000
0.0124426000000000
0.0177904000000000
0.0233424000000000
0.0246924000000000
0.0197486000000000
0.0100437000000000
-0.00132923000000000
-0.0120462000000000
-0.0207720000000000
-0.0260252000000000
-0.0258361000000000
-0.0197024000000000
-0.00998737000000000
-0.000595500000000000
0.00693384000000000
0.0142152000000000
0.0228492000000000
0.0317927000000000
0.0389763000000000
0.0439677000000000
0.0470141000000000
0.0472428000000000
0.0425199000000000
0.0317187000000000
0.0155453000000000
-0.00361600000000000
-0.0220652000000000
-0.0353363000000000
-0.0394973000000000
-0.0332353000000000
-0.0187424000000000
-0.00156273000000000
0.0122722000000000
0.0193388000000000
0.0202392000000000
0.0184185000000000
0.0173713000000000
0.0183947000000000
0.0194842000000000
0.0170883000000000
0.00955514000000000
-0.000717594000000000
-0.00985171000000000
-0.0160464000000000
-0.0201070000000000
-0.0237153000000000
-0.0279107000000000
-0.0326350000000000
-0.0363345000000000
-0.0366902000000000
-0.0324247000000000
-0.0248775000000000
-0.0165198000000000
-0.00886798000000000
-0.00242085000000000
0.00219091000000000
0.00400553000000000
0.00259551000000000
-0.00111212000000000
-0.00453071000000000
-0.00446870000000000
0.000584142000000000
0.00874938000000000
0.0160557000000000
0.0197685000000000
0.0198822000000000
0.0172073000000000
0.0118599000000000
0.00468501000000000
-0.00121947000000000
-0.00162699000000000
0.00584618000000000
0.0200448000000000
0.0367100000000000
0.0505180000000000
0.0572507000000000
0.0553269000000000
0.0465751000000000
0.0350930000000000
0.0252702000000000
0.0193017000000000
0.0163995000000000
0.0144849000000000
0.0126770000000000
0.0117632000000000
0.0125793000000000
0.0145444000000000
0.0155678000000000
0.0134298000000000
0.00748745000000000
-0.000834597000000000
-0.00904397000000000
-0.0156445000000000
-0.0209386000000000
-0.0255770000000000
-0.0291086000000000
-0.0302708000000000
-0.0285149000000000
-0.0247321000000000
-0.0209069000000000
-0.0188786000000000
-0.0194644000000000
-0.0224433000000000
-0.0269058000000000
-0.0317081000000000
-0.0357779000000000
-0.0383602000000000
-0.0391429000000000
-0.0379820000000000
-0.0347439000000000
-0.0296930000000000
-0.0241172000000000
-0.0197671000000000
-0.0176516000000000
-0.0174837000000000
-0.0181884000000000
-0.0190439000000000
-0.0202802000000000
-0.0223243000000000
-0.0244465000000000
-0.0241979000000000
-0.0189236000000000
-0.00810162000000000
0.00557698000000000
0.0183458000000000
0.0280165000000000
0.0347664000000000
0.0399825000000000
0.0441277000000000
0.0459695000000000
0.0436940000000000
0.0372614000000000
0.0288230000000000
0.0213723000000000
0.0165079000000000
0.0137233000000000
0.0116642000000000
0.00974686000000000
0.00863527000000000
0.00905772000000000
0.0103856000000000
0.0108008000000000
0.00943257000000000
0.00736766000000000
0.00569201000000000
0.00369983000000000
-3.10470000000000e-06
-0.00537799000000000
-0.0107451000000000
-0.0140909000000000
-0.0140089000000000
-0.0103639000000000
-0.00484725000000000
-0.000512491000000000
0.000656970000000000
-0.000622764000000000
-0.00220586000000000
-0.00268529000000000
-0.00197103000000000
-0.000679607000000000
0.000148392000000000
-0.000572692000000000
-0.00353508000000000
-0.00865537000000000
-0.0154263000000000
-0.0231190000000000
-0.0304308000000000
-0.0354989000000000
-0.0366915000000000
-0.0336531000000000
-0.0277018000000000
-0.0216738000000000
-0.0183431000000000
-0.0185335000000000
-0.0203714000000000
-0.0207535000000000
-0.0177362000000000
-0.0118069000000000
-0.00506026000000000
0.000501623000000000
0.00412228000000000
0.00629375000000000
0.00779090000000000
0.00902030000000000
0.0103282000000000
0.0122899000000000
0.0147864000000000
0.0165423000000000
0.0156498000000000
0.0107761000000000
0.00197354000000000
-0.00867295000000000
-0.0171068000000000
-0.0192026000000000
-0.0138634000000000
-0.00442506000000000
0.00421589000000000
0.00927853000000000
0.0110231000000000
0.0110187000000000
0.0103200000000000
0.00909844000000000
0.00739291000000000
0.00583746000000000
0.00526401000000000
0.00594495000000000
0.00701119000000000
0.00690118000000000
0.00437680000000000
-0.000692591000000000
-0.00726003000000000
-0.0134998000000000
-0.0177323000000000
-0.0193282000000000
-0.0187755000000000
-0.0171716000000000
-0.0156749000000000
-0.0152055000000000
-0.0162395000000000
-0.0188006000000000
-0.0223349000000000
-0.0256748000000000
-0.0268846000000000
-0.0239176000000000
-0.0156379000000000
-0.00288600000000000
0.0116780000000000
0.0245708000000000
0.0331017000000000
0.0365739000000000
0.0360291000000000
0.0334164000000000
0.0301968000000000
0.0267154000000000
0.0225028000000000
0.0177137000000000
0.0136056000000000
0.0114790000000000
0.0112193000000000
0.0112895000000000
0.0105915000000000
0.00969608000000000
0.0100539000000000
0.0121168000000000
0.0143289000000000
0.0141861000000000
0.0106907000000000
0.00541541000000000
0.000848573000000000
-0.00144994000000000
-0.000727643000000000
0.00323071000000000
0.00938510000000000
0.0153271000000000
0.0193176000000000
0.0216116000000000
0.0227593000000000
0.0220599000000000
0.0186512000000000
0.0131164000000000
0.00662061000000000
-4.45600000000000e-05
-0.00591111000000000
-0.00948704000000000
-0.0101406000000000
-0.00914340000000000
-0.00814023000000000
-0.00744977000000000
-0.00606091000000000
-0.00308910000000000
0.00120868000000000
0.00549064000000000
0.00828488000000000
0.00878428000000000
0.00657592000000000
0.00164497000000000
-0.00478590000000000
-0.0100143000000000
-0.0118781000000000
-0.0106897000000000
-0.00814724000000000
-0.00523638000000000
-0.00219171000000000
0.000303039000000000
0.00139216000000000
0.00100627000000000
-0.000547953000000000
-0.00326046000000000
-0.00705694000000000
-0.0112749000000000
-0.0153192000000000
-0.0189632000000000
-0.0215455000000000
-0.0219792000000000
-0.0199126000000000
-0.0163386000000000
-0.0121911000000000
-0.00746339000000000
-0.00212903000000000
0.00267961000000000
0.00504439000000000
0.00378141000000000
-0.000882461000000000
-0.00757882000000000
-0.0147440000000000
-0.0210180000000000
-0.0250745000000000
-0.0257039000000000
-0.0225015000000000
-0.0166785000000000
-0.0102504000000000
-0.00462340000000000
9.43217000000000e-05
0.00426217000000000
0.00789007000000000
0.0107303000000000
0.0127614000000000
0.0143527000000000
0.0157000000000000
0.0164814000000000
0.0160716000000000
0.0144069000000000
0.0124480000000000
0.0116289000000000
0.0124097000000000
0.0136294000000000
0.0136519000000000
0.0119904000000000
0.00980094000000000
0.00897759000000000
0.0107086000000000
0.0145087000000000
0.0184132000000000
0.0202352000000000
0.0188773000000000
0.0147599000000000
0.00920197000000000
0.00392368000000000
0.000928725000000000
0.00180350000000000
0.00641963000000000
0.0124549000000000
0.0168120000000000
0.0176503000000000
0.0151050000000000
0.0105434000000000
0.00516775000000000
-0.000453547000000000
-0.00603235000000000
-0.0111218000000000
-0.0151989000000000
-0.0178182000000000
-0.0184859000000000
-0.0168953000000000
-0.0135303000000000
-0.0101115000000000
-0.00823160000000000
-0.00765894000000000
-0.00662986000000000
-0.00397763000000000
-0.000542466000000000
0.00159288000000000
0.00117668000000000
-0.000859772000000000
-0.00226588000000000
-0.00159420000000000
0.000371927000000000
0.00155585000000000
0.000978520000000000
-0.000407957000000000
-0.00149543000000000
-0.00241199000000000
-0.00354182000000000
-0.00428808000000000
-0.00378366000000000
-0.00226721000000000
-0.000981165000000000
-0.000956320000000000
-0.00256312000000000
-0.00574252000000000
-0.00999173000000000
-0.0142548000000000
-0.0173753000000000
-0.0186300000000000
-0.0176728000000000
-0.0146700000000000
-0.0105718000000000
-0.00683811000000000
-0.00454116000000000
-0.00403951000000000
-0.00543154000000000
-0.00863897000000000
-0.0127419000000000
-0.0157331000000000
-0.0157000000000000
-0.0123900000000000
-0.00728965000000000
-0.00236769000000000
0.00154435000000000
0.00503328000000000
0.00893541000000000
0.0130561000000000
0.0162474000000000
0.0176133000000000
0.0172470000000000
0.0159737000000000
0.0145801000000000
0.0137127000000000
0.0139573000000000
0.0155440000000000
0.0177680000000000
0.0191325000000000
0.0180681000000000
0.0138965000000000
0.00720688000000000
-0.000444609000000000
-0.00707862000000000
-0.0106758000000000
-0.00947937000000000
-0.00309134000000000
0.00636000000000000
0.0145431000000000
0.0179227000000000
0.0163981000000000
0.0129769000000000
0.0112814000000000
0.0131959000000000
0.0179676000000000
0.0226972000000000
0.0242534000000000
0.0214345000000000
0.0157317000000000
0.00942648000000000
0.00368714000000000
-0.00136942000000000
-0.00566993000000000
-0.00911233000000000
-0.0119144000000000
-0.0143778000000000
-0.0165185000000000
-0.0179610000000000
-0.0182995000000000
-0.0171968000000000
-0.0147017000000000
-0.0115970000000000
-0.00926346000000000
-0.00882607000000000
-0.0104390000000000
-0.0134258000000000
-0.0167366000000000
-0.0194273000000000
-0.0210233000000000
-0.0213379000000000
-0.0200501000000000
-0.0164973000000000
-0.0103629000000000
-0.00227131000000000
0.00615915000000000
0.0132711000000000
0.0182995000000000
0.0212771000000000
0.0223217000000000
0.0211647000000000
0.0179068000000000
0.0136982000000000
0.0104176000000000
0.00885820000000000
0.00786190000000000
0.00540390000000000
0.000553771000000000
-0.00581630000000000
-0.0118812000000000
-0.0164590000000000
-0.0197949000000000
-0.0225888000000000
-0.0248207000000000
-0.0256669000000000
-0.0245377000000000
-0.0215072000000000
-0.0172483000000000
-0.0125642000000000
-0.00807901000000000
-0.00387277000000000
0.000160729000000000
0.00340894000000000
0.00478034000000000
0.00440259000000000
0.00419249000000000
0.00561982000000000
0.00797033000000000
0.00953623000000000
0.00968696000000000
0.00855818000000000
0.00592459000000000
0.00148459000000000
-0.00402708000000000
-0.00903379000000000
-0.0121878000000000
-0.0127168000000000
-0.0104753000000000
-0.00618732000000000
-0.00142747000000000
0.00232988000000000
0.00428504000000000
0.00416022000000000
0.00223851000000000
-0.000249463000000000
-0.00152703000000000
-0.000761716000000000
0.00122218000000000
0.00301426000000000
0.00400143000000000
0.00450374000000000
0.00505603000000000
0.00575125000000000
0.00608471000000000
0.00531320000000000
0.00318443000000000
0.000318178000000000
-0.00216275000000000
-0.00339916000000000
-0.00314318000000000
-0.00142628000000000
0.00157251000000000
0.00528464000000000
0.00858423000000000
0.0101522000000000
0.00925394000000000
0.00620821000000000
0.00217954000000000
-0.00160345000000000
-0.00427089000000000
-0.00509054000000000
-0.00346659000000000
0.000449250000000000
0.00528662000000000
0.00911814000000000
0.0105776000000000
0.00945412000000000
0.00658927000000000
0.00323295000000000
0.000409848000000000
-0.00145788000000000
-0.00239242000000000
-0.00253998000000000
-0.00206834000000000
-0.00129642000000000
-0.000769200000000000
-0.000963844000000000
-0.00190783000000000
-0.00285744000000000
-0.00268265000000000
-0.000996172000000000
0.00129520000000000
0.00266585000000000
0.00194776000000000
-0.00119871000000000
-0.00590793000000000
-0.0100605000000000
-0.0113761000000000
-0.00942463000000000
-0.00632985000000000
-0.00472322000000000
-0.00533673000000000
-0.00677888000000000
-0.00722380000000000
-0.00593041000000000
-0.00346990000000000
-0.00100486000000000
0.000332286000000000
-0.000133623000000000
-0.00206134000000000
-0.00396824000000000
-0.00411937000000000
-0.00206596000000000
0.000730829000000000
0.00237193000000000
0.00249093000000000
0.00224050000000000
0.00259260000000000
0.00312572000000000
0.00266334000000000
0.000841393000000000
-0.00132367000000000
-0.00251896000000000
-0.00234601000000000
-0.00129884000000000
3.96969000000000e-05
0.00137312000000000
0.00233173000000000
0.00245047000000000
0.00175233000000000
0.00104523000000000
0.00134932000000000
0.00297565000000000
0.00511275000000000
0.00637177000000000
0.00598912000000000
0.00449408000000000
0.00307654000000000
0.00220229000000000
0.00131940000000000
-8.15742000000000e-05
-0.00168331000000000
-0.00295873000000000
-0.00399151000000000
-0.00512703000000000
-0.00612478000000000
-0.00599414000000000
-0.00392818000000000
-0.000327817000000000
0.00314450000000000
0.00480309000000000
0.00420174000000000
0.00225068000000000
0.000418006000000000
-0.000225015000000000
0.000508128000000000
0.00200395000000000
0.00339175000000000
0.00425688000000000
0.00484672000000000
0.00537521000000000
0.00549646000000000
0.00455715000000000
0.00217597000000000
-0.00156960000000000
-0.00605536000000000
-0.0100782000000000
-0.0121838000000000
-0.0116621000000000
-0.00944050000000000
-0.00743152000000000
-0.00690806000000000
-0.00739767000000000
-0.00736581000000000
-0.00579673000000000
-0.00304903000000000
2.26205000000000e-05
0.00316658000000000
0.00660289000000000
0.0100679000000000
0.0125630000000000
0.0133451000000000
0.0128806000000000
0.0125049000000000
0.0129326000000000
0.0136083000000000
0.0137259000000000
0.0134853000000000
0.0138396000000000
0.0152862000000000
0.0171571000000000
0.0181223000000000
0.0169707000000000
0.0132605000000000
0.00743470000000000
0.000675428000000000
-0.00568461000000000
-0.0105703000000000
-0.0131303000000000
-0.0129769000000000
-0.0105754000000000
-0.00726400000000000
-0.00424670000000000
-0.00192674000000000
-0.000144836000000000
0.00112842000000000
0.00172801000000000
0.00170566000000000
0.00149225000000000
0.00165687000000000
0.00241186000000000
0.00344332000000000
0.00401690000000000
0.00338779000000000
0.00140380000000000
-0.00115333000000000
-0.00294392000000000
-0.00288521000000000
-0.000848255000000000
0.00209955000000000
0.00434309000000000
0.00490291000000000
0.00411262000000000
0.00306649000000000
0.00232380000000000
0.00150006000000000
0.000184039000000000
-0.00124515000000000
-0.00217584000000000
-0.00264470000000000
-0.00309967000000000
-0.00353191000000000
-0.00337298000000000
-0.00234019000000000
-0.00110264000000000
-0.000931145000000000
-0.00274030000000000
-0.00633726000000000
-0.0105496000000000
-0.0140274000000000
-0.0159393000000000
-0.0160279000000000
-0.0141014000000000
-0.0101303000000000
-0.00477598000000000
0.000481644000000000
0.00423136000000000
0.00592115000000000
0.00595646000000000
0.00537349000000000
0.00524180000000000
0.00608194000000000
0.00745532000000000
0.00834597000000000
0.00792987000000000
0.00615836000000000
0.00360079000000000
0.00101199000000000
-0.00114962000000000
-0.00286776000000000
-0.00426931000000000
-0.00538539000000000
-0.00620239000000000
-0.00664943000000000
-0.00619234000000000
-0.00412029000000000
-0.000694085000000000
0.00242997000000000
0.00355029000000000
0.00227580000000000
-0.000706117000000000
-0.00427764000000000
-0.00694296000000000
-0.00719326000000000
-0.00484593000000000
-0.00164510000000000
0.000486351000000000
0.00136043000000000
0.00229484000000000
0.00440021000000000
0.00758226000000000
0.0108000000000000
0.0127164000000000
0.0123381000000000
0.00937373000000000
0.00452106000000000
-0.000751019000000000
-0.00469691000000000
-0.00626506000000000
-0.00593305000000000
-0.00534467000000000
-0.00588519000000000
-0.00747238000000000
-0.00885727000000000
-0.00884735000000000
-0.00728053000000000
-0.00477320000000000
-0.00203066000000000
0.000507639000000000
0.00248286000000000
0.00346831000000000
0.00330092000000000
0.00252028000000000
0.00220414000000000
0.00299310000000000
0.00439175000000000
0.00512320000000000
0.00430924000000000
0.00222807000000000
2.47215000000000e-05
-0.00158587000000000
-0.00305723000000000
-0.00540893000000000
-0.00904833000000000
-0.0132152000000000
-0.0163902000000000
-0.0172827000000000
-0.0157701000000000
-0.0127828000000000
-0.00956413000000000
-0.00661413000000000
-0.00351816000000000
0.000172430000000000
0.00399125000000000
0.00672943000000000
0.00746074000000000
0.00641328000000000
0.00498635000000000
0.00468594000000000
0.00609965000000000
0.00868855000000000
0.0113273000000000
0.0129441000000000
0.0129930000000000
0.0115591000000000
0.00924177000000000
0.00676962000000000
0.00473486000000000
0.00341317000000000
0.00264007000000000
0.00188337000000000
0.000728912000000000
-0.000473790000000000
-0.000711617000000000
0.000670787000000000
0.00302206000000000
0.00465169000000000
0.00408380000000000
0.00125497000000000
-0.00236307000000000
-0.00506528000000000
-0.00622249000000000
-0.00617489000000000
-0.00537230000000000
-0.00390676000000000
-0.00176133000000000
0.000949312000000000
0.00381156000000000
0.00612795000000000
0.00728859000000000
0.00742081000000000
0.00734214000000000
0.00733672000000000
0.00668302000000000
0.00467774000000000
0.00166824000000000
-0.00148538000000000
-0.00422356000000000
-0.00625911000000000
-0.00732350000000000
-0.00756665000000000
-0.00788147000000000
-0.00911550000000000
-0.0111226000000000
-0.0129126000000000
-0.0136572000000000
-0.0133319000000000
-0.0126319000000000
-0.0121770000000000
-0.0118627000000000
-0.0109592000000000
-0.00893356000000000
-0.00589669000000000
-0.00241543000000000
0.00110352000000000
0.00460991000000000
0.00809342000000000
0.0112332000000000
0.0132896000000000
0.0135620000000000
0.0120063000000000
0.00949207000000000
0.00712054000000000
0.00557777000000000
0.00493901000000000
0.00485664000000000
0.00478471000000000
0.00425397000000000
0.00317980000000000
0.00194525000000000
0.00105726000000000
0.000637811000000000
0.000274902000000000
-0.000594244000000000
-0.00207377000000000
-0.00363755000000000
-0.00462697000000000
-0.00481697000000000
-0.00420016000000000
-0.00264642000000000
-1.41953000000000e-05
0.00339678000000000
0.00677795000000000
0.00914247000000000
0.00961821000000000
0.00783744000000000
0.00423242000000000
-2.21075000000000e-05
-0.00361375000000000
-0.00553771000000000
-0.00515559000000000
-0.00241992000000000
0.00165753000000000
0.00506343000000000
0.00602217000000000
0.00428068000000000
0.00129880000000000
-0.000769094000000000
-0.000569188000000000
0.00163638000000000
0.00433555000000000
0.00584156000000000
0.00521311000000000
0.00271398000000000
-0.000539108000000000
-0.00338474000000000
-0.00548178000000000
-0.00739596000000000
-0.00980385000000000
-0.0126831000000000
-0.0153338000000000
-0.0169905000000000
-0.0169773000000000
-0.0147678000000000
-0.0101993000000000
-0.00408010000000000
0.00195265000000000
0.00631610000000000
0.00850252000000000
0.00926041000000000
0.00961728000000000
0.00992232000000000
0.00962667000000000
0.00810559000000000
0.00524272000000000
0.00147004000000000
-0.00272324000000000
-0.00685543000000000
-0.0102258000000000
-0.0120810000000000
-0.0122726000000000
-0.0116568000000000
-0.0113642000000000
-0.0118274000000000
-0.0123322000000000
-0.0116544000000000
-0.00891532000000000
-0.00422025000000000
0.00141398000000000
0.00653916000000000
0.00986665000000000
0.0107469000000000
0.00921017000000000
0.00596307000000000
0.00206874000000000
-0.00141385000000000
-0.00386220000000000
-0.00517860000000000
-0.00555900000000000
-0.00521377000000000
-0.00411381000000000
-0.00212890000000000
0.000497498000000000
0.00279437000000000
0.00356047000000000
0.00228069000000000
-0.000519526000000000
-0.00358453000000000
-0.00574080000000000
-0.00659258000000000
-0.00664943000000000
-0.00670404000000000
-0.00685768000000000
-0.00643616000000000
-0.00483667000000000
-0.00222939000000000
0.000962931000000000
0.00456244000000000
0.00841869000000000
0.0120285000000000
0.0146925000000000
0.0159816000000000
0.0157000000000000
0.0137920000000000
0.0105040000000000
0.00673432000000000
0.00381010000000000
0.00283761000000000
0.00396163000000000
0.00614844000000000
0.00783308000000000
0.00789562000000000
0.00617515000000000
0.00331440000000000
0.000433793000000000
-0.00125395000000000
-0.000939806000000000
0.00134562000000000
0.00470088000000000
0.00764162000000000
0.00868089000000000
0.00719485000000000
0.00406013000000000
0.00121982000000000
5.65274000000000e-05
0.000293030000000000
0.000615016000000000
0.000114754000000000
-0.00117646000000000
-0.00278631000000000
-0.00446129000000000
-0.00623280000000000
-0.00806685000000000
-0.00974567000000000
-0.0109777000000000
-0.0115337000000000
-0.0111754000000000
-0.00969833000000000
-0.00699546000000000
-0.00336121000000000
0.000542545000000000
0.00404572000000000
0.00685385000000000
0.00895102000000000
0.0100942000000000
0.00983531000000000
0.00817157000000000
0.00601701000000000
0.00444093000000000
0.00376806000000000
0.00356906000000000
0.00330713000000000
0.00268992000000000
0.00171716000000000
0.000688571000000000
-4.56350000000000e-05
-0.000555014000000000
-0.00129788000000000
-0.00228268000000000
-0.00274849000000000
-0.00210563000000000
-0.000817289000000000
0.000218972000000000
0.000736806000000000
0.00111573000000000
0.00161800000000000
0.00203436000000000
0.00199245000000000
0.00141477000000000
0.000724231000000000
0.000605047000000000
0.00142456000000000
0.00260913000000000
0.00287701000000000
0.00138582000000000
-0.00145960000000000
-0.00438963000000000
-0.00611354000000000
-0.00587091000000000
-0.00379529000000000
-0.000990539000000000
0.00100645000000000
0.00128330000000000
8.76207000000000e-05
-0.00181990000000000
-0.00393981000000000
-0.00602085000000000
-0.00771990000000000
-0.00861980000000000
-0.00845703000000000
-0.00712940000000000
-0.00476355000000000
-0.00175220000000000
0.00128066000000000
0.00392302000000000
0.00620927000000000
0.00827801000000000
0.00993858000000000
0.0106177000000000
0.00986321000000000
0.00771963000000000
0.00481076000000000
0.00186486000000000
-0.000663224000000000
-0.00252530000000000
-0.00342388000000000
-0.00306781000000000
-0.00160504000000000
0.000331797000000000
0.00201836000000000
0.00323956000000000
0.00434481000000000
0.00568897000000000
0.00707783000000000
0.00773458000000000
0.00690898000000000
0.00450942000000000
0.00131662000000000
-0.00158983000000000
-0.00349951000000000
-0.00432775000000000
-0.00443895000000000
-0.00424604000000000
-0.00397432000000000
-0.00365077000000000
-0.00329457000000000
-0.00295238000000000
-0.00263505000000000
-0.00221075000000000
-0.00152333000000000
-0.000611605000000000
0.000281765000000000
0.000910082000000000
0.00118283000000000
0.00102907000000000
0.000281936000000000
-0.00117416000000000
-0.00306226000000000
-0.00469096000000000
-0.00539346000000000
-0.00501306000000000
-0.00395938000000000
-0.00271676000000000
-0.00148009000000000
-0.000316922000000000
0.000477122000000000
0.000451775000000000
-0.000521192000000000
-0.00203079000000000
-0.00342137000000000
-0.00430091000000000
-0.00467060000000000
-0.00471714000000000
-0.00462234000000000
-0.00448800000000000
-0.00437006000000000
-0.00420637000000000
-0.00375007000000000
-0.00262989000000000
-0.000756877000000000
0.00144135000000000
0.00333424000000000
0.00464627000000000
0.00552938000000000
0.00595223000000000
0.00546155000000000
0.00365725000000000
0.000826399000000000
-0.00224711000000000
-0.00485703000000000
-0.00675627000000000
-0.00804543000000000
-0.00884273000000000
-0.00919999000000000
-0.00903550000000000
-0.00815226000000000
-0.00623663000000000
-0.00321206000000000
0.000388097000000000
0.00343988000000000
0.00496321000000000
0.00487012000000000
0.00384964000000000
0.00275563000000000
0.00207972000000000
0.00188561000000000
0.00197962000000000
0.00216011000000000
0.00247149000000000
0.00323798000000000
0.00459166000000000
0.00598568000000000
0.00641619000000000
0.00524894000000000
0.00266466000000000
-0.000533739000000000
-0.00363226000000000
-0.00641461000000000
-0.00882302000000000
-0.0103970000000000
-0.0102560000000000
-0.00796385000000000
-0.00425992000000000
-0.000808708000000000
0.00120602000000000
0.00192528000000000
0.00223799000000000
0.00274453000000000
0.00341291000000000
0.00395449000000000
0.00402152000000000
0.00326191000000000
0.00152928000000000
-0.000742319000000000
-0.00264060000000000
-0.00332604000000000
-0.00249212000000000
-0.000568315000000000
0.00156683000000000
0.00318126000000000
0.00421734000000000
0.00510442000000000
0.00598198000000000
0.00638803000000000
0.00580691000000000
0.00432233000000000
0.00241027000000000
0.000458122000000000
-0.00130299000000000
-0.00254210000000000
-0.00280099000000000
-0.00184251000000000
6.42598000000000e-05
0.00212692000000000
0.00332101000000000
0.00289989000000000
0.000932560000000000
-0.00164008000000000
-0.00367286000000000
-0.00450969000000000
-0.00393862000000000
-0.00194273000000000
0.00127786000000000
0.00512055000000000
0.00873298000000000
0.0112685000000000
0.0120545000000000
0.0109365000000000
0.00854827000000000
0.00605721000000000
0.00412532000000000
0.00252015000000000
0.000914816000000000
-0.000335830000000000
-0.000743615000000000
-0.000565790000000000
-0.000649182000000000
-0.00164325000000000
-0.00356972000000000
-0.00591864000000000
-0.00793912000000000
-0.00907411000000000
-0.00934517000000000
-0.00924984000000000
-0.00900681000000000
-0.00827153000000000
-0.00668566000000000
-0.00449475000000000
-0.00226099000000000
-0.000338422000000000
0.00127183000000000
0.00269455000000000
0.00396639000000000
0.00501477000000000
0.00569281000000000
0.00592195000000000
0.00571489000000000
0.00513919000000000
0.00414449000000000
0.00264417000000000
0.000758821000000000
-0.00106224000000000
-0.00234204000000000
-0.00294590000000000
-0.00304679000000000
-0.00286617000000000
-0.00242693000000000
-0.00159856000000000
-0.000283840000000000
0.00131040000000000
0.00268225000000000
0.00340775000000000
0.00352292000000000
0.00340035000000000
0.00317531000000000
0.00262658000000000
0.00172668000000000
0.00100728000000000
0.00100245000000000
0.00156537000000000
0.00196164000000000
0.00157106000000000
0.000335354000000000
-0.00134152000000000
-0.00299866000000000
-0.00436914000000000
-0.00533660000000000
-0.00581829000000000
-0.00567337000000000
-0.00481089000000000
-0.00326350000000000
-0.00123269000000000
0.000950383000000000
0.00283087000000000
0.00393042000000000
0.00396533000000000
0.00294577000000000
0.00120606000000000
-0.000713997000000000
-0.00222648000000000
-0.00300566000000000
-0.00315415000000000
-0.00312704000000000
-0.00345866000000000
-0.00446896000000000
-0.00609622000000000
-0.00778879000000000
-0.00868022000000000
-0.00796001000000000
-0.00540099000000000
-0.00156815000000000
0.00235249000000000
0.00520147000000000
0.00647450000000000
0.00644369000000000
0.00582053000000000
0.00514276000000000
0.00449686000000000
0.00360423000000000
0.00224301000000000
0.000457553000000000
-0.00145417000000000
-0.00311422000000000
-0.00420187000000000
-0.00442811000000000
-0.00363530000000000
-0.00192211000000000
0.000248921000000000
0.00214279000000000
0.00301942000000000
0.00250216000000000
0.000808721000000000
-0.00142495000000000
-0.00345839000000000
-0.00470908000000000
-0.00491257000000000
-0.00426878000000000
-0.00336994000000000
-0.00278274000000000
-0.00273858000000000
-0.00310113000000000
-0.00348219000000000
-0.00331242000000000
-0.00218139000000000
-0.000285282000000000
0.00159962000000000
0.00282809000000000
0.00342163000000000
0.00380838000000000
0.00429430000000000
0.00484817000000000
0.00525026000000000
0.00520821000000000
0.00447293000000000
0.00298557000000000
0.00110124000000000
-0.000426719000000000
-0.000855647000000000
-6.59615000000000e-05
0.00122983000000000
0.00214239000000000
0.00236505000000000
0.00212811000000000
0.00165819000000000
0.000931410000000000
-0.000147546000000000
-0.00158336000000000
-0.00320320000000000
-0.00451273000000000
-0.00481221000000000
-0.00382319000000000
-0.00215191000000000
-0.000614210000000000
0.000607400000000000
0.00192978000000000
0.00368476000000000
0.00575165000000000
0.00761359000000000
0.00857220000000000
0.00823675000000000
0.00695143000000000
0.00559086000000000
0.00458386000000000
0.00361217000000000
0.00249833000000000
0.00180179000000000
0.00205988000000000
0.00297856000000000
0.00376634000000000
0.00384659000000000
0.00293995000000000
0.000963857000000000
-0.00169363000000000
-0.00407349000000000
-0.00529469000000000
-0.00522157000000000
-0.00427023000000000
-0.00293043000000000
-0.00151434000000000
-0.000169733000000000
0.00108725000000000
0.00219951000000000
0.00292276000000000
0.00295767000000000
0.00216949000000000
0.000728449000000000
-0.00102735000000000
-0.00274625000000000
-0.00423559000000000
-0.00544661000000000
-0.00618441000000000
-0.00607268000000000
-0.00486959000000000
-0.00277110000000000
-0.000148498000000000
0.00265448000000000
0.00512610000000000
0.00650214000000000
0.00623730000000000
0.00455702000000000
0.00228069000000000
0.000305855000000000
-0.000775732000000000
-0.000769729000000000
0.000142588000000000
0.00149820000000000
0.00280680000000000
0.00377440000000000
0.00431783000000000
0.00439161000000000
0.00390834000000000
0.00290438000000000
0.00177587000000000
0.00120130000000000
0.00153747000000000
0.00239427000000000
0.00291628000000000
0.00246911000000000
0.000975360000000000
-0.00119928000000000
-0.00348550000000000
-0.00524748000000000
-0.00599930000000000
-0.00573274000000000
-0.00493081000000000
-0.00421430000000000
-0.00379450000000000
-0.00334098000000000
-0.00238409000000000
-0.000901289000000000
0.000646736000000000
0.00178354000000000
0.00237629000000000
0.00255254000000000
0.00234984000000000
0.00168715000000000
0.000631253000000000
-0.000425820000000000
-0.000966541000000000
-0.000711446000000000
0.000212348000000000
0.00141014000000000
0.00256127000000000
0.00354394000000000
0.00429893000000000
0.00472666000000000
0.00472455000000000
0.00426666000000000
0.00326482000000000
0.00155678000000000
-0.000792233000000000
-0.00316618000000000
-0.00468409000000000
-0.00485637000000000
-0.00395131000000000
-0.00284277000000000
-0.00250388000000000
-0.00345125000000000
-0.00543167000000000
-0.00765842000000000
-0.00938404000000000
-0.0102051000000000
-0.00980292000000000
-0.00794163000000000
-0.00490807000000000
-0.00171201000000000
0.000643960000000000
0.00190294000000000
0.00249807000000000
0.00299614000000000
0.00359815000000000
0.00404863000000000
0.00378366000000000
0.00241596000000000
0.000114971000000000
-0.00237259000000000
-0.00424035000000000
-0.00512703000000000
-0.00513034000000000
-0.00453547000000000
-0.00350718000000000
-0.00213565000000000
-0.000663039000000000
0.000474293000000000
0.00108386000000000
0.00145814000000000
0.00197579000000000
0.00264377000000000
0.00311276000000000
0.00304123000000000
0.00217373000000000
0.000384911000000000
-0.00217809000000000
-0.00496929000000000
-0.00730750000000000
-0.00875162000000000
-0.00909355000000000
-0.00826016000000000
-0.00628371000000000
-0.00348391000000000
-0.000434983000000000
0.00219660000000000
0.00389671000000000
0.00445085000000000
0.00392355000000000
0.00263941000000000
0.00113534000000000
9.50225000000000e-05
-9.87577000000000e-06
0.000728198000000000
0.00176410000000000
0.00259631000000000
0.00318112000000000
0.00384012000000000
0.00472256000000000
0.00542691000000000
0.00525185000000000
0.00387304000000000
0.00174903000000000
-9.38034000000000e-05
-0.000779341000000000
-0.000141715000000000
0.00129678000000000
0.00273712000000000
0.00353032000000000
0.00335209000000000
0.00219039000000000
0.000385889000000000
-0.00131725000000000
-0.00205168000000000
-0.00142469000000000
0.000137669000000000
0.00177997000000000
0.00288177000000000
0.00334164000000000
0.00337271000000000
0.00309253000000000
0.00236862000000000
0.000999993000000000
-0.000930775000000000
-0.00293691000000000
-0.00433582000000000
-0.00465222000000000
-0.00389962000000000
-0.00247757000000000
-0.000941472000000000
0.000286075000000000
0.00103672000000000
0.00132685000000000
0.00123998000000000
0.000963632000000000
0.000814407000000000
0.00101821000000000
0.00152914000000000
0.00198372000000000
0.00184727000000000
0.000672506000000000
-0.00149556000000000
-0.00391165000000000
-0.00549236000000000
-0.00560567000000000
-0.00453970000000000
-0.00302299000000000
-0.00151764000000000
-8.57048000000000e-05
0.00117638000000000
0.00187847000000000
0.00162659000000000
0.000529879000000000
-0.000713720000000000
-0.00142575000000000
-0.00151037000000000
-0.00134562000000000
-0.00122540000000000
-0.00102559000000000
-0.000441554000000000
0.000583865000000000
0.00173118000000000
0.00249965000000000
0.00247427000000000
0.00146118000000000
-0.000423599000000000
-0.00274704000000000
-0.00479370000000000
-0.00577439000000000
-0.00526097000000000
-0.00345324000000000
-0.00107180000000000
0.00116868000000000
0.00290716000000000
0.00411963000000000
0.00488321000000000
0.00527128000000000
0.00543511000000000
0.00548575000000000
0.00530460000000000
0.00449924000000000
0.00282373000000000
0.000550651000000000
-0.00157979000000000
-0.00288442000000000
-0.00322052000000000
-0.00291668000000000
-0.00234707000000000
-0.00165449000000000
-0.000982487000000000
-0.000722830000000000
-0.00125123000000000
-0.00232988000000000
-0.00311448000000000
-0.00295053000000000
-0.00199139000000000
-0.000867639000000000
7.99109000000000e-06
0.000646445000000000
0.00115545000000000
0.00150098000000000
0.00164828000000000
0.00170407000000000
0.00177177000000000
0.00168887000000000
0.00114253000000000
1.90703000000000e-05
-0.00139666000000000
-0.00275497000000000
-0.00402351000000000
-0.00533766000000000
-0.00655331000000000
-0.00713389000000000
-0.00662352000000000
-0.00505047000000000
-0.00292607000000000
-0.000853187000000000
0.000725897000000000
0.00164167000000000
0.00201413000000000
0.00208514000000000
0.00202881000000000
0.00177468000000000
0.00104236000000000
-0.000344887000000000
-0.00200673000000000
-0.00298781000000000
-0.00243275000000000
-0.000389578000000000
0.00209849000000000
0.00391839000000000
0.00471040000000000
0.00480771000000000
0.00469612000000000
0.00465751000000000
0.00474332000000000
0.00483469000000000
0.00477889000000000
0.00440629000000000
0.00355293000000000
0.00210550000000000
0.000181712000000000
-0.00171558000000000
-0.00284369000000000
-0.00264470000000000
-0.00120418000000000
0.000701093000000000
0.00206001000000000
0.00251221000000000
0.00265435000000000
0.00322766000000000
0.00421563000000000
0.00501200000000000
0.00518812000000000
0.00456205000000000
0.00295568000000000
0.000413074000000000
-0.00239771000000000
-0.00451471000000000
-0.00531664000000000
-0.00462062000000000
-0.00270089000000000
-0.000467920000000000
0.000883162000000000
0.000958687000000000
0.000417437000000000
-0.000171399000000000
-0.00100059000000000
-0.00211793000000000
-0.00272509000000000
-0.00214702000000000
-0.000838630000000000
0.000135871000000000
0.000157198000000000
-0.000751786000000000
-0.00223957000000000
-0.00366862000000000
-0.00421959000000000
-0.00355081000000000
-0.00228823000000000
-0.00152095000000000
-0.00186367000000000
-0.00294497000000000
-0.00367894000000000
-0.00319170000000000
-0.00165370000000000
8.68644000000000e-06
0.00110019000000000
0.00160676000000000
0.00181818000000000
0.00182241000000000
0.00149093000000000
0.000657129000000000
-0.000678641000000000
-0.00217637000000000
-0.00327936000000000
-0.00363279000000000
-0.00318760000000000
-0.00177759000000000
0.000784736000000000
0.00392910000000000
0.00617357000000000
0.00633289000000000
0.00463662000000000
0.00222780000000000
4.48271000000000e-05
-0.00163201000000000
-0.00284607000000000
-0.00375113000000000
-0.00459999000000000
-0.00556601000000000
-0.00651866000000000
-0.00699268000000000
-0.00649407000000000
-0.00483786000000000
-0.00247202000000000
-0.000271345000000000
0.00108737000000000
0.00166666000000000
0.00211912000000000
0.00300818000000000
0.00433912000000000
0.00568157000000000
0.00662814000000000
0.00703393000000000
0.00697655000000000
0.00646657000000000
0.00541554000000000
0.00384633000000000
0.00207972000000000
0.000513549000000000
-0.000687275000000000
-0.00160835000000000
-0.00233067000000000
-0.00264840000000000
-0.00219396000000000
-0.000812529000000000
0.00114292000000000
0.00300514000000000
0.00418244000000000
0.00447055000000000
0.00411593000000000
0.00359339000000000
0.00330382000000000
0.00329946000000000
0.00330224000000000
0.00298967000000000
0.00231401000000000
0.00144756000000000
0.000544767000000000
-0.000266453000000000
-0.000741381000000000
-0.000490754000000000
0.000724800000000000
0.00273263000000000
0.00493676000000000
0.00666966000000000
0.00759059000000000
0.00775414000000000
0.00736541000000000
0.00641804000000000
0.00478867000000000
0.00255029000000000
0.000111968000000000
-0.00212189000000000
-0.00398093000000000
-0.00535260000000000
-0.00603182000000000
-0.00581657000000000
-0.00476792000000000
-0.00317015000000000
-0.00142125000000000
0.000138277000000000
0.00130697000000000
0.00208963000000000
0.00264681000000000
0.00317702000000000
0.00382504000000000
0.00457368000000000
0.00525383000000000
0.00560898000000000
0.00541263000000000
0.00443392000000000
0.00258560000000000
0.000223336000000000
-0.00184211000000000
-0.00300566000000000
-0.00339744000000000
-0.00350070000000000
-0.00354962000000000
-0.00343737000000000
-0.00299588000000000
-0.00214807000000000
-0.00108132000000000
-0.000429602000000000
-0.000974157000000000
-0.00280667000000000
-0.00496493000000000
-0.00629799000000000
-0.00647397000000000
-0.00595765000000000
-0.00534850000000000
-0.00482794000000000
-0.00413669000000000
-0.00294577000000000
-0.00131418000000000
0.000214133000000000
0.000958303000000000
0.000566557000000000
-0.000763144000000000
-0.00243685000000000
-0.00372707000000000
-0.00414396000000000
-0.00369018000000000
-0.00268727000000000
-0.00147520000000000
-0.000379807000000000
0.000246131000000000
0.000300831000000000
9.62006000000000e-05
-1.59367000000000e-05
2.11753000000000e-06
-2.32565000000000e-05
-0.000261429000000000
-0.000928144000000000
-0.00214080000000000
-0.00342917000000000
-0.00377996000000000
-0.00261839000000000
-0.000571542000000000
0.00122530000000000
0.00226879000000000
0.00275550000000000
0.00286895000000000
0.00240168000000000
0.00108430000000000
-0.000912515000000000
-0.00279424000000000
-0.00346209000000000
-0.00225041000000000
0.000466505000000000
0.00346038000000000
0.00562709000000000
0.00656904000000000
0.00631993000000000
0.00507745000000000
0.00340418000000000
0.00224949000000000
0.00225227000000000
0.00318734000000000
0.00425899000000000
0.00480124000000000
0.00449898000000000
0.00330158000000000
0.00139957000000000
-0.000775745000000000
-0.00283774000000000
-0.00465249000000000
-0.00608564000000000
-0.00677597000000000
-0.00631650000000000
-0.00466174000000000
-0.00212533000000000
0.000722327000000000
0.00326178000000000
0.00507150000000000
0.00614620000000000
0.00676684000000000
0.00700299000000000
0.00662140000000000
0.00546922000000000
0.00383403000000000
0.00214358000000000
0.000634466000000000
-0.000618599000000000
-0.00152174000000000
-0.00200356000000000
-0.00215548000000000
-0.00216989000000000
-0.00223058000000000
-0.00240022000000000
-0.00257198000000000
-0.00248246000000000
-0.00193969000000000
-0.00110933000000000
-0.000509371000000000
-0.000630777000000000
-0.00153655000000000
-0.00279556000000000
-0.00375748000000000
-0.00395131000000000
-0.00330779000000000
-0.00201638000000000
-0.000365289000000000
0.00127052000000000
0.00245681000000000
0.00297750000000000
0.00303978000000000
0.00293797000000000
0.00263650000000000
0.00179993000000000
0.000252451000000000
-0.00170830000000000
-0.00334428000000000
-0.00382531000000000
-0.00278062000000000
-0.000590317000000000
0.00183749000000000
0.00375060000000000
0.00489802000000000
0.00525370000000000
0.00476276000000000
0.00347135000000000
0.00176516000000000
0.000123672000000000
-0.00124151000000000
-0.00248392000000000
-0.00380323000000000
-0.00505444000000000
-0.00575905000000000
-0.00549262000000000
-0.00430540000000000
-0.00270790000000000
-0.00140142000000000
-0.000919721000000000
-0.00138304000000000
-0.00245589000000000
-0.00352768000000000
-0.00417160000000000
-0.00446235000000000
-0.00478960000000000
-0.00537852000000000
-0.00600604000000000
-0.00617145000000000
-0.00548535000000000
-0.00398768000000000
-0.00203939000000000
-7.62562000000000e-05
0.00156035000000000
0.00265197000000000
0.00310470000000000
0.00299747000000000
0.00249740000000000
0.00178288000000000
0.000939700000000000
-3.94960000000000e-05
-0.00126175000000000
-0.00277507000000000
-0.00429760000000000
-0.00521800000000000
-0.00507282000000000
-0.00404546000000000
-0.00286802000000000
-0.00233358000000000
-0.00274268000000000
-0.00367881000000000
-0.00434137000000000
-0.00422634000000000
-0.00349674000000000
-0.00270261000000000
-0.00224936000000000
-0.00220625000000000
-0.00253919000000000
-0.00325609000000000
-0.00437376000000000
-0.00577505000000000
-0.00717290000000000
-0.00831635000000000
-0.00915530000000000
-0.00961027000000000
-0.00913467000000000
-0.00709185000000000
-0.00378181000000000
-0.000707043000000000
0.000826254000000000
0.000969727000000000
0.000746392000000000
0.000727286000000000
0.000762232000000000
0.000663462000000000
0.000544357000000000
0.000636806000000000
0.00110890000000000
0.00200118000000000
0.00305908000000000
0.00378432000000000
0.00396321000000000
0.00391707000000000
0.00404585000000000
0.00442440000000000
0.00495607000000000
0.00557513000000000
0.00605655000000000
0.00598488000000000
0.00514885000000000
0.00384501000000000
0.00261693000000000
0.00188390000000000
0.00182162000000000
0.00230674000000000
0.00286736000000000
0.00293929000000000
0.00238475000000000
0.00161813000000000
0.00111005000000000
0.000940480000000000
0.000948136000000000
0.00105350000000000
0.00126699000000000
0.00151553000000000
0.00164114000000000
0.00156061000000000
0.00139772000000000
0.00140684000000000
0.00176569000000000
0.00242442000000000
0.00314093000000000
0.00364006000000000
0.00370842000000000
0.00324036000000000
0.00234138000000000
0.00140829000000000
0.000960895000000000
0.00129860000000000
0.00230145000000000
0.00351022000000000
0.00436676000000000
0.00446645000000000
0.00374862000000000
0.00254130000000000
0.00136849000000000
0.000682568000000000
0.000609450000000000
0.000851653000000000
0.000862668000000000
0.000251367000000000
-0.000839595000000000
-0.00176899000000000
-0.00187927000000000
-0.00103232000000000
0.000324975000000000
0.00149411000000000
0.00205962000000000
0.00216830000000000
0.00230039000000000
0.00278935000000000
0.00355809000000000
0.00424326000000000
0.00449990000000000
0.00424617000000000
0.00360754000000000
0.00275471000000000
0.00174559000000000
0.000588598000000000
-0.000570669000000000
-0.00144558000000000
-0.00185256000000000
-0.00185097000000000
-0.00151936000000000
-0.000822922000000000
0.000221802000000000
0.00133518000000000
0.00215773000000000
0.00255003000000000
0.00263108000000000
0.00261059000000000
0.00258560000000000
0.00246818000000000
0.00205711000000000
0.00128217000000000
0.000334891000000000
-0.000455715000000000
-0.000936143000000000
-0.00126137000000000
-0.00165039000000000
-0.00207905000000000
-0.00219250000000000
-0.00160967000000000
-0.000371702000000000
0.000939383000000000
0.00173660000000000
0.00194630000000000
0.00188297000000000
0.00182704000000000
0.00180271000000000
0.00163876000000000
0.00109415000000000
9.56730000000000e-05
-0.000999557000000000
-0.00150733000000000
-0.00104685000000000
1.98782000000000e-05
0.000963182000000000
0.00130881000000000
0.00101647000000000
0.000300183000000000
-0.000483482000000000
-0.000895802000000000
-0.000629944000000000
0.000245615000000000
0.00128993000000000
0.00194102000000000
0.00182360000000000
0.000983108000000000
-0.000120232000000000
-0.000919060000000000
-0.00106684000000000
-0.000509754000000000
0.000625316000000000
0.00203079000000000
0.00320347000000000
0.00366624000000000
0.00326984000000000
0.00226165000000000
0.00101315000000000
-0.000220506000000000
-0.00134932000000000
-0.00230370000000000
-0.00292448000000000
-0.00306159000000000
-0.00281328000000000
-0.00255214000000000
-0.00253191000000000
-0.00265448000000000
-0.00268688000000000
-0.00254329000000000
-0.00218576000000000
-0.00153139000000000
-0.000669597000000000
4.06079000000000e-05
0.000299588000000000
0.000145351000000000
-0.000355081000000000
-0.00136334000000000
-0.00290240000000000
-0.00443617000000000
-0.00519737000000000
-0.00485902000000000
-0.00370075000000000
-0.00232499000000000
-0.00121131000000000
-0.000450400000000000
0.000254672000000000
0.00122461000000000
0.00232644000000000
0.00296494000000000
0.00264880000000000
0.00151672000000000
0.000119466000000000
-0.00107707000000000
-0.00195926000000000
-0.00264867000000000
-0.00316526000000000
-0.00324948000000000
-0.00258705000000000
-0.00127847000000000
7.57036000000000e-05
0.000820489000000000
0.000835787000000000
0.000572242000000000
0.000455173000000000
0.000445310000000000
0.000194921000000000
-0.000480335000000000
-0.00138714000000000
-0.00213710000000000
-0.00244028000000000
-0.00217769000000000
-0.00132658000000000
-7.01278000000000e-05
0.00106773000000000
0.00143580000000000
0.000780650000000000
-0.000484117000000000
-0.00164907000000000
-0.00226192000000000
-0.00232009000000000
-0.00206160000000000
-0.00168834000000000
-0.00130958000000000
-0.000970653000000000
-0.000622989000000000
-7.31041000000000e-05
0.000824984000000000
0.00188165000000000
0.00260543000000000
0.00270433000000000
0.00245708000000000
0.00233636000000000
0.00242799000000000
0.00249410000000000
0.00248537000000000
0.00257092000000000
0.00273316000000000
0.00262764000000000
0.00193044000000000
0.000699784000000000
-0.000557513000000000
-0.00113023000000000
-0.000632694000000000
0.000568223000000000
0.00161932000000000
0.00210153000000000
0.00235408000000000
0.00272007000000000
0.00298028000000000
0.00276991000000000
0.00208606000000000
0.00115180000000000
0.000221088000000000
-0.000258057000000000
0.000281817000000000
0.00183577000000000
0.00345165000000000
0.00402655000000000
0.00334508000000000
0.00209426000000000
0.00109408000000000
0.000599150000000000
0.000266083000000000
-0.000360423000000000
-0.00138039000000000
-0.00256127000000000
-0.00361785000000000
-0.00435129000000000
-0.00465817000000000
-0.00450122000000000
-0.00394391000000000
-0.00306860000000000
-0.00196627000000000
-0.000911352000000000
-0.000406172000000000
-0.000785873000000000
-0.00182373000000000
-0.00292236000000000
-0.00361031000000000
-0.00376528000000000
-0.00346276000000000
-0.00275140000000000
-0.00167141000000000
-0.000424643000000000
0.000589220000000000
0.00108690000000000
0.00118053000000000
0.00123855000000000
0.00151103000000000
0.00199747000000000
0.00260715000000000
0.00325794000000000
0.00385744000000000
0.00429707000000000
0.00450347000000000
0.00433211000000000
0.00356549000000000
0.00215693000000000
0.000448549000000000
-0.00105624000000000
-0.00202722000000000
-0.00235289000000000
-0.00207258000000000
-0.00139547000000000
-0.000698858000000000
-0.000209915000000000
0.000180046000000000
0.000698977000000000
0.00138436000000000
0.00211449000000000
0.00274730000000000
0.00304745000000000
0.00274016000000000
0.00179346000000000
0.000560144000000000
-0.000624615000000000
-0.00174348000000000
-0.00286207000000000
-0.00383628000000000
-0.00448166000000000
-0.00481710000000000
-0.00488559000000000
-0.00461176000000000
-0.00393307000000000
-0.00295912000000000
-0.00176371000000000
-0.000316460000000000
0.00121919000000000
0.00235646000000000
0.00261720000000000
0.00190108000000000
0.000437495000000000
-0.00132473000000000
-0.00279702000000000
-0.00344372000000000
-0.00311554000000000
-0.00217055000000000
-0.00119568000000000
-0.000639808000000000
-0.000623677000000000
-0.00100974000000000
-0.00165238000000000
-0.00251737000000000
-0.00349079000000000
-0.00423586000000000
-0.00451841000000000
-0.00452198000000000
-0.00456496000000000
-0.00467272000000000
-0.00467695000000000
-0.00457725000000000