0.000124943000000000
0.000339580000000000
0.000523135000000000
0.000382894000000000
4.72300000000000e-05
3.50830000000000e-05
0.000620597000000000
0.000647472000000000
-0.00157375000000000
-0.00555423000000000
-0.00790659000000000
-0.00594138000000000
-0.00139243000000000
0.00136001000000000
0.000212601000000000
-0.00303181000000000
-0.00566034000000000
-0.00663552000000000
-0.00592685000000000
-0.00328898000000000
0.00102668000000000
0.00536948000000000
0.00741189000000000
0.00606928000000000
0.00289352000000000
0.00114404000000000
0.00276761000000000
0.00611439000000000
0.00753772000000000
0.00528932000000000
0.000926077000000000
-0.00314726000000000
-0.00583192000000000
-0.00680837000000000
-0.00569507000000000
-0.00276961000000000
0.000215986000000000
0.00101686000000000
-0.00121518000000000
-0.00521738000000000
-0.00872983000000000
-0.0100664000000000
-0.00874340000000000
-0.00526608000000000
-0.00109853000000000
0.00170197000000000
0.00187714000000000
0.000454472000000000
5.25075000000000e-05
0.00204170000000000
0.00500548000000000
0.00658410000000000
0.00610170000000000
0.00460635000000000
0.00317544000000000
0.00180912000000000
6.01579000000000e-05
-0.00177056000000000
-0.00277240000000000
-0.00250597000000000
-0.00113398000000000
0.00150964000000000
0.00560764000000000
0.00982285000000000
0.0115570000000000
0.00963603000000000
0.00564748000000000
0.00157447000000000
-0.00231140000000000
-0.00610713000000000
-0.00828671000000000
-0.00722371000000000
-0.00414056000000000
-0.00250094000000000
-0.00426567000000000
-0.00739584000000000
-0.00780503000000000
-0.00385369000000000
0.00171882000000000
0.00488859000000000
0.00430879000000000
0.00160944000000000
-0.000934860000000000
-0.00196920000000000
-0.000986597000000000
0.00166125000000000
0.00447310000000000
0.00561307000000000
0.00441003000000000
0.00171730000000000
-0.000871785000000000
-0.00176425000000000
1.22333000000000e-05
0.00401609000000000
0.00817813000000000
0.00994900000000000
0.00807753000000000
0.00382152000000000
0.000497211000000000
0.000786451000000000
0.00411805000000000
0.00735113000000000
0.00799130000000000
0.00599647000000000
0.00284729000000000
-0.000261336000000000
-0.00297568000000000
-0.00547766000000000
-0.00801685000000000
-0.0102165000000000
-0.0111610000000000
-0.0104640000000000
-0.00855897000000000
-0.00536069000000000
-0.000422120000000000
0.00500724000000000
0.00795274000000000
0.00706195000000000
0.00427925000000000
0.00179467000000000
-0.000470025000000000
-0.00282510000000000
-0.00354662000000000
-0.000859330000000000
0.00424587000000000
0.00910748000000000
0.0121870000000000
0.0133215000000000
0.0123538000000000
0.00904680000000000
0.00412332000000000
-0.000673931000000000
-0.00346447000000000
-0.00357257000000000
-0.00229631000000000
-0.00198166000000000
-0.00388978000000000
-0.00715504000000000
-0.00997695000000000
-0.0110963000000000
-0.0101750000000000
-0.00756143000000000
-0.00425944000000000
-0.00131842000000000
0.000825877000000000
0.00198054000000000
0.00181183000000000
0.000454623000000000
-0.00122460000000000
-0.00286238000000000
-0.00505786000000000
-0.00753604000000000
-0.00808232000000000
-0.00516556000000000
-0.000647344000000000
0.00216202000000000
0.00215843000000000
0.000916496000000000
0.000560086000000000
0.00240266000000000
0.00648334000000000
0.0107618000000000
0.0119370000000000
0.00858212000000000
0.00263651000000000
-0.00314806000000000
-0.00715281000000000
-0.00830827000000000
-0.00649188000000000
-0.00422040000000000
-0.00517323000000000
-0.00930948000000000
-0.0118668000000000
-0.00874420000000000
-0.00123299000000000
0.00618521000000000
0.0107338000000000
0.0125526000000000
0.0123371000000000
0.00960010000000000
0.00424483000000000
-0.00120313000000000
-0.00283284000000000
1.75419000000000e-05
0.00324650000000000
0.00273807000000000
-0.000977495000000000
-0.00447829000000000
-0.00598170000000000
-0.00575351000000000
-0.00381026000000000
-3.60147000000000e-05
0.00393745000000000
0.00548477000000000
0.00371493000000000
2.93863000000000e-05
-0.00355101000000000
-0.00558177000000000
-0.00541059000000000
-0.00327405000000000
-0.000145606000000000
0.00300163000000000
0.00557602000000000
0.00712446000000000
0.00733836000000000
0.00643631000000000
0.00506352000000000
0.00361960000000000
0.00219811000000000
0.00105015000000000
0.000566728000000000
0.000784790000000000
0.00149031000000000
0.00286590000000000
0.00517714000000000
0.00760926000000000
0.00840488000000000
0.00672654000000000
0.00362215000000000
0.000617396000000000
-0.00159938000000000
-0.00272139000000000
-0.00224473000000000
-0.000331540000000000
0.00151355000000000
0.00137447000000000
-0.00160880000000000
-0.00658801000000000
-0.0114021000000000
-0.0137918000000000
-0.0127498000000000
-0.00904760000000000
-0.00487542000000000
-0.00272865000000000
-0.00384667000000000
-0.00674202000000000
-0.00797988000000000
-0.00560229000000000
-0.00125231000000000
0.00257799000000000
0.00586681000000000
0.00970788000000000
0.0133263000000000
0.0147874000000000
0.0137199000000000
0.0111115000000000
0.00763241000000000
0.00370064000000000
0.000207236000000000
-0.00280051000000000
-0.00654921000000000
-0.0108121000000000
-0.0128081000000000
-0.0107514000000000
-0.00653308000000000
-0.00281600000000000
-0.000135482000000000
0.00147443000000000
0.000740982000000000
-0.00228577000000000
-0.00430408000000000
-0.00262837000000000
0.000825477000000000
0.00216473000000000
0.000422615000000000
-0.00237559000000000
-0.00409944000000000
-0.00358902000000000
-0.000672622000000000
0.00279428000000000
0.00344459000000000
0.000178158000000000
-0.00404036000000000
-0.00591647000000000
-0.00524045000000000
-0.00297783000000000
0.000983004000000000
0.00574249000000000
0.00785733000000000
0.00500564000000000
-0.000602441000000000
-0.00533339000000000
-0.00840248000000000
-0.0104105000000000
-0.0104368000000000
-0.00776231000000000
-0.00418527000000000
-0.00157391000000000
0.000427885000000000
0.00186533000000000
0.000765676000000000
-0.00276290000000000
-0.00432308000000000
-0.00106412000000000
0.00377457000000000
0.00575639000000000
0.00494807000000000
0.00325632000000000
0.000454512000000000
-0.00323476000000000
-0.00464596000000000
-0.00182389000000000
0.00261176000000000
0.00595982000000000
0.00941487000000000
0.0139371000000000
0.0164441000000000
0.0141782000000000
0.00932864000000000
0.00528596000000000
0.00197335000000000
-0.00189926000000000
-0.00521985000000000
-0.00627120000000000
-0.00536660000000000
-0.00314798000000000
0.000778954000000000
0.00551127000000000
0.00791840000000000
0.00642218000000000
0.00322422000000000
0.000737604000000000
-0.00145199000000000
-0.00429673000000000
-0.00657596000000000
-0.00648086000000000
-0.00409697000000000
-0.000520397000000000
0.00378495000000000
0.00844560000000000
0.0121838000000000
0.0138221000000000
0.0134429000000000
0.0115985000000000
0.00866835000000000
0.00526536000000000
0.00223156000000000
-0.000538752000000000
-0.00387453000000000
-0.00727425000000000
-0.00856935000000000
-0.00647735000000000
-0.00235986000000000
0.00153718000000000
0.00409513000000000
0.00488708000000000
0.00335844000000000
-0.000506488000000000
-0.00550353000000000
-0.0101534000000000
-0.0135674000000000
-0.0151307000000000
-0.0144488000000000
-0.0119227000000000
-0.00872424000000000
-0.00556349000000000
-0.00231531000000000
0.00112360000000000
0.00410080000000000
0.00556086000000000
0.00501833000000000
0.00300330000000000
0.000587224000000000
-0.00188617000000000
-0.00482919000000000
-0.00775082000000000
-0.00872903000000000
-0.00657029000000000
-0.00250589000000000
0.00137271000000000
0.00402375000000000
0.00507446000000000
0.00413865000000000
0.00148481000000000
-0.00168066000000000
-0.00470560000000000
-0.00814060000000000
-0.0117111000000000
-0.0128576000000000
-0.00898931000000000
-0.000969112000000000
0.00699752000000000
0.0108983000000000
0.0100903000000000
0.00696590000000000
0.00368092000000000
0.000323764000000000
-0.00310670000000000
-0.00444292000000000
-0.00115969000000000
0.00596437000000000
0.0127714000000000
0.0154844000000000
0.0136153000000000
0.00933902000000000
0.00489865000000000
0.00118261000000000
-0.00232577000000000
-0.00648757000000000
-0.0110804000000000
-0.0146021000000000
-0.0159251000000000
-0.0154101000000000
-0.0137439000000000
-0.0111937000000000
-0.00821725000000000
-0.00573842000000000
-0.00371740000000000
-0.000756175000000000
0.00349145000000000
0.00670035000000000
0.00644118000000000
0.00342159000000000
0.000532133000000000
-0.000139235000000000
0.00179363000000000
0.00570728000000000
0.00980609000000000
0.0114388000000000
0.00949790000000000
0.00586297000000000
0.00268977000000000
-0.000188441000000000
-0.00353640000000000
-0.00638234000000000
-0.00737876000000000
-0.00673668000000000
-0.00501163000000000
-0.00200489000000000
0.00150660000000000
0.00304187000000000
0.00151155000000000
-0.00108504000000000
-0.00297680000000000
-0.00499350000000000
-0.00769533000000000
-0.00906037000000000
-0.00741596000000000
-0.00419206000000000
-0.00157263000000000
0.000186253000000000
0.00150373000000000
0.00185599000000000
0.000952824000000000
-0.000321432000000000
-0.00138924000000000
-0.00276897000000000
-0.00448516000000000
-0.00508780000000000
-0.00325520000000000
0.000318223000000000
0.00367485000000000
0.00588102000000000
0.00804479000000000
0.0115315000000000
0.0151115000000000
0.0153942000000000
0.0108432000000000
0.00405170000000000
-0.00144656000000000
-0.00474903000000000
-0.00676741000000000
-0.00762068000000000
-0.00663592000000000
-0.00424260000000000
-0.00190054000000000
-0.000319772000000000
0.00127929000000000
0.00365688000000000
0.00605755000000000
0.00690035000000000
0.00572030000000000
0.00362016000000000
0.00141494000000000
-0.00123866000000000
-0.00400874000000000
-0.00477234000000000
-0.00187475000000000
0.00345265000000000
0.00846875000000000
0.0116480000000000
0.0129446000000000
0.0124728000000000
0.0101821000000000
0.00665875000000000
0.00295356000000000
-0.000316850000000000
-0.00354167000000000
-0.00739026000000000
-0.0113598000000000
-0.0135730000000000
-0.0128393000000000
-0.0104440000000000
-0.00830747000000000
-0.00655033000000000
-0.00428332000000000
-0.00180561000000000
0.000110835000000000
0.00190222000000000
0.00409960000000000
0.00576780000000000
0.00582768000000000
0.00469027000000000
0.00281927000000000
-0.000284721000000000
-0.00384507000000000
-0.00483438000000000
-0.00163946000000000
0.00328075000000000
0.00640246000000000
0.00670833000000000
0.00483877000000000
0.00125965000000000
-0.00285719000000000
-0.00500428000000000
-0.00369098000000000
-0.000299125000000000
0.00281089000000000
0.00477035000000000
0.00578186000000000
0.00568668000000000
0.00421673000000000
0.00196042000000000
-0.000116400000000000
-0.00178381000000000
-0.00361161000000000
-0.00592517000000000
-0.00809350000000000
-0.00895019000000000
-0.00778291000000000
-0.00508468000000000
-0.00205296000000000
0.000540453000000000
0.00279109000000000
0.00470592000000000
0.00519822000000000
0.00310750000000000
-0.00109909000000000
-0.00563742000000000
-0.00980928000000000
-0.0144473000000000
-0.0192736000000000
-0.0216425000000000
-0.0194701000000000
-0.0143650000000000
-0.00950589000000000
-0.00574289000000000
-0.00153143000000000
0.00380172000000000
0.00868512000000000
0.0110237000000000
0.0100783000000000
0.00696334000000000
0.00359980000000000
0.00116161000000000
-0.00102572000000000
-0.00418950000000000
-0.00759090000000000
-0.00875698000000000
-0.00657580000000000
-0.00260474000000000
0.00120273000000000
0.00407940000000000
0.00551543000000000
0.00464364000000000
0.00188521000000000
-5.12772000000000e-05
0.00146325000000000
0.00596972000000000
0.0101965000000000
0.0112049000000000
0.00870747000000000
0.00467717000000000
0.000856376000000000
-0.00270813000000000
-0.00650027000000000
-0.00980449000000000
-0.0110835000000000
-0.00982046000000000
-0.00688278000000000
-0.00337704000000000
0.000254470000000000
0.00378878000000000
0.00715600000000000
0.0106835000000000
0.0144129000000000
0.0173527000000000
0.0182964000000000
0.0172209000000000
0.0148129000000000
0.0115762000000000
0.00790507000000000
0.00439733000000000
0.00132448000000000
-0.00126660000000000
-0.00250933000000000
-0.00125933000000000
0.00214797000000000
0.00601954000000000
0.00973822000000000
0.0139770000000000
0.0183012000000000
0.0207132000000000
0.0201711000000000
0.0178908000000000
0.0155227000000000
0.0136297000000000
0.0119434000000000
0.0103075000000000
0.00932544000000000
0.00997216000000000
0.0120496000000000
0.0139411000000000
0.0152377000000000
0.0176393000000000
0.0207731000000000
0.0202182000000000
0.0130987000000000
0.00274646000000000
-0.00664486000000000
-0.0154636000000000
-0.0252857000000000
-0.0346766000000000
-0.0430064000000000
-0.0530975000000000
-0.0642953000000000
-0.0688877000000000
-0.0613212000000000
-0.0467645000000000
-0.0333544000000000
-0.0221926000000000
-0.00994421000000000
0.00333129000000000
0.0155594000000000
0.0274845000000000
0.0404355000000000
0.0520884000000000
0.0588030000000000
0.0604637000000000
0.0591607000000000
0.0563734000000000
0.0536325000000000
0.0533187000000000
0.0550992000000000
0.0549067000000000
0.0494752000000000
0.0395445000000000
0.0265368000000000
0.0109374000000000
-0.00543343000000000
-0.0199244000000000
-0.0336578000000000
-0.0504189000000000
-0.0679177000000000
-0.0763225000000000
-0.0692566000000000
-0.0524596000000000
-0.0361553000000000
-0.0245655000000000
-0.0159547000000000
-0.00900209000000000
-0.00447310000000000
-0.00263140000000000
-0.00253975000000000
-0.00327852000000000
-0.00435645000000000
-0.00489674000000000
-0.00399333000000000
-0.00151315000000000
0.00195611000000000
0.00567878000000000
0.00949630000000000
0.0139083000000000
0.0182980000000000
0.0196792000000000
0.0151283000000000
0.00581148000000000
-0.00342622000000000
-0.00846795000000000
-0.00906756000000000
-0.00762076000000000
-0.00628629000000000
-0.00607711000000000
-0.00736822000000000
-0.00994262000000000
-0.0125638000000000
-0.0135275000000000
-0.0118788000000000
-0.00834739000000000
-0.00468516000000000
-0.00194222000000000
0.000463590000000000
0.00346670000000000
0.00681029000000000
0.00964720000000000
0.0123339000000000
0.0160217000000000
0.0198621000000000
0.0207252000000000
0.0167020000000000
0.00971906000000000
0.00291348000000000
-0.00278182000000000
-0.00843122000000000
-0.0146037000000000
-0.0208545000000000
-0.0267947000000000
-0.0326071000000000
-0.0386575000000000
-0.0444907000000000
-0.0484213000000000
-0.0481618000000000
-0.0429058000000000
-0.0338455000000000
-0.0231715000000000
-0.0123506000000000
-0.00171243000000000
0.00874340000000000
0.0177479000000000
0.0222014000000000
0.0200832000000000
0.0131283000000000
0.00515430000000000
-0.00273448000000000
-0.0118780000000000
-0.0210030000000000
-0.0250597000000000
-0.0205886000000000
-0.0101574000000000
0.000281504000000000
0.00675608000000000
0.00934780000000000
0.00932704000000000
0.00584764000000000
-0.00210717000000000
-0.0105853000000000
-0.0120241000000000
-0.00380627000000000
0.00875139000000000
0.0207866000000000
0.0332882000000000
0.0463079000000000
0.0534792000000000
0.0494951000000000
0.0385018000000000
0.0282470000000000
0.0206621000000000
0.0126492000000000
0.00302462000000000
-0.00630266000000000
-0.0134916000000000
-0.0176864000000000
-0.0183363000000000
-0.0152864000000000
-0.00959291000000000
-0.00407892000000000
-0.00310175000000000
-0.00962884000000000
-0.0219076000000000
-0.0349145000000000
-0.0444260000000000
-0.0475965000000000
-0.0424747000000000
-0.0300203000000000
-0.0150556000000000
-0.000725716000000000
0.0145678000000000
0.0305863000000000
0.0400978000000000
0.0368020000000000
0.0249232000000000
0.0141630000000000
0.00922564000000000
0.00885518000000000
0.0114668000000000
0.0152361000000000
0.0159052000000000
0.0106053000000000
0.00203204000000000
-0.00541139000000000
-0.0104696000000000
-0.0123019000000000
-0.00851027000000000
0.000492157000000000
0.0100049000000000
0.0181790000000000
0.0284171000000000
0.0401968000000000
0.0448571000000000
0.0365249000000000
0.0210908000000000
0.00692438000000000
-0.00566082000000000
-0.0194693000000000
-0.0316618000000000
-0.0373361000000000
-0.0366487000000000
-0.0320490000000000
-0.0241743000000000
-0.0151906000000000
-0.0109015000000000
-0.0137558000000000
-0.0191906000000000
-0.0232338000000000
-0.0276003000000000
-0.0330255000000000
-0.0343908000000000
-0.0275180000000000
-0.0157471000000000
-0.00466352000000000
0.00477171000000000
0.0147459000000000
0.0257695000000000
0.0363772000000000
0.0448955000000000
0.0493738000000000
0.0483805000000000
0.0426958000000000
0.0352714000000000
0.0281224000000000
0.0213926000000000
0.0147131000000000
0.00804559000000000
0.00118971000000000
-0.00585355000000000
-0.0127786000000000
-0.0198254000000000
-0.0270917000000000
-0.0330774000000000
-0.0353800000000000
-0.0333832000000000
-0.0282805000000000
-0.0215866000000000
-0.0145974000000000
-0.00857015000000000
-0.00312778000000000
0.00366000000000000
0.0113119000000000
0.0155594000000000
0.0137510000000000
0.00893742000000000
0.00493658000000000
0.00148089000000000
-0.00257472000000000
-0.00535878000000000
-0.00481051000000000
-0.00163898000000000
0.00353193000000000
0.0115187000000000
0.0201663000000000
0.0233112000000000
0.0177862000000000
0.00776543000000000
-0.00149646000000000
-0.00972944000000000
-0.0185782000000000
-0.0262102000000000
-0.0285983000000000
-0.0246525000000000
-0.0170285000000000
-0.00882883000000000
-0.000499063000000000
0.00891905000000000
0.0182764000000000
0.0236585000000000
0.0225280000000000
0.0172728000000000
0.0121303000000000
0.00837693000000000
0.00430280000000000
-0.000883522000000000
-0.00573762000000000
-0.00861007000000000
-0.00885358000000000
-0.00630553000000000
-0.000910189000000000
0.00638945000000000
0.0135993000000000
0.0187188000000000
0.0207220000000000
0.0196393000000000
0.0158293000000000
0.0100121000000000
0.00397042000000000
0.000329233000000000
0.000287284000000000
0.00234342000000000
0.00431557000000000
0.00564309000000000
0.00701644000000000
0.00868911000000000
0.0101550000000000
0.0108312000000000
0.0102939000000000
0.00821645000000000
0.00443725000000000
-0.000433074000000000
-0.00519822000000000
-0.00919610000000000
-0.0132480000000000
-0.0185072000000000
-0.0237464000000000
-0.0254629000000000
-0.0218373000000000
-0.0153582000000000
-0.00936137000000000
-0.00419517000000000
0.00144632000000000
0.00710171000000000
0.0109039000000000
0.0121981000000000
0.0117933000000000
0.0106372000000000
0.00926556000000000
0.00803441000000000
0.00696678000000000
0.00622018000000000
0.00676119000000000
0.00944680000000000
0.0134932000000000
0.0169431000000000
0.0183275000000000
0.0171499000000000
0.0136001000000000
0.00880568000000000
0.00416236000000000
0.000290949000000000
-0.00244697000000000
-0.00322949000000000
-0.00211156000000000
-0.000739353000000000
0.000201423000000000
0.00200761000000000
0.00430120000000000
0.00359581000000000
-0.00178517000000000
-0.00881127000000000
-0.0150141000000000
-0.0220665000000000
-0.0299420000000000
-0.0327708000000000
-0.0256937000000000
-0.0122237000000000
0.000521937000000000
0.00955938000000000
0.0151083000000000
0.0163195000000000
0.0126365000000000
0.00665444000000000
0.00143299000000000
-0.00246677000000000
-0.00507430000000000
-0.00499726000000000
-0.00199060000000000
0.00132592000000000
0.00255635000000000
0.00196066000000000
0.000617124000000000
-0.00145279000000000
-0.00404874000000000
-0.00580341000000000
-0.00551215000000000
-0.00328235000000000
0.000285879000000000
0.00478656000000000
0.00945399000000000
0.0128680000000000
0.0137694000000000
0.0119179000000000
0.00785269000000000
0.00251811000000000
-0.00292219000000000
-0.00720646000000000
-0.00940768000000000
-0.00925439000000000
-0.00706003000000000
-0.00379086000000000
-0.000624422000000000
0.00193024000000000
0.00457953000000000
0.00812144000000000
0.0115682000000000
0.0123969000000000
0.00917694000000000
0.00332091000000000
-0.00258597000000000
-0.00696382000000000
-0.00929111000000000
-0.00926317000000000
-0.00697987000000000
-0.00355285000000000
-0.000440507000000000
0.00156169000000000
0.00228282000000000
0.00159698000000000
-0.000530321000000000
-0.00363589000000000
-0.00687520000000000
-0.00937415000000000
-0.0105294000000000
-0.0101941000000000
-0.00866196000000000
-0.00658697000000000
-0.00454496000000000
-0.00261975000000000
-0.000447629000000000
0.00198493000000000
0.00413833000000000
0.00579926000000000
0.00757908000000000
0.0100049000000000
0.0122596000000000
0.0125710000000000
0.00973663000000000
0.00445354000000000
-0.00124416000000000
-0.00589699000000000
-0.0102628000000000
-0.0160050000000000
-0.0220793000000000
-0.0244490000000000
-0.0209024000000000
-0.0143195000000000
-0.00844480000000000
-0.00330965000000000
0.00256322000000000
0.00788942000000000
0.0100600000000000
0.00897414000000000
0.00617140000000000
0.00233687000000000
-0.00212657000000000
-0.00596373000000000
-0.00916656000000000
-0.0134804000000000
-0.0183986000000000
-0.0199268000000000
-0.0157463000000000
-0.00872743000000000
-0.00230469000000000
0.00377465000000000
0.0105686000000000
0.0161255000000000
0.0174541000000000
0.0142812000000000
0.00823481000000000
0.000592557000000000
-0.00742451000000000
-0.0135083000000000
-0.0154924000000000
-0.0130908000000000
-0.00729301000000000
0.000516301000000000
0.00856136000000000
0.0148257000000000
0.0181231000000000
0.0183706000000000
0.0158437000000000
0.0113742000000000
0.00642122000000000
0.00205016000000000
-0.00225807000000000
-0.00748255000000000
-0.0127418000000000
-0.0151978000000000
-0.0128792000000000
-0.00726251000000000
-0.00155187000000000
0.00285648000000000
0.00735680000000000
0.0133111000000000
0.0191491000000000
0.0212785000000000
0.0178062000000000
0.0108424000000000
0.00401210000000000
-0.00127626000000000
-0.00666929000000000
-0.0137622000000000
-0.0209447000000000
-0.0244985000000000
-0.0228258000000000
-0.0183068000000000
-0.0139395000000000
-0.0103003000000000
-0.00633172000000000
-0.00182405000000000
0.00235332000000000
0.00549786000000000
0.00739728000000000
0.00794619000000000
0.00738858000000000
0.00676789000000000
0.00685604000000000
0.00714834000000000
0.00634593000000000
0.00370830000000000
-0.000614545000000000
-0.00591926000000000
-0.0112576000000000
-0.0155347000000000
-0.0176082000000000
-0.0168249000000000
-0.0135179000000000
-0.00909470000000000
-0.00488013000000000
-0.00118181000000000
0.00253759000000000
0.00659033000000000
0.0108081000000000
0.0150580000000000
0.0191467000000000
0.0222278000000000
0.0228721000000000
0.0204832000000000
0.0158389000000000
0.0103458000000000
0.00475542000000000
-0.000838092000000000
-0.00629356000000000
-0.0109925000000000
-0.0138852000000000
-0.0141047000000000
-0.0117750000000000
-0.00828671000000000
-0.00505674000000000
-0.00274773000000000
-0.00193327000000000
-0.00332866000000000
-0.00637763000000000
-0.00898532000000000
-0.00970070000000000
-0.00875139000000000
-0.00634953000000000
-0.00225839000000000
0.00209615000000000
0.00374351000000000
0.00220218000000000
0.000888552000000000
0.00276218000000000
0.00678658000000000
0.0104137000000000
0.0132393000000000
0.0161758000000000
0.0187315000000000
0.0188521000000000
0.0154900000000000
0.00980210000000000
0.00367597000000000
-0.00259212000000000
-0.00980848000000000
-0.0169119000000000
-0.0203491000000000
-0.0179195000000000
-0.0119865000000000
-0.00633028000000000
-0.00171467000000000
0.00319740000000000
0.00786970000000000
0.0100264000000000
0.00910189000000000
0.00661947000000000
0.00367405000000000
0.000112951000000000
-0.00379285000000000
-0.00702905000000000
-0.00889750000000000
-0.00869789000000000
-0.00536564000000000
0.00121758000000000
0.00924241000000000
0.0166948000000000
0.0224873000000000
0.0250869000000000
0.0227938000000000
0.0164321000000000
0.00942604000000000
0.00320690000000000
-0.00395317000000000
-0.0118716000000000
-0.0162493000000000
-0.0143546000000000
-0.00919610000000000
-0.00463877000000000
-0.000562609000000000
0.00424140000000000
0.00794164000000000
0.00821006000000000
0.00609699000000000
0.00443565000000000
0.00445969000000000
0.00588461000000000
0.00852783000000000
0.0114348000000000
0.0119394000000000
0.00769014000000000
-0.000394719000000000
-0.00824040000000000
-0.0117271000000000
-0.00984042000000000
-0.00508069000000000
-0.000296027000000000
0.00398671000000000
0.00842563000000000
0.0121997000000000
0.0130405000000000
0.00976058000000000
0.00353481000000000
-0.00325935000000000
-0.00900129000000000
-0.0131155000000000
-0.0151483000000000
-0.0145982000000000
-0.0117790000000000
-0.00822444000000000
-0.00505993000000000
-0.00188321000000000
0.00172960000000000
0.00446464000000000
0.00453106000000000
0.00187722000000000
-0.00256442000000000
-0.00831306000000000
-0.0142389000000000
-0.0174916000000000
-0.0161798000000000
-0.0120177000000000
-0.00816855000000000
-0.00610018000000000
-0.00590050000000000
-0.00754339000000000
-0.00963922000000000
-0.00925918000000000
-0.00545826000000000
-0.00115059000000000
0.000480492000000000
-0.000603543000000000
-0.00315907000000000
-0.00697596000000000
-0.0112177000000000
-0.0130900000000000
-0.0107841000000000
-0.00614298000000000
-0.00197351000000000
0.00139930000000000
0.00520173000000000
0.00955619000000000
0.0135019000000000
0.0162030000000000
0.0167004000000000
0.0141183000000000
0.00886396000000000
0.00277041000000000
-0.00319907000000000
-0.00962405000000000
-0.0163123000000000
-0.0211284000000000
-0.0221423000000000
-0.0197080000000000
-0.0151762000000000
-0.00941487000000000
-0.00326223000000000
0.00161072000000000
0.00371613000000000
0.00303173000000000
0.000409138000000000
-0.00340530000000000
-0.00759106000000000
-0.0107538000000000
-0.0117550000000000
-0.0106460000000000
-0.00817174000000000
-0.00499542000000000
-0.00163906000000000
0.00134325000000000
0.00395022000000000
0.00672693000000000
0.00988034000000000
0.0130013000000000
0.0159555000000000
0.0190405000000000
0.0220689000000000
0.0244929000000000
0.0266039000000000
0.0293552000000000
0.0323788000000000
0.0337017000000000
0.0320099000000000
0.0283157000000000
0.0244777000000000
0.0212912000000000
0.0183084000000000
0.0149846000000000
0.0114029000000000
0.00805996000000000
0.00501594000000000
0.00177902000000000
-0.00179203000000000
-0.00524924000000000
-0.00854699000000000
-0.0121846000000000
-0.0159842000000000
-0.0191339000000000
-0.0219204000000000
-0.0257128000000000
-0.0298366000000000
-0.0307476000000000
-0.0259907000000000
-0.0177774000000000
-0.0101582000000000
-0.00442064000000000
0.00125015000000000
0.00834899000000000
0.0153686000000000
0.0186764000000000
0.0160561000000000
0.00943004000000000
0.00299516000000000
-0.000561467000000000
-0.00140768000000000
-0.000786244000000000
0.000325712000000000
0.00105175000000000
0.00116432000000000
0.00158996000000000
0.00252298000000000
0.00209663000000000
-0.000889989000000000
-0.00472476000000000
-0.00786675000000000
-0.0115554000000000
-0.0161766000000000
-0.0182581000000000
-0.0149726000000000
-0.00890229000000000
-0.00381066000000000
0.000759617000000000
0.00634090000000000
0.0106931000000000
0.0108033000000000
0.00745876000000000
0.00233615000000000
-0.00512740000000000
-0.0137223000000000
-0.0180002000000000
-0.0149822000000000
-0.00877135000000000
-0.00365042000000000
0.00156560000000000
0.00779912000000000
0.0108536000000000
0.00779673000000000
0.00227404000000000
-0.00183818000000000
-0.00592725000000000
-0.0111155000000000
-0.0135251000000000
-0.0101901000000000
-0.00419733000000000
0.000822284000000000
0.00573531000000000
0.0116512000000000
0.0157606000000000
0.0154525000000000
0.0125103000000000
0.00994421000000000
0.00819010000000000
0.00624549000000000
0.00399086000000000
0.00195747000000000
0.000618984000000000
0.000408028000000000
0.00142397000000000
0.00351525000000000
0.00660230000000000
0.00989791000000000
0.0113630000000000
0.00992505000000000
0.00732111000000000
0.00539223000000000
0.00342207000000000
0.000732191000000000
-0.000664087000000000
0.000870747000000000
0.00356419000000000
0.00544149000000000
0.00746890000000000
0.0102795000000000
0.0111450000000000
0.00768926000000000
0.00183411000000000
-0.00342231000000000
-0.00812224000000000
-0.0133375000000000
-0.0177199000000000
-0.0188585000000000
-0.0164473000000000
-0.0117398000000000
-0.00573914000000000
0.000608078000000000
0.00551231000000000
0.00731584000000000
0.00586433000000000
0.00200505000000000
-0.00328171000000000
-0.00883682000000000
-0.0130939000000000
-0.0148848000000000
-0.0141375000000000
-0.0113582000000000
-0.00727560000000000
-0.00288849000000000
0.000931906000000000
0.00461027000000000
0.00923762000000000
0.0140225000000000
0.0161231000000000
0.0142692000000000
0.0107841000000000
0.00799290000000000
0.00533562000000000
0.00197727000000000
-0.000428116000000000
-0.000332818000000000
0.000915778000000000
0.00159187000000000
0.00227899000000000
0.00351253000000000
0.00352650000000000
0.00104384000000000
-0.00232745000000000
-0.00498169000000000
-0.00774914000000000
-0.0111634000000000
-0.0131722000000000
-0.0120153000000000
-0.00913303000000000
-0.00683959000000000
-0.00523957000000000
-0.00311333000000000
-0.000387373000000000
0.00206421000000000
0.00397832000000000
0.00591527000000000
0.00833861000000000
0.0107833000000000
0.0118963000000000
0.0105478000000000
0.00736351000000000
0.00417665000000000
0.00185287000000000
-0.000509139000000000
-0.00372339000000000
-0.00684366000000000
-0.00805038000000000
-0.00660877000000000
-0.00357097000000000
-0.000444308000000000
0.00229687000000000
0.00552173000000000
0.00995539000000000
0.0144720000000000
0.0167115000000000
0.0157024000000000
0.0129798000000000
0.0103881000000000
0.00824919000000000
0.00600876000000000
0.00361241000000000
0.00129375000000000
-0.00106540000000000
-0.00368491000000000
-0.00636398000000000
-0.00879290000000000
-0.0110987000000000
-0.0134285000000000
-0.0153199000000000
-0.0158085000000000
-0.0144281000000000
-0.0116943000000000
-0.00861087000000000
-0.00573467000000000
-0.00327229000000000
-0.00179483000000000
-0.00202246000000000
-0.00340267000000000
-0.00376595000000000
-0.00135714000000000
0.00312219000000000
0.00754235000000000
0.0109877000000000
0.0144696000000000
0.0189830000000000
0.0234461000000000
0.0253296000000000
0.0232841000000000
0.0187275000000000
0.0140425000000000
0.0101853000000000
0.00645084000000000
0.00227188000000000
-0.00201495000000000
-0.00599064000000000
-0.00987635000000000
-0.0140896000000000
-0.0183690000000000
-0.0216338000000000
-0.0224266000000000
-0.0201631000000000
-0.0157032000000000
-0.0105015000000000
-0.00534329000000000
-0.000843043000000000
0.00164960000000000
0.00104089000000000
-0.00159578000000000
-0.00326957000000000
-0.00172585000000000
0.00263739000000000
0.00731632000000000
0.00994741000000000
0.0100017000000000
0.00832184000000000
0.00515135000000000
0.000213320000000000
-0.00495949000000000
-0.00713931000000000
-0.00510871000000000
-0.00112081000000000
0.00272091000000000
0.00677117000000000
0.0109015000000000
0.0123426000000000
0.00897734000000000
0.00265376000000000
-0.00353936000000000
-0.00908512000000000
-0.0148824000000000
-0.0198924000000000
-0.0214972000000000
-0.0188106000000000
-0.0134253000000000
-0.00732031000000000
-0.000868113000000000
0.00635240000000000
0.0132273000000000
0.0165646000000000
0.0140433000000000
0.00754355000000000
0.00116656000000000
-0.00353505000000000
-0.00859969000000000
-0.0154812000000000
-0.0218996000000000
-0.0239244000000000
-0.0199363000000000
-0.0119826000000000
-0.00361002000000000
0.00265695000000000
0.00663799000000000
0.00939171000000000
0.0107251000000000
0.00926317000000000
0.00510073000000000
0.000462208000000000
-0.00358559000000000
-0.00824919000000000
-0.0134916000000000
-0.0161950000000000
-0.0141343000000000
-0.00945638000000000
-0.00529858000000000
-0.00175706000000000
0.00227747000000000
0.00572181000000000
0.00669308000000000
0.00532995000000000
0.00270350000000000
-0.000960888000000000
-0.00504899000000000
-0.00749030000000000
-0.00717468000000000
-0.00559846000000000
-0.00460268000000000
-0.00438472000000000
-0.00465266000000000
-0.00570082000000000
-0.00714618000000000
-0.00744670000000000
-0.00562497000000000
-0.00245519000000000
0.000580245000000000
0.00258063000000000
0.00324706000000000
0.00252474000000000
0.000453897000000000
-0.00264817000000000
-0.00578289000000000
-0.00740654000000000
-0.00677173000000000
-0.00479422000000000
-0.00277959000000000
-0.00104895000000000
0.000643360000000000
0.00224801000000000
0.00389609000000000
0.00608988000000000
0.00841206000000000
0.00919291000000000
0.00747720000000000
0.00448492000000000
0.00184832000000000
-0.000399349000000000
-0.00296929000000000
-0.00534768000000000
-0.00601411000000000
-0.00444723000000000
-0.00165583000000000
0.00123482000000000
0.00424771000000000
0.00782371000000000
0.0112480000000000
0.0125790000000000
0.0104895000000000
0.00600932000000000
0.00147259000000000
-0.00198373000000000
-0.00536453000000000
-0.00980928000000000
-0.0141087000000000
-0.0153694000000000
-0.0122173000000000
-0.00639767000000000
-0.000548748000000000
0.00398695000000000
0.00687568000000000
0.00779569000000000
0.00704798000000000
0.00622529000000000
0.00693324000000000
0.00925997000000000
0.0124025000000000
0.0160816000000000
0.0200729000000000
0.0231188000000000
0.0234501000000000
0.0204984000000000
0.0151570000000000
0.00885438000000000
0.00245639000000000
-0.00381146000000000
-0.00977016000000000
-0.0146860000000000
-0.0173183000000000
-0.0168952000000000
-0.0138548000000000
-0.00974621000000000
-0.00575710000000000
-0.00194022000000000
0.00219835000000000
0.00661540000000000
0.0106780000000000
0.0137311000000000
0.0151738000000000
0.0145902000000000
0.0122612000000000
0.00936856000000000
0.00670450000000000
0.00403453000000000
0.00112201000000000
-0.00155219000000000
-0.00397481000000000
-0.00703281000000000
-0.0105294000000000
-0.0123929000000000
-0.0112273000000000
-0.00838571000000000
-0.00585746000000000
-0.00390407000000000
-0.00186972000000000
0.000240034000000000
0.00231938000000000
0.00468308000000000
0.00721764000000000
0.00930389000000000
0.0110788000000000
0.0134317000000000
0.0160066000000000
0.0167770000000000
0.0142101000000000
0.00920009000000000
0.00398064000000000
-0.000176936000000000
-0.00404132000000000
-0.00891746000000000
-0.0139203000000000
-0.0159938000000000
-0.0135267000000000
-0.00866356000000000
-0.00413585000000000
2.11755000000000e-05
0.00470983000000000
0.00867234000000000
0.00967275000000000
0.00745580000000000
0.00313640000000000
-0.00261136000000000
-0.00874420000000000
-0.0127498000000000
-0.0129838000000000
-0.0107889000000000
-0.00827394000000000
-0.00586034000000000
-0.00323923000000000
-0.000881207000000000
0.00111778000000000
0.00365752000000000
0.00670442000000000
0.00846795000000000
0.00777134000000000
0.00579192000000000
0.00410336000000000
0.00276027000000000
0.00118149000000000
-0.000457929000000000
-0.00170054000000000
-0.00256122000000000
-0.00298646000000000
-0.00244913000000000
-0.000611982000000000
0.00203012000000000
0.00454943000000000
0.00613859000000000
0.00621276000000000
0.00460356000000000
0.00160976000000000
-0.00221383000000000
-0.00621036000000000
-0.00943323000000000
-0.0108464000000000
-0.0100608000000000
-0.00758004000000000
-0.00444404000000000
-0.00146181000000000
0.00120384000000000
0.00401912000000000
0.00731512000000000
0.0104424000000000
0.0121143000000000
0.0117838000000000
0.0102732000000000
0.00861486000000000
0.00713037000000000
0.00563918000000000
0.00400954000000000
0.00235739000000000
0.00113358000000000
0.000966956000000000
0.00210844000000000
0.00410048000000000
0.00595176000000000
0.00655160000000000
0.00525259000000000
0.00241951000000000
-0.000831625000000000
-0.00404723000000000
-0.00772487000000000
-0.0114380000000000
-0.0131139000000000
-0.0115570000000000
-0.00835058000000000
-0.00549938000000000
-0.00303524000000000
-0.000224050000000000
0.00258957000000000
0.00506464000000000
0.00785078000000000
0.0107378000000000
0.0117622000000000
0.00974062000000000
0.00617946000000000
0.00291963000000000
-5.59990000000000e-05
-0.00325105000000000
-0.00587806000000000
-0.00675097000000000
-0.00577299000000000
-0.00355445000000000
-0.000617891000000000
0.00254869000000000
0.00510800000000000
0.00607743000000000
0.00499758000000000
0.00233072000000000
-0.000886396000000000
-0.00421050000000000
-0.00791234000000000
-0.0115003000000000
-0.0132049000000000
-0.0120400000000000
-0.00937654000000000
-0.00708095000000000
-0.00539151000000000
-0.00355205000000000
-0.00148257000000000
0.000467502000000000
0.00239891000000000
0.00440420000000000
0.00588158000000000
0.00592238000000000
0.00424332000000000
0.00121622000000000
-0.00253895000000000
-0.00643256000000000
-0.00971746000000000
-0.0112776000000000
-0.0103083000000000
-0.00732694000000000
-0.00390383000000000
-0.000775992000000000
0.00255891000000000
0.00595806000000000
0.00780663000000000
0.00703855000000000
0.00471957000000000
0.00247428000000000
0.000654873000000000
-0.00117111000000000
-0.00277336000000000
-0.00322263000000000
-0.00205232000000000
0.000168473000000000
0.00250278000000000
0.00488564000000000
0.00789645000000000
0.0108768000000000
0.0116009000000000
0.00893742000000000
0.00460444000000000
0.000602306000000000
-0.00309289000000000
-0.00711528000000000
-0.0109670000000000
-0.0144984000000000
-0.0188385000000000
-0.0236434000000000
-0.0257575000000000
-0.0228521000000000
-0.0168656000000000
-0.0112328000000000
-0.00685372000000000
-0.00238541000000000
0.00282917000000000
0.00799928000000000
0.0121710000000000
0.0149399000000000
0.0161942000000000
0.0157367000000000
0.0136784000000000
0.0105790000000000
0.00724023000000000
0.00400667000000000
0.000663089000000000
-0.00277584000000000
-0.00546337000000000
-0.00626058000000000
-0.00483518000000000
-0.00175874000000000
0.00207164000000000
0.00593276000000000
0.00902125000000000
0.0100959000000000
0.00823002000000000
0.00404156000000000
-0.000566936000000000
-0.00471933000000000
-0.00922484000000000
-0.0139962000000000
-0.0166333000000000
-0.0153918000000000
-0.0119171000000000
-0.00869470000000000
-0.00586784000000000
-0.00279835000000000
-0.000798970000000000
-0.00143746000000000
-0.00378415000000000
-0.00578441000000000
-0.00670194000000000
-0.00633228000000000
-0.00395126000000000
0.000230964000000000
0.00455182000000000
0.00845677000000000
0.0131578000000000
0.0183786000000000
0.0211795000000000
0.0197423000000000
0.0160592000000000
0.0128967000000000
0.0105119000000000
0.00767225000000000
0.00432915000000000
0.00139363000000000
-0.00103267000000000
-0.00383772000000000
-0.00745301000000000
-0.0108887000000000
-0.0125383000000000
-0.0117558000000000
-0.00959850000000000
-0.00758882000000000
-0.00620781000000000
-0.00486791000000000
-0.00318215000000000
-0.00145726000000000
-8.18851000000000e-06
0.00140680000000000
0.00309536000000000
0.00481139000000000
0.00612996000000000
0.00701716000000000
0.00756239000000000
0.00734259000000000
0.00593523000000000
0.00374439000000000
0.00159083000000000
-0.000564684000000000
-0.00340578000000000
-0.00639352000000000
-0.00729636000000000
-0.00469817000000000
-0.000387429000000000
0.00209623000000000
0.00109438000000000
-0.00160489000000000
-0.00300011000000000
-0.00202908000000000
0.000146908000000000
0.00248466000000000
0.00504820000000000
0.00758674000000000
0.00889271000000000
0.00826356000000000
0.00656462000000000
0.00504261000000000
0.00393242000000000
0.00268833000000000
0.00112672000000000
-0.000339085000000000
-0.00144417000000000
-0.00240162000000000
-0.00308522000000000
-0.00235771000000000
0.000516197000000000
0.00371828000000000
0.00389241000000000
0.000546185000000000
-0.00257304000000000
-0.00224409000000000
0.000310997000000000
0.00231116000000000
0.00357632000000000
0.00536660000000000
0.00727361000000000
0.00786315000000000
0.00707943000000000
0.00582896000000000
0.00432116000000000
0.00235587000000000
0.000376195000000000
-0.00118923000000000
-0.00269176000000000
-0.00456220000000000
-0.00653524000000000
-0.00818691000000000
-0.00964880000000000
-0.0113885000000000
-0.0135674000000000
-0.0154788000000000
-0.0157990000000000
-0.0137734000000000
-0.0102117000000000
-0.00650585000000000
-0.00318015000000000
0.000190357000000000
0.00388411000000000
0.00752295000000000
0.0104344000000000
0.0119865000000000
0.0118372000000000
0.0101199000000000
0.00759002000000000
0.00507502000000000
0.00297600000000000
0.00109095000000000
-0.00103059000000000
-0.00339293000000000
-0.00526552000000000
-0.00586345000000000
-0.00517251000000000
-0.00362167000000000
-0.00159411000000000
0.000539407000000000
0.00239036000000000
0.00412499000000000
0.00632342000000000
0.00861965000000000
0.00940050000000000
0.00769876000000000
0.00466296000000000
0.00199228000000000
-2.21918000000000e-05
-0.00218517000000000
-0.00488141000000000
-0.00763649000000000
-0.00963523000000000
-0.0101398000000000
-0.00893901000000000
-0.00652510000000000
-0.00375828000000000
-0.00102724000000000
0.00178469000000000
0.00457641000000000
0.00669843000000000
0.00727097000000000
0.00577802000000000
0.00246533000000000
-0.00157255000000000
-0.00547215000000000
-0.00937335000000000
-0.0134213000000000
-0.0165199000000000
-0.0170221000000000
-0.0144449000000000
-0.00940848000000000
-0.00290342000000000
0.00361824000000000
0.00824040000000000
0.00981886000000000
0.00853741000000000
0.00463079000000000
-0.00164066000000000
-0.00809350000000000
-0.0108384000000000
-0.00823801000000000
-0.00292889000000000
0.00184561000000000
0.00577714000000000
0.00998014000000000
0.0139650000000000
0.0161079000000000
0.0158453000000000
0.0138628000000000
0.0110923000000000
0.00816455000000000
0.00547055000000000
0.00289312000000000
8.79211000000000e-05
-0.00277600000000000
-0.00498696000000000
-0.00598832000000000
-0.00580365000000000
-0.00483135000000000
-0.00364706000000000
-0.00252817000000000
-0.00128265000000000
4.70504000000000e-05
0.000674059000000000
-6.27064000000000e-06
-0.00145686000000000
-0.00291819000000000
-0.00456404000000000
-0.00639040000000000
-0.00679185000000000
-0.00399549000000000
0.00139147000000000
0.00659089000000000
0.00897335000000000
0.00757014000000000
0.00332706000000000
-0.000955698000000000
-0.00190701000000000
0.00119147000000000
0.00517890000000000
0.00650625000000000
0.00481466000000000
0.00149407000000000
-0.00298310000000000
-0.00813262000000000
-0.0119299000000000
-0.0125838000000000
-0.0105023000000000
-0.00652055000000000
-0.000554265000000000
0.00597331000000000
0.00924480000000000
0.00755441000000000
0.00388611000000000
0.00116201000000000
-0.00149311000000000
-0.00503989000000000
-0.00708231000000000
-0.00566848000000000
-0.00283460000000000
-0.000939730000000000
0.000892943000000000
0.00359349000000000
0.00505059000000000
0.00350319000000000
0.000722450000000000
-0.00122197000000000
-0.00307907000000000
-0.00567335000000000
-0.00717963000000000
-0.00583774000000000
-0.00285696000000000
-0.000552852000000000
0.000214980000000000
-0.000428611000000000
-0.00229823000000000
-0.00456739000000000
-0.00589188000000000
-0.00569012000000000
-0.00431765000000000
-0.00203739000000000
0.00101630000000000
0.00420300000000000
0.00658961000000000
0.00750882000000000
0.00672382000000000
0.00460588000000000
0.00212098000000000
-0.000315133000000000
-0.00317464000000000
-0.00608517000000000
-0.00714203000000000
-0.00534121000000000
-0.00219228000000000
0.000776535000000000
0.00397305000000000
0.00750243000000000
0.00928153000000000
0.00774635000000000
0.00452811000000000
0.00193950000000000
-0.000162932000000000
-0.00286342000000000
-0.00536101000000000
-0.00606593000000000
-0.00509514000000000
-0.00356123000000000
-0.00172002000000000
0.000693133000000000
0.00325432000000000
0.00544429000000000
0.00734554000000000
0.00878811000000000
0.00902764000000000
0.00798491000000000
0.00663528000000000
0.00538864000000000
0.00365912000000000
0.00168121000000000
0.00108281000000000
0.00270494000000000
0.00533203000000000
0.00766539000000000
0.00989551000000000
0.0121790000000000
0.0131977000000000
0.0117814000000000
0.00884081000000000
0.00603000000000000
0.00368786000000000
0.00123243000000000
-0.00136880000000000
-0.00387253000000000
-0.00642617000000000
-0.00906197000000000
-0.0114420000000000
-0.0137534000000000
-0.0167195000000000
-0.0196976000000000
-0.0203763000000000
-0.0174700000000000
-0.0126325000000000
-0.00811106000000000
-0.00413106000000000
0.000332730000000000
0.00539263000000000
0.00995140000000000
0.0126125000000000
0.0123650000000000
0.00958493000000000
0.00651576000000000
0.00566680000000000
0.00725924000000000
0.00953623000000000
0.0115370000000000
0.0138460000000000
0.0163155000000000
0.0170477000000000
0.0144904000000000
0.00963124000000000
0.00494752000000000
0.00163666000000000
-0.00180904000000000
-0.00759433000000000
-0.0150293000000000
-0.0202270000000000
-0.0204856000000000
-0.0174956000000000
-0.0146844000000000
-0.0135355000000000
-0.0138069000000000
-0.0153415000000000
-0.0171555000000000
-0.0166620000000000
-0.0122692000000000
-0.00577499000000000
0.000258470000000000
0.00570712000000000
0.0113614000000000
0.0162125000000000
0.0184776000000000
0.0179403000000000
0.0154572000000000
0.0118237000000000
0.00789078000000000
0.00461290000000000
0.00178804000000000
-0.00166285000000000
-0.00549171000000000
-0.00776942000000000
-0.00733397000000000
-0.00520708000000000
-0.00305201000000000
-0.00177319000000000
-0.00181024000000000
-0.00353305000000000
-0.00660478000000000
-0.00953143000000000
-0.0104576000000000
-0.00868432000000000
-0.00517379000000000
-0.00148217000000000
0.00196497000000000
0.00586377000000000
0.00998813000000000
0.0122828000000000
0.0111410000000000
0.00776319000000000
0.00458033000000000
0.00232825000000000
-0.000112049000000000
-0.00341209000000000
-0.00648725000000000
-0.00737493000000000
-0.00489298000000000
0.000156193000000000
0.00523231000000000
0.00778643000000000
0.00733317000000000
0.00546377000000000
0.00369752000000000
0.00225431000000000
0.000765229000000000
-0.000824519000000000
-0.00240992000000000
-0.00399206000000000
-0.00554058000000000
-0.00675815000000000
-0.00701875000000000
-0.00585387000000000
-0.00347125000000000
-0.000696909000000000
0.00198757000000000
0.00478041000000000
0.00764942000000000
0.00979731000000000
0.0104648000000000
0.00963603000000000
0.00752543000000000
0.00446839000000000
0.00120129000000000
-0.00158660000000000
-0.00420683000000000
-0.00738682000000000
-0.0106484000000000
-0.0123251000000000
-0.0113893000000000
-0.00872823000000000
-0.00613020000000000
-0.00445178000000000
-0.00277528000000000
0.000105494000000000
0.00319333000000000
0.00373569000000000
0.000851905000000000
-0.00318359000000000
-0.00663991000000000
-0.0104137000000000
-0.0147195000000000
-0.0168545000000000
-0.0148712000000000
-0.0108416000000000
-0.00746594000000000
-0.00430990000000000
3.73058000000000e-05
0.00447645000000000
0.00693780000000000
0.00736998000000000
0.00698682000000000
0.00628821000000000
0.00534768000000000
0.00481442000000000
0.00524668000000000
0.00635823000000000
0.00754842000000000
0.00857574000000000
0.00962565000000000
0.0110388000000000
0.0124848000000000
0.0125814000000000
0.0103770000000000
0.00696821000000000
0.00401992000000000
0.00151475000000000
-0.00150061000000000
-0.00482991000000000
-0.00758802000000000
-0.00966716000000000
-0.0109350000000000
-0.0104488000000000
-0.00802084000000000
-0.00523071000000000
-0.00304849000000000
-0.000531502000000000
0.00254358000000000
0.00411837000000000
0.00277033000000000
-2.57192000000000e-05
-0.00242230000000000
-0.00457250000000000
-0.00684087000000000
-0.00787984000000000
-0.00646058000000000
-0.00360962000000000
-0.00107147000000000
0.000910189000000000
0.00315117000000000
0.00589012000000000
0.00860288000000000
0.0106396000000000
0.0114340000000000
0.0107602000000000
0.00883442000000000
0.00603894000000000
0.00272721000000000
-0.000293097000000000
-0.00170349000000000
-0.000682977000000000
0.00219954000000000
0.00524325000000000
0.00673284000000000
0.00597483000000000
0.00362982000000000
0.000989950000000000
-0.00137989000000000
-0.00383405000000000
-0.00632925000000000
-0.00780663000000000
-0.00746443000000000
-0.00588916000000000
-0.00419565000000000
-0.00278733000000000
-0.00133191000000000
0.000376004000000000
0.00204641000000000
0.00321217000000000
0.00359373000000000
0.00315508000000000
0.00194733000000000
0.000246973000000000
-0.00145079000000000
-0.00283604000000000
-0.00421873000000000
-0.00607008000000000
-0.00789222000000000
-0.00822523000000000
-0.00620022000000000
-0.00269743000000000
0.000755249000000000
0.00353425000000000
0.00613156000000000
0.00914261000000000
0.0123530000000000
0.0147930000000000
0.0155842000000000
0.0146852000000000
0.0125319000000000
0.00958972000000000
0.00634418000000000
0.00339221000000000
0.000776878000000000
-0.00207467000000000
-0.00528500000000000
-0.00814380000000000
-0.0104265000000000
-0.0129422000000000
-0.0156153000000000
-0.0166165000000000
-0.0146684000000000
-0.0111378000000000
-0.00807593000000000
-0.00562489000000000
-0.00271452000000000
0.000685181000000000
0.00360642000000000
0.00557579000000000
0.00662218000000000
0.00648733000000000
0.00492564000000000
0.00254597000000000
0.000270765000000000
-0.00144696000000000
-0.00224561000000000
-0.00155403000000000
0.000560309000000000
0.00301696000000000
0.00497418000000000
0.00646617000000000
0.00724806000000000
0.00641667000000000
0.00394679000000000
0.00124840000000000
-0.000942046000000000
-0.00352012000000000
-0.00657300000000000
-0.00790906000000000
-0.00576764000000000
-0.00142253000000000
0.00268298000000000
0.00554401000000000
0.00698953000000000
0.00646298000000000
0.00405992000000000
0.00127905000000000
-0.000965199000000000
-0.00345904000000000
-0.00643224000000000
-0.00798244000000000
-0.00648398000000000
-0.00304091000000000
3.79645000000000e-05
0.00170948000000000
0.00209312000000000
0.00129319000000000
-0.000512229000000000
-0.00264657000000000
-0.00454488000000000
-0.00612158000000000
-0.00709317000000000
-0.00679536000000000
-0.00517035000000000
-0.00316442000000000
-0.00152217000000000
-5.55902000000000e-05
0.00155275000000000
0.00297496000000000
0.00366327000000000
0.00344275000000000
0.00236633000000000
0.000685771000000000
-0.00107067000000000
-0.00248649000000000
-0.00384603000000000
-0.00564636000000000
-0.00745389000000000
-0.00805198000000000
-0.00687480000000000
-0.00469665000000000
-0.00254510000000000
-0.000701213000000000
0.00113143000000000
0.00305472000000000
0.00481666000000000
0.00630745000000000
0.00795002000000000
0.0102061000000000
0.0124888000000000
0.0132959000000000
0.0118612000000000
0.00918971000000000
0.00667376000000000
0.00461322000000000
0.00259955000000000
0.000540516000000000
-0.00157670000000000
-0.00405010000000000
-0.00663288000000000
-0.00812064000000000
-0.00770571000000000
-0.00619791000000000
-0.00486328000000000
-0.00391741000000000
-0.00282031000000000
-0.00141981000000000
4.90592000000000e-05
0.00151714000000000
0.00309185000000000
0.00475007000000000
0.00630545000000000
0.00750818000000000
0.00798651000000000
0.00747313000000000
0.00613819000000000
0.00457154000000000
0.00325999000000000
0.00232968000000000
0.00175020000000000
0.00154884000000000
0.00177239000000000
0.00236154000000000
0.00309297000000000
0.00358064000000000
0.00330359000000000
0.00183698000000000
-0.000831785000000000
-0.00417250000000000
-0.00742658000000000
-0.00992186000000000
-0.0110851000000000
-0.0105981000000000
-0.00870668000000000
-0.00624198000000000
-0.00385816000000000
-0.00164752000000000
0.000429290000000000
0.00212186000000000
0.00315947000000000
0.00349401000000000
0.00309712000000000
0.00209559000000000
0.00110189000000000
0.000897414000000000
0.00165902000000000
0.00295476000000000
0.00446871000000000
0.00618777000000000
0.00781677000000000
0.00851186000000000
0.00752255000000000
0.00517259000000000
0.00277608000000000
0.00130780000000000
9.30149000000000e-05
-0.00234525000000000
-0.00581699000000000
-0.00801525000000000
-0.00733884000000000
-0.00495989000000000
-0.00299005000000000
-0.00203787000000000
-0.00170237000000000
-0.00219627000000000
-0.00402463000000000
-0.00672925000000000
-0.00923283000000000
-0.0109678000000000
-0.0118724000000000
-0.0118420000000000
-0.0109159000000000
-0.00960169000000000
-0.00840088000000000
-0.00742770000000000
-0.00657053000000000
-0.00570712000000000
-0.00468364000000000
-0.00348075000000000
-0.00227651000000000
-0.00115897000000000
-1.65894000000000e-05
0.00117981000000000
0.00232617000000000
0.00345249000000000
0.00464747000000000
0.00577627000000000
0.00660821000000000
0.00711361000000000
0.00712782000000000
0.00617571000000000
0.00412866000000000
0.00175132000000000
-0.000264035000000000
-0.00222773000000000
-0.00456412000000000
-0.00659416000000000
-0.00720510000000000
-0.00628821000000000
-0.00447118000000000
-0.00220849000000000
9.94661000000000e-05
0.00178261000000000
0.00260266000000000
0.00293121000000000
0.00254422000000000
0.000615703000000000
-0.00230557000000000
-0.00395533000000000
-0.00319269000000000
-0.00144568000000000
-0.000186517000000000
0.00101949000000000
0.00265576000000000
0.00349401000000000
0.00232745000000000
-5.53147000000000e-05
-0.00217655000000000
-0.00380818000000000
-0.00544636000000000
-0.00693564000000000
-0.00765940000000000
-0.00738403000000000
-0.00625699000000000
-0.00462192000000000
-0.00294079000000000
-0.00155004000000000
-0.000355956000000000
0.000893502000000000
0.00230525000000000
0.00388204000000000
0.00552812000000000
0.00702339000000000
0.00841366000000000
0.0101231000000000
0.0119370000000000
0.0125997000000000
0.0113414000000000
0.00915937000000000
0.00739776000000000
0.00606090000000000
0.00449689000000000
0.00279444000000000
0.00131299000000000
-0.000165327000000000
-0.00185631000000000
-0.00342550000000000
-0.00479678000000000
-0.00651280000000000
-0.00837454000000000
-0.00897893000000000
-0.00746419000000000
-0.00478823000000000
-0.00229463000000000
-0.000193623000000000
0.00204665000000000
0.00464117000000000
0.00731991000000000
0.00954900000000000
0.0106245000000000
0.0101302000000000
0.00828831000000000
0.00577611000000000
0.00325401000000000
0.00134101000000000
0.000500213000000000
0.000702985000000000
0.00153295000000000
0.00252130000000000
0.00305664000000000
0.00249703000000000
0.00100097000000000
-0.000461011000000000
-0.00153431000000000
-0.00287101000000000
-0.00436675000000000
-0.00454623000000000
-0.00258534000000000
0.000468795000000000
0.00351109000000000
0.00666083000000000
0.00972705000000000
0.0111083000000000
0.00962086000000000
0.00635607000000000
0.00326055000000000
0.000895738000000000
-0.00158293000000000
-0.00471949000000000
-0.00775808000000000
-0.00926317000000000
-0.00862204000000000
-0.00679504000000000
-0.00507223000000000
-0.00368195000000000
-0.00236841000000000
-0.00173990000000000
-0.00267372000000000
-0.00478145000000000
-0.00679057000000000
-0.00797876000000000
-0.00806236000000000
-0.00658617000000000
-0.00366415000000000
-0.000460516000000000
0.00242294000000000
0.00567503000000000
0.00920089000000000
0.0110843000000000
0.0101047000000000
0.00762738000000000
0.00532429000000000
0.00304953000000000
0.000468388000000000
-0.00107602000000000
-0.000328786000000000
0.00172577000000000
0.00339988000000000
0.00460188000000000
0.00616038000000000
0.00802962000000000
0.00954261000000000
0.0103554000000000
0.0100855000000000
0.00825158000000000
0.00519654000000000
0.00207978000000000
-0.000790291000000000
-0.00415413000000000
-0.00768503000000000
-0.00935259000000000
-0.00788152000000000
-0.00456611000000000
-0.00153016000000000
0.000396731000000000
0.00135235000000000
0.00125343000000000
9.33103000000000e-07
-0.00186190000000000
-0.00372044000000000
-0.00553898000000000
-0.00732359000000000
-0.00850548000000000
-0.00853103000000000
-0.00755169000000000
-0.00596445000000000
-0.00399190000000000
-0.00188441000000000
7.55393000000000e-06
0.00177455000000000
0.00385042000000000
0.00602274000000000
0.00726586000000000
0.00701756000000000
0.00601323000000000
0.00516253000000000
0.00443262000000000
0.00335684000000000
0.00203603000000000
0.000871626000000000
-9.17295000000000e-05
-0.00101278000000000
-0.00189719000000000
-0.00283987000000000
-0.00407142000000000
-0.00542010000000000
-0.00639208000000000
-0.00706410000000000
-0.00810228000000000
-0.00940209000000000
-0.00972784000000000
-0.00819729000000000
-0.00544109000000000
-0.00260633000000000
-0.000129654000000000
0.00222334000000000
0.00466216000000000
0.00704438000000000
0.00890628000000000
0.00957535000000000
0.00860528000000000
0.00611423000000000
0.00284889000000000
-0.000210014000000000
-0.00231779000000000
-0.00320897000000000
-0.00285759000000000
-0.00140137000000000
0.000247595000000000
0.000275141000000000
-0.00249943000000000
-0.00668166000000000
-0.00899331000000000
-0.00743960000000000
-0.00320059000000000
0.000996976000000000
0.00348546000000000
0.00432675000000000
0.00407485000000000
0.00258302000000000
-0.000367692000000000
-0.00357952000000000
-0.00491438000000000
-0.00375142000000000
-0.00160465000000000
0.000521163000000000
0.00352818000000000
0.00769988000000000
0.0107626000000000
0.0105989000000000
0.00825158000000000
0.00608350000000000
0.00462935000000000
0.00302981000000000
0.00116863000000000
-0.000576062000000000
-0.00239811000000000
-0.00428052000000000
-0.00523622000000000