-0.00215943000000000
-0.00584681000000000
-0.00855418000000000
-0.00818686000000000
-0.00639037000000000
-0.00648624000000000
-0.0128662000000000
-0.0175120000000000
0.00527120000000000
0.0748280000000000
0.170604000000000
0.244505000000000
0.268936000000000
0.254278000000000
0.210395000000000
0.125629000000000
-0.000233766000000000
-0.131661000000000
-0.232191000000000
-0.298226000000000
-0.342175000000000
-0.361256000000000
-0.339368000000000
-0.261375000000000
-0.123210000000000
0.0545989000000000
0.221015000000000
0.325305000000000
0.355986000000000
0.331966000000000
0.264196000000000
0.152437000000000
0.0159455000000000
-0.101512000000000
-0.166764000000000
-0.185951000000000
-0.190493000000000
-0.194479000000000
-0.175888000000000
-0.108157000000000
-0.00643089000000000
0.0780815000000000
0.109987000000000
0.0984139000000000
0.0692573000000000
0.0346902000000000
-0.00299061000000000
-0.0380655000000000
-0.0628696000000000
-0.0675995000000000
-0.0418844000000000
0.00754861000000000
0.0493155000000000
0.0588561000000000
0.0448875000000000
0.0301086000000000
0.0205350000000000
0.00743778000000000
-0.0175080000000000
-0.0559972000000000
-0.0944957000000000
-0.100346000000000
-0.0548929000000000
0.0120962000000000
0.0502769000000000
0.0502861000000000
0.0415030000000000
0.0402000000000000
0.0342453000000000
0.0146730000000000
-0.0122704000000000
-0.0393301000000000
-0.0617679000000000
-0.0725664000000000
-0.0699737000000000
-0.0588362000000000
-0.0362911000000000
0.00398107000000000
0.0486932000000000
0.0734496000000000
0.0780828000000000
0.0810807000000000
0.0767825000000000
0.0385991000000000
-0.0269161000000000
-0.0718513000000000
-0.0699618000000000
-0.0499948000000000
-0.0475902000000000
-0.0563508000000000
-0.0485210000000000
-0.0173239000000000
0.0227463000000000
0.0593579000000000
0.0863482000000000
0.0986430000000000
0.0976657000000000
0.0905722000000000
0.0727571000000000
0.0256277000000000
-0.0544175000000000
-0.135646000000000
-0.175504000000000
-0.162381000000000
-0.119720000000000
-0.0707960000000000
-0.0128516000000000
0.0641845000000000
0.144042000000000
0.185964000000000
0.166234000000000
0.102163000000000
0.0277066000000000
-0.0405536000000000
-0.0988350000000000
-0.136467000000000
-0.140427000000000
-0.110270000000000
-0.0539593000000000
0.0163705000000000
0.0741196000000000
0.0873400000000000
0.0568539000000000
0.0218366000000000
0.00730894000000000
-0.00600372000000000
-0.0359204000000000
-0.0558913000000000
-0.0342056000000000
0.0106078000000000
0.0328020000000000
0.0223994000000000
0.00729451000000000
0.00432138000000000
0.00286296000000000
-0.00640838000000000
-0.0156886000000000
-0.0149153000000000
-0.00346532000000000
0.0122841000000000
0.0208144000000000
0.0105752000000000
-0.0133899000000000
-0.0247260000000000
-0.00409866000000000
0.0315705000000000
0.0455390000000000
0.0273597000000000
0.00416328000000000
0.000438044000000000
0.00549233000000000
-0.00567281000000000
-0.0306489000000000
-0.0407482000000000
-0.0226166000000000
0.00383899000000000
0.0173027000000000
0.0221372000000000
0.0300954000000000
0.0335541000000000
0.0182535000000000
-0.00918050000000000
-0.0267810000000000
-0.0261574000000000
-0.0174246000000000
-0.0104235000000000
-0.00495433000000000
0.00249352000000000
0.0131482000000000
0.0229834000000000
0.0222352000000000
0.00578338000000000
-0.0144677000000000
-0.0210117000000000
-0.0145657000000000
-0.00978538000000000
-0.00831649000000000
0.00257164000000000
0.0223954000000000
0.0312593000000000
0.0180999000000000
-0.00283819000000000
-0.0122704000000000
-0.00965892000000000
-0.00854756000000000
-0.0164818000000000
-0.0257204000000000
-0.0216844000000000
0.000301166000000000
0.0272074000000000
0.0408979000000000
0.0372525000000000
0.0249961000000000
0.00990574000000000
-0.00799644000000000
-0.0229397000000000
-0.0245128000000000
-0.0128121000000000
-0.000956292000000000
0.00178615000000000
0.000254503000000000
0.00289023000000000
0.00960609000000000
0.0146862000000000
0.0150305000000000
0.0104587000000000
0.00163493000000000
-0.00790508000000000
-0.0118308000000000
-0.00755338000000000
-1.29595000000000e-05
0.00479053000000000
0.00737435000000000
0.0113173000000000
0.0146465000000000
0.0122315000000000
0.00573531000000000
0.00268578000000000
0.00376285000000000
0.000456039000000000
-0.0108010000000000
-0.0204105000000000
-0.0180469000000000
-0.00611098000000000
0.00598240000000000
0.0147776000000000
0.0220141000000000
0.0254662000000000
0.0195008000000000
0.00394532000000000
-0.0133819000000000
-0.0238507000000000
-0.0255469000000000
-0.0239341000000000
-0.0245379000000000
-0.0242400000000000
-0.0136785000000000
0.00833556000000000
0.0294731000000000
0.0389209000000000
0.0402120000000000
0.0403325000000000
0.0352636000000000
0.0179423000000000
-0.00603497000000000
-0.0228880000000000
-0.0266937000000000
-0.0223425000000000
-0.0172577000000000
-0.0169611000000000
-0.0225888000000000
-0.0255906000000000
-0.0132032000000000
0.0139103000000000
0.0370750000000000
0.0411084000000000
0.0312315000000000
0.0218049000000000
0.0157005000000000
0.00488521000000000
-0.0130543000000000
-0.0285514000000000
-0.0310422000000000
-0.0208170000000000
-0.00714779000000000
0.00206701000000000
0.00681516000000000
0.0110073000000000
0.0150305000000000
0.0141764000000000
0.00509230000000000
-0.00861350000000000
-0.0184283000000000
-0.0187116000000000
-0.0111221000000000
-0.00223398000000000
0.00278245000000000
0.00392903000000000
0.00459442000000000
0.00639567000000000
0.00766249000000000
0.00685250000000000
0.00541487000000000
0.00561495000000000
0.00685555000000000
0.00615957000000000
0.00251391000000000
-0.00157469000000000
-0.00338150000000000
-0.00302768000000000
-0.00249497000000000
-0.00335554000000000
-0.00533026000000000
-0.00609774000000000
-0.00285024000000000
0.00404053000000000
0.00974102000000000
0.00942481000000000
0.00444956000000000
0.000617414000000000
-0.000151245000000000
-0.00208435000000000
-0.00747658000000000
-0.0115412000000000
-0.00929120000000000
-0.00322776000000000
0.000967891000000000
0.00348094000000000
0.00841143000000000
0.0142148000000000
0.0136282000000000
0.00511985000000000
-0.00274458000000000
-0.00232111000000000
0.00202967000000000
4.65653000000000e-05
-0.00967719000000000
-0.0166592000000000
-0.0119359000000000
0.000828458000000000
0.0105942000000000
0.0120868000000000
0.00894467000000000
0.00587753000000000
0.00330642000000000
-0.000118663000000000
-0.00399259000000000
-0.00683953000000000
-0.00769917000000000
-0.00637170000000000
-0.00345207000000000
-0.000459575000000000
0.00177980000000000
0.00425425000000000
0.00741143000000000
0.00862039000000000
0.00492228000000000
-0.00185064000000000
-0.00641090000000000
-0.00677001000000000
-0.00651683000000000
-0.00847340000000000
-0.0100640000000000
-0.00732099000000000
-0.00150345000000000
0.00254225000000000
0.00292175000000000
0.00176907000000000
0.000253245000000000
-0.00255827000000000
-0.00565587000000000
-0.00574326000000000
-0.00206370000000000
0.00226047000000000
0.00521399000000000
0.00822605000000000
0.0119174000000000
0.0130335000000000
0.00874049000000000
0.00154886000000000
-0.00309164000000000
-0.00363097000000000
-0.00387077000000000
-0.00705060000000000
-0.0107171000000000
-0.0101595000000000
-0.00552888000000000
-0.00197339000000000
-0.00150556000000000
0.000312487000000000
0.00678153000000000
0.0130319000000000
0.0119644000000000
0.00417519000000000
-0.00315215000000000
-0.00586323000000000
-0.00597234000000000
-0.00607509000000000
-0.00584535000000000
-0.00468380000000000
-0.00390666000000000
-0.00461084000000000
-0.00558396000000000
-0.00473015000000000
-0.00172273000000000
0.00200212000000000
0.00516897000000000
0.00744467000000000
0.00803935000000000
0.00532575000000000
-0.000885158000000000
-0.00734641000000000
-0.0102004000000000
-0.00927717000000000
-0.00751763000000000
-0.00629504000000000
-0.00427384000000000
-0.000652584000000000
0.00330403000000000
0.00644625000000000
0.00895473000000000
0.0106376000000000
0.0100934000000000
0.00642692000000000
0.000935079000000000
-0.00346916000000000
-0.00442586000000000
-0.00235316000000000
-0.000720539000000000
-0.00241778000000000
-0.00577464000000000
-0.00599591000000000
-0.00169081000000000
0.00290745000000000
0.00340268000000000
0.000810198000000000
-0.000792692000000000
-0.000346055000000000
-0.000516778000000000
-0.00275676000000000
-0.00462157000000000
-0.00364156000000000
-0.00153668000000000
-0.00241129000000000
-0.00651432000000000
-0.00883040000000000
-0.00513057000000000
0.00212580000000000
0.00653431000000000
0.00488772000000000
-0.000375941000000000
-0.00526656000000000
-0.00816104000000000
-0.00951498000000000
-0.00960145000000000
-0.00790455000000000
-0.00432774000000000
-0.000417798000000000
0.00151086000000000
0.000923943000000000
-3.18724000000000e-05
0.000451921000000000
0.00132127000000000
0.000617772000000000
-0.00120139000000000
-0.00195194000000000
-0.000445380000000000
0.00328655000000000
0.00854597000000000
0.0123847000000000
0.0103732000000000
0.00245114000000000
-0.00458939000000000
-0.00459998000000000
0.000189977000000000
0.00288229000000000
0.00112397000000000
-0.00182005000000000
-0.00360078000000000
-0.00513415000000000
-0.00717957000000000
-0.00862091000000000
-0.00834125000000000
-0.00591143000000000
-0.00107028000000000
0.00544956000000000
0.0114448000000000
0.0149060000000000
0.0152304000000000
0.0123697000000000
0.00661985000000000
-0.000153430000000000
-0.00537832000000000
-0.00821109000000000
-0.00964965000000000
-0.00978591000000000
-0.00753709000000000
-0.00291076000000000
0.00208025000000000
0.00538071000000000
0.00626193000000000
0.00554292000000000
0.00481225000000000
0.00504503000000000
0.00531066000000000
0.00411759000000000
0.00135819000000000
-0.00213891000000000
-0.00659999000000000
-0.0121095000000000
-0.0160143000000000
-0.0143922000000000
-0.00694096000000000
0.00204119000000000
0.00815375000000000
0.0106075000000000
0.0111071000000000
0.0107345000000000
0.00887568000000000
0.00444426000000000
-0.00211415000000000
-0.00806702000000000
-0.0102589000000000
-0.00818288000000000
-0.00445525000000000
-0.00171240000000000
-0.000282641000000000
0.000799260000000000
0.00164354000000000
0.00184177000000000
0.00161653000000000
0.00172524000000000
0.00233581000000000
0.00287315000000000
0.00264182000000000
0.00158899000000000
0.000821797000000000
0.00169558000000000
0.00378973000000000
0.00437872000000000
0.00155443000000000
-0.00297273000000000
-0.00555271000000000
-0.00488190000000000
-0.00289964000000000
-0.00153695000000000
-0.000628855000000000
0.000774922000000000
0.00240692000000000
0.00325504000000000
0.00295962000000000
0.00231052000000000
0.00209283000000000
0.00209839000000000
0.00164685000000000
0.000906186000000000
0.000914396000000000
0.00194174000000000
0.00274458000000000
0.00186084000000000
-0.000467043000000000
-0.00263004000000000
-0.00349365000000000
-0.00317162000000000
-0.00200610000000000
-9.08781000000000e-05
0.00188533000000000
0.00241288000000000
0.000731132000000000
-0.00180469000000000
-0.00314580000000000
-0.00317215000000000
-0.00320790000000000
-0.00320022000000000
-0.00143062000000000
0.00248822000000000
0.00633291000000000
0.00786800000000000
0.00724551000000000
0.00586376000000000
0.00398637000000000
0.000906795000000000
-0.00317254000000000
-0.00666461000000000
-0.00806146000000000
-0.00736389000000000
-0.00557483000000000
-0.00342254000000000
-0.000849075000000000
0.00202940000000000
0.00457416000000000
0.00615004000000000
0.00645844000000000
0.00505814000000000
0.00205787000000000
-0.000705616000000000
-0.00108891000000000
0.000524895000000000
0.00157204000000000
0.000966541000000000
0.000183369000000000
0.000510051000000000
0.00127978000000000
0.00170948000000000
0.00206767000000000
0.00223292000000000
0.00110239000000000
-0.00165983000000000
-0.00497114000000000
-0.00767878000000000
-0.00919891000000000
-0.00881530000000000
-0.00593592000000000
-0.000935436000000000
0.00497565000000000
0.0103733000000000
0.0133952000000000
0.0126305000000000
0.00922367000000000
0.00649445000000000
0.00589938000000000
0.00511852000000000
0.00130808000000000
-0.00535793000000000
-0.0122430000000000
-0.0167281000000000
-0.0175305000000000
-0.0151126000000000
-0.0110199000000000
-0.00594718000000000
0.000857656000000000
0.00915005000000000
0.0161375000000000
0.0193830000000000
0.0194995000000000
0.0176232000000000
0.0124869000000000
0.00317903000000000
-0.00684443000000000
-0.0125522000000000
-0.0128492000000000
-0.0108852000000000
-0.00890667000000000
-0.00615772000000000
-0.00158197000000000
0.00338918000000000
0.00624829000000000
0.00598280000000000
0.00348571000000000
0.000302834000000000
-0.00261163000000000
-0.00514262000000000
-0.00691752000000000
-0.00597247000000000
-0.000431344000000000
0.00695354000000000
0.00874459000000000
0.000889449000000000
-0.0104309000000000
-0.0147511000000000
-0.00818580000000000
0.00457231000000000
0.0161494000000000
0.0204304000000000
0.0160925000000000
0.00995421000000000
0.0105756000000000
0.0130305000000000
0.00154092000000000
-0.0254251000000000
-0.0435131000000000
-0.0315215000000000
-4.57549000000000e-05
0.0219466000000000
0.0231754000000000
0.0150040000000000
0.00895844000000000
0.00411362000000000
-0.00310832000000000
-0.0101714000000000
-0.0113573000000000
-0.00493380000000000
0.00421929000000000
0.00900995000000000
0.00885105000000000
0.0104259000000000
0.0153986000000000
0.0130664000000000
-0.00424299000000000
-0.0244889000000000
-0.0273663000000000
-0.0107989000000000
0.00771003000000000
0.0145167000000000
0.0124469000000000
0.00936827000000000
0.00624538000000000
0.000477159000000000
-0.00686879000000000
-0.0115293000000000
-0.0106172000000000
-0.00444281000000000
0.00371902000000000
0.00934483000000000
0.00979372000000000
0.00615931000000000
0.00156277000000000
-0.00150265000000000
-0.00256025000000000
-0.00323015000000000
-0.00574339000000000
-0.00990535000000000
-0.0122465000000000
-0.00944202000000000
-0.00232429000000000
0.00481529000000000
0.00828127000000000
0.00795328000000000
0.00668897000000000
0.00742865000000000
0.00989157000000000
0.0101845000000000
0.00466248000000000
-0.00568235000000000
-0.0152940000000000
-0.0185342000000000
-0.0137143000000000
-0.00395697000000000
0.00530894000000000
0.0100025000000000
0.00983901000000000
0.00751485000000000
0.00540520000000000
0.00323743000000000
-0.000685105000000000
-0.00649180000000000
-0.0121532000000000
-0.0157654000000000
-0.0171319000000000
-0.0162911000000000
-0.0118052000000000
-0.00268592000000000
0.00864594000000000
0.0173398000000000
0.0203417000000000
0.0183541000000000
0.0141923000000000
0.0103703000000000
0.00750174000000000
0.00386415000000000
-0.00296174000000000
-0.0123334000000000
-0.0194995000000000
-0.0195869000000000
-0.0125232000000000
-0.00260488000000000
0.00564501000000000
0.0101906000000000
0.0109350000000000
0.00879875000000000
0.00547366000000000
0.00271240000000000
0.00100301000000000
-0.000257429000000000
-0.00143790000000000
-0.00236335000000000
-0.00316208000000000
-0.00407562000000000
-0.00446373000000000
-0.00339619000000000
-0.00137990000000000
-3.44227000000000e-05
0.000156965000000000
0.000117933000000000
0.000306873000000000
0.000604980000000000
0.00165043000000000
0.00416487000000000
0.00682655000000000
0.00702491000000000
0.00374167000000000
-0.00114137000000000
-0.00453404000000000
-0.00442122000000000
-0.00159190000000000
0.000659324000000000
-0.000202477000000000
-0.00271439000000000
-0.00339884000000000
-0.00163772000000000
0.000406185000000000
0.00188361000000000
0.00370936000000000
0.00529609000000000
0.00497379000000000
0.00335197000000000
0.00271849000000000
0.00276060000000000
0.000482549000000000
-0.00528669000000000
-0.0119923000000000
-0.0160157000000000
-0.0147511000000000
-0.00741381000000000
0.00360515000000000
0.0134998000000000
0.0195048000000000
0.0227185000000000
0.0238586000000000
0.0201417000000000
0.00956491000000000
-0.00435727000000000
-0.0156873000000000
-0.0220313000000000
-0.0240506000000000
-0.0216208000000000
-0.0144227000000000
-0.00498584000000000
0.00269121000000000
0.00703352000000000
0.00915415000000000
0.00971612000000000
0.00824366000000000
0.00487117000000000
0.000859125000000000
-0.00295538000000000
-0.00632364000000000
-0.00874803000000000
-0.00942441000000000
-0.00815110000000000
-0.00516235000000000
-0.000900677000000000
0.00363984000000000
0.00669268000000000
0.00724935000000000
0.00618275000000000
0.00520989000000000
0.00453788000000000
0.00293089000000000
-0.000180946000000000
-0.00380311000000000
-0.00679927000000000
-0.00879226000000000
-0.00927915000000000
-0.00737316000000000
-0.00318049000000000
0.00130396000000000
0.00406503000000000
0.00492149000000000
0.00485952000000000
0.00410846000000000
0.00256476000000000
0.00107935000000000
0.000747592000000000
0.00101148000000000
0.000199550000000000
-0.00200715000000000
-0.00410634000000000
-0.00493023000000000
-0.00504795000000000
-0.00534946000000000
-0.00571678000000000
-0.00550319000000000
-0.00442705000000000
-0.00230787000000000
0.000974194000000000
0.00485647000000000
0.00794030000000000
0.00895950000000000
0.00768553000000000
0.00491328000000000
0.00166950000000000
-0.00140347000000000
-0.00425663000000000
-0.00685078000000000
-0.00872023000000000
-0.00907272000000000
-0.00738349000000000
-0.00348226000000000
0.00195498000000000
0.00700796000000000
0.00936840000000000
0.00860582000000000
0.00647896000000000
0.00453033000000000
0.00230337000000000
-0.00111421000000000
-0.00511839000000000
-0.00817653000000000
-0.00949949000000000
-0.00937383000000000
-0.00802041000000000
-0.00505933000000000
-0.000311799000000000
0.00489540000000000
0.00806715000000000
0.00789991000000000
0.00598359000000000
0.00467917000000000
0.00359773000000000
0.000542255000000000
-0.00442427000000000
-0.00843792000000000
-0.00948652000000000
-0.00806662000000000
-0.00535806000000000
-0.00210567000000000
0.000391209000000000
0.000855709000000000
0.000148107000000000
0.000595287000000000
0.00266155000000000
0.00455006000000000
0.00520870000000000
0.00544559000000000
0.00567785000000000
0.00474087000000000
0.00156912000000000
-0.00304490000000000
-0.00713521000000000
-0.00925068000000000
-0.00914396000000000
-0.00706953000000000
-0.00331489000000000
0.00157191000000000
0.00629980000000000
0.00930272000000000
0.00973374000000000
0.00782894000000000
0.00420393000000000
-0.000564209000000000
-0.00554967000000000
-0.00938244000000000
-0.0108017000000000
-0.00941567000000000
-0.00580483000000000
-0.00134415000000000
0.00256555000000000
0.00509178000000000
0.00618314000000000
0.00581384000000000
0.00406317000000000
0.00147392000000000
-0.000755682000000000
-0.00180376000000000
-0.00174418000000000
-0.00168896000000000
-0.00262805000000000
-0.00421108000000000
-0.00473465000000000
-0.00337156000000000
-0.00140069000000000
-0.000531397000000000
-0.000348889000000000
0.000773254000000000
0.00304754000000000
0.00494162000000000
0.00561442000000000
0.00539885000000000
0.00429450000000000
0.00164513000000000
-0.00199007000000000
-0.00463229000000000
-0.00480165000000000
-0.00300742000000000
-0.000784827000000000
0.000687780000000000
0.00116046000000000
0.000848307000000000
0.000249842000000000
-0.000179013000000000
-0.000456172000000000
-0.000986522000000000
-0.00161123000000000
-0.00141062000000000
5.85939000000000e-05
0.00195657000000000
0.00305218000000000
0.00317625000000000
0.00293274000000000
0.00241460000000000
0.00118920000000000
-0.000435065000000000
-0.00153734000000000
-0.00185104000000000
-0.00194293000000000
-0.00215189000000000
-0.00215414000000000
-0.00161719000000000
-0.000647062000000000
0.000352821000000000
0.00103991000000000
0.00124836000000000
0.00108434000000000
0.000685396000000000
7.29928000000000e-05
-0.000568407000000000
-0.000766011000000000
-0.000403656000000000
6.19811000000000e-05
0.000401762000000000
0.00108515000000000
0.00214963000000000
0.00258833000000000
0.00155403000000000
-0.000165917000000000
-0.00109848000000000
-0.000758728000000000
-7.51842000000000e-05
-1.33753000000000e-05
-0.000526881000000000
-0.000723889000000000
3.60687000000000e-05
0.00136891000000000
0.00235501000000000
0.00249352000000000
0.00211534000000000
0.00162183000000000
0.00115093000000000
0.000664647000000000
0.000278549000000000
0.000199921000000000
0.000537130000000000
0.000734840000000000
-0.000213679000000000
-0.00229926000000000
-0.00357443000000000
-0.00216738000000000
0.000975717000000000
0.00285130000000000
0.00210978000000000
0.000513229000000000
0.000306688000000000
0.00135699000000000
0.00178960000000000
0.000458436000000000
-0.00160792000000000
-0.00231502000000000
-0.000629133000000000
0.00216129000000000
0.00407350000000000
0.00431675000000000
0.00334958000000000
0.00142559000000000
-0.00144545000000000
-0.00457390000000000
-0.00643566000000000
-0.00617440000000000
-0.00446346000000000
-0.00232826000000000
9.78193000000000e-05
0.00318208000000000
0.00631980000000000
0.00791355000000000
0.00667586000000000
0.00303258000000000
-0.00159243000000000
-0.00574578000000000
-0.00810118000000000
-0.00758476000000000
-0.00478404000000000
-0.00170154000000000
0.000506622000000000
0.00271770000000000
0.00564143000000000
0.00819189000000000
0.00880775000000000
0.00762462000000000
0.00562581000000000
0.00331913000000000
0.000780192000000000
-0.00159243000000000
-0.00378470000000000
-0.00572565000000000
-0.00655245000000000
-0.00524472000000000
-0.00264672000000000
-0.000576842000000000
0.000571082000000000
0.00183753000000000
0.00310369000000000
0.00304648000000000
0.00155933000000000
0.000120398000000000
-0.000629649000000000
-0.00147206000000000
-0.00260859000000000
-0.00294214000000000
-0.00181237000000000
0.000110681000000000
0.00189566000000000
0.00297789000000000
0.00288414000000000
0.00164275000000000
0.000250901000000000
-0.000425623000000000
-0.000819295000000000
-0.00173557000000000
-0.00275411000000000
-0.00270671000000000
-0.00143128000000000
0.000117650000000000
0.00137937000000000
0.00257734000000000
0.00376404000000000
0.00444360000000000
0.00430006000000000
0.00368671000000000
0.00310011000000000
0.00250875000000000
0.00132945000000000
-0.000715216000000000
-0.00307548000000000
-0.00468831000000000
-0.00504887000000000
-0.00433171000000000
-0.00282906000000000
-0.000729861000000000
0.00135461000000000
0.00276484000000000
0.00356714000000000
0.00428735000000000
0.00463560000000000
0.00377689000000000
0.00191526000000000
0.000216301000000000
-0.00106277000000000
-0.00270644000000000
-0.00449617000000000
-0.00492771000000000
-0.00335263000000000
-0.000868500000000000
0.00132521000000000
0.00306701000000000
0.00438666000000000
0.00496267000000000
0.00469625000000000
0.00394360000000000
0.00297326000000000
0.00184428000000000
0.000680179000000000
-0.000465931000000000
-0.00166976000000000
-0.00264672000000000
-0.00291884000000000
-0.00277225000000000
-0.00323504000000000
-0.00428695000000000
-0.00446413000000000
-0.00271677000000000
-3.22048000000000e-05
0.00199272000000000
0.00307906000000000
0.00398505000000000
0.00447008000000000
0.00336905000000000
0.000457827000000000
-0.00281568000000000
-0.00506251000000000
-0.00595526000000000
-0.00569837000000000
-0.00444228000000000
-0.00268512000000000
-0.000880166000000000
0.00106207000000000
0.00307469000000000
0.00402199000000000
0.00310793000000000
0.00132149000000000
0.000147736000000000
-0.000412236000000000
-0.000830298000000000
-0.000370538000000000
0.00157191000000000
0.00343817000000000
0.00314037000000000
0.000943262000000000
-0.00126323000000000
-0.00270062000000000
-0.00391526000000000
-0.00499776000000000
-0.00513931000000000
-0.00364050000000000
-0.000772221000000000
0.00221915000000000
0.00384071000000000
0.00381397000000000
0.00338600000000000
0.00348147000000000
0.00321611000000000
0.00163335000000000
-0.000211918000000000
-0.000617202000000000
6.65097000000000e-05
3.24180000000000e-05
-0.00113067000000000
-0.00201682000000000
-0.00168605000000000
-0.000900717000000000
-0.000809880000000000
-0.00147034000000000
-0.00193486000000000
-0.00149206000000000
-0.000522340000000000
-3.56343000000000e-06
-0.000276722000000000
-0.000685992000000000
-0.000535210000000000
0.000245061000000000
0.00136136000000000
0.00244876000000000
0.00298491000000000
0.00261256000000000
0.00158369000000000
0.000261071000000000
-0.00143128000000000
-0.00352239000000000
-0.00527464000000000
-0.00605814000000000
-0.00593235000000000
-0.00492533000000000
-0.00253947000000000
0.000806172000000000
0.00348359000000000
0.00439011000000000
0.00411773000000000
0.00351550000000000
0.00262567000000000
0.00142545000000000
0.000450729000000000
-1.30950000000000e-05
-0.000199232000000000
-6.25836000000000e-05
0.000761164000000000
0.00206952000000000
0.00303827000000000
0.00300133000000000
0.00187474000000000
-1.61256000000000e-05
-0.00211838000000000
-0.00404609000000000
-0.00554583000000000
-0.00600981000000000
-0.00444307000000000
-0.000950823000000000
0.00256105000000000
0.00420552000000000
0.00410369000000000
0.00337593000000000
0.00232032000000000
0.000793116000000000
-0.000624816000000000
-0.00125394000000000
-0.00136467000000000
-0.00158660000000000
-0.00181740000000000
-0.00154065000000000
-0.000908410000000000
-0.000627504000000000
-0.000995368000000000
-0.00157058000000000
-0.00178986000000000
-0.00142532000000000
-0.000517811000000000
0.000670844000000000
0.00167585000000000
0.00195578000000000
0.00144373000000000
0.000559641000000000
-0.000292493000000000
-0.00104970000000000
-0.00139354000000000
-0.000876617000000000
0.000156899000000000
0.000613720000000000
0.000263666000000000
0.000206184000000000
0.00103385000000000
0.00168525000000000
0.00107257000000000
-0.000254489000000000
-0.00113835000000000
-0.00138626000000000
-0.00136904000000000
-0.00101981000000000
-0.000102850000000000
0.00108798000000000
0.00194995000000000
0.00208912000000000
0.00150517000000000
0.000545261000000000
-0.000227093000000000
-0.000577914000000000
-0.000785396000000000
-0.00110392000000000
-0.00121910000000000
-0.000748757000000000
0.000126975000000000
0.000855193000000000
0.00109414000000000
0.000828551000000000
0.000196531000000000
-0.000549564000000000
-0.00116723000000000
-0.00152874000000000
-0.00155032000000000
-0.00111610000000000
-0.000210580000000000
0.000935503000000000
0.00204993000000000
0.00290652000000000
0.00335713000000000
0.00321929000000000
0.00244254000000000
0.00117687000000000
-8.27809000000000e-05
-0.000760900000000000
-0.000677067000000000
-0.000259495000000000
7.97393000000000e-05
0.000486932000000000
0.00112785000000000
0.00144214000000000
0.000835238000000000
-0.000156449000000000
-0.000455735000000000
-7.90508000000000e-05
9.27783000000000e-05
-8.98969000000000e-05
5.73704000000000e-06
0.000390864000000000
0.000283356000000000
-0.000487832000000000
-0.00125488000000000
-0.00151020000000000
-0.00141791000000000
-0.00109730000000000
-0.000620565000000000
-0.000245061000000000
-0.000172471000000000
-0.000130412000000000
4.08277000000000e-05
3.26166000000000e-05
-0.000447935000000000
-0.00117200000000000
-0.00169267000000000
-0.00141023000000000
8.01803000000000e-05
0.00221703000000000
0.00331648000000000
0.00248822000000000
0.000667427000000000
-0.000797579000000000
-0.00200504000000000
-0.00351471000000000
-0.00462686000000000
-0.00411985000000000
-0.00204238000000000
0.000399339000000000
0.00238851000000000
0.00370393000000000
0.00431291000000000
0.00390957000000000
0.00236772000000000
-3.69770000000000e-05
-0.00233051000000000
-0.00350530000000000
-0.00318724000000000
-0.00200358000000000
-0.000619917000000000
0.000886045000000000
0.00244770000000000
0.00340520000000000
0.00310594000000000
0.00176113000000000
0.000210435000000000
-0.00101587000000000
-0.00199563000000000
-0.00268923000000000
-0.00249497000000000
-0.00120893000000000
0.000227000000000000
0.000632655000000000
0.000100273000000000
-0.000365864000000000
-0.000415189000000000
-0.000446823000000000
-0.000310528000000000
0.000669096000000000
0.00223915000000000
0.00298491000000000
0.00211229000000000
0.000255681000000000
-0.00163825000000000
-0.00340003000000000
-0.00490970000000000
-0.00550253000000000
-0.00464448000000000
-0.00294373000000000
-0.00158952000000000
-0.00101024000000000
-0.000725545000000000
-0.000457363000000000
-0.000359733000000000
-0.000286918000000000
0.000248120000000000
0.00130039000000000
0.00231899000000000
0.00267784000000000
0.00204304000000000
0.000417758000000000
-0.00155562000000000
-0.00278006000000000
-0.00273928000000000
-0.00204317000000000
-0.00124825000000000
-0.000156542000000000
0.00130854000000000
0.00250252000000000
0.00299776000000000
0.00304913000000000
0.00272935000000000
0.00173504000000000
0.000279768000000000
-0.000729371000000000
-0.000867468000000000
-0.000533463000000000
-0.000286441000000000
-0.000359164000000000
-0.000856265000000000
-0.00151020000000000
-0.00167241000000000
-0.00108713000000000
-0.000427530000000000
-0.000249828000000000
-0.000128683000000000
0.000563057000000000
0.00148305000000000
0.00173001000000000
0.00101937000000000
-7.86628000000000e-05
-0.000940958000000000
-0.00150782000000000
-0.00199775000000000
-0.00239685000000000
-0.00240877000000000
-0.00200186000000000
-0.00165175000000000
-0.00179026000000000
-0.00205469000000000
-0.00165903000000000
-0.000466315000000000
0.000640653000000000
0.000839488000000000
0.000454583000000000
0.000634721000000000
0.00178589000000000
0.00290109000000000
0.00274723000000000
0.00143578000000000
0.000139169000000000
-0.000538508000000000
-0.00111265000000000
-0.00200967000000000
-0.00278258000000000
-0.00283912000000000
-0.00223239000000000
-0.00122672000000000
0.000138255000000000
0.00160382000000000
0.00239090000000000
0.00202238000000000
0.000891858000000000
-0.000231714000000000
-0.000940813000000000
-0.00116563000000000
-0.000895884000000000
-0.000196571000000000
0.000666620000000000
0.00135461000000000
0.00173332000000000
0.00186852000000000
0.00182323000000000
0.00152675000000000
0.000898307000000000
0.000131573000000000
-0.000372591000000000
-0.000454768000000000
-0.000381463000000000
-0.000376179000000000
-0.000370035000000000
-0.000330867000000000
-0.000422048000000000
-0.000642997000000000
-0.000736509000000000
-0.000623518000000000
-0.000518433000000000
-0.000477543000000000
-0.000189235000000000
0.000609231000000000
0.00173213000000000
0.00267029000000000
0.00291116000000000
0.00222604000000000
0.000862052000000000
-0.000572922000000000
-0.00153655000000000
-0.00184084000000000
-0.00157972000000000
-0.00109835000000000
-0.000707774000000000
-0.000237156000000000
0.000789210000000000
0.00221306000000000
0.00303536000000000
0.00253854000000000
0.00109840000000000
-0.000276378000000000
-0.000948453000000000
-0.000871400000000000
-0.000289619000000000
0.000427768000000000
0.000827147000000000
0.000631556000000000
-4.18936000000000e-05
-0.000765839000000000
-0.00102145000000000
-0.000561323000000000
0.000315745000000000
0.00103859000000000
0.00127504000000000
0.00112442000000000
0.000958861000000000
0.00109567000000000
0.00130880000000000
0.000887184000000000
-0.000441036000000000
-0.00188652000000000
-0.00249365000000000
-0.00221306000000000
-0.00147789000000000
-0.000312540000000000
0.00125192000000000
0.00244744000000000
0.00251590000000000
0.00169426000000000
0.000773916000000000
8.36760000000000e-05
-0.000374114000000000
-0.000537528000000000
-0.000487117000000000
-0.000498995000000000
-0.000572287000000000
-0.000506092000000000
-0.000415388000000000
-0.000538772000000000
-0.000600332000000000
-0.000152212000000000
0.000678193000000000
0.00140652000000000
0.00196809000000000
0.00244254000000000
0.00254331000000000
0.00199895000000000
0.00107745000000000
0.000224550000000000
-0.000348346000000000
-0.000482099000000000
-2.23094000000000e-05