-0.000120320000000000
-0.000329228000000000
-0.000462671000000000
-0.000536538000000000
-0.000602117000000000
-0.000475586000000000
-0.000372268000000000
-0.00111622000000000
-0.00277991000000000
-0.00384429000000000
-0.00286980000000000
-0.000357146000000000
0.00200265000000000
0.00342711000000000
0.00367919000000000
0.00224046000000000
-0.000401019000000000
-0.00208051000000000
-0.00188513000000000
-0.00160450000000000
-0.00222261000000000
-0.00170946000000000
0.00100985000000000
0.00316207000000000
0.00231051000000000
0.000190589000000000
-0.00101378000000000
-0.00257846000000000
-0.00587840000000000
-0.00834292000000000
-0.00642844000000000
-0.000366795000000000
0.00671991000000000
0.0117454000000000
0.0120228000000000
0.00622143000000000
-0.00278467000000000
-0.00935733000000000
-0.0109284000000000
-0.00908105000000000
-0.00505461000000000
0.00134488000000000
0.00799830000000000
0.0111009000000000
0.0103417000000000
0.00871397000000000
0.00636697000000000
0.000129869000000000
-0.00932230000000000
-0.0153206000000000
-0.0131253000000000
-0.00575943000000000
0.00101202000000000
0.00581958000000000
0.0101920000000000
0.0127277000000000
0.00956103000000000
0.000577080000000000
-0.00857676000000000
-0.0121928000000000
-0.00984061000000000
-0.00443504000000000
0.00221772000000000
0.00919302000000000
0.0134845000000000
0.0114951000000000
0.00361971000000000
-0.00528144000000000
-0.0106762000000000
-0.0111316000000000
-0.00702090000000000
-2.37198000000000e-05
0.00590259000000000
0.00739024000000000
0.00588885000000000
0.00545434000000000
0.00614265000000000
0.00406584000000000
-0.00160516000000000
-0.00640121000000000
-0.00674767000000000
-0.00390735000000000
-0.000305354000000000
0.00336300000000000
0.00569175000000000
0.00414106000000000
-0.000298415000000000
-0.00223675000000000
0.00130018000000000
0.00634899000000000
0.00712097000000000
0.00288619000000000
-0.00283795000000000
-0.00720940000000000
-0.00932957000000000
-0.00847682000000000
-0.00429532000000000
0.00177198000000000
0.00694926000000000
0.00896460000000000
0.00690921000000000
0.00183054000000000
-0.00300609000000000
-0.00443068000000000
-0.00279869000000000
-0.000954120000000000
0.000378494000000000
0.00300609000000000
0.00636631000000000
0.00639222000000000
0.00137832000000000
-0.00448699000000000
-0.00617953000000000
-0.00358626000000000
0.000156524000000000
0.00281785000000000
0.00292413000000000
-0.000859923000000000
-0.00652414000000000
-0.00778865000000000
-0.00110682000000000
0.00853908000000000
0.0126254000000000
0.00869559000000000
0.00117265000000000
-0.00520054000000000
-0.00892864000000000
-0.00938667000000000
-0.00581852000000000
0.000392466000000000
0.00544562000000000
0.00679698000000000
0.00530960000000000
0.00343041000000000
0.00251131000000000
0.00204958000000000
0.000632123000000000
-0.00249558000000000
-0.00625805000000000
-0.00806598000000000
-0.00593062000000000
-0.000740808000000000
0.00408474000000000
0.00568871000000000
0.00401111000000000
0.000647946000000000
-0.00338653000000000
-0.00738535000000000
-0.00917359000000000
-0.00642830000000000
-0.000506029000000000
0.00387827000000000
0.00422803000000000
0.00264244000000000
0.00165486000000000
0.00123088000000000
0.00108255000000000
0.00186835000000000
0.00260754000000000
0.000865964000000000
-0.00271118000000000
-0.00412612000000000
-0.00197185000000000
0.000478230000000000
0.00103201000000000
0.00174885000000000
0.00424231000000000
0.00629162000000000
0.00549334000000000
0.00242697000000000
-0.00163028000000000
-0.00619552000000000
-0.00956975000000000
-0.00911066000000000
-0.00527232000000000
-0.00184429000000000
-0.000748726000000000
0.000289029000000000
0.00330959000000000
0.00647986000000000
0.00698667000000000
0.00456432000000000
0.000542513000000000
-0.00421336000000000
-0.00815072000000000
-0.00855878000000000
-0.00437238000000000
0.00154118000000000
0.00513207000000000
0.00512004000000000
0.00276868000000000
-0.000783161000000000
-0.00459882000000000
-0.00681826000000000
-0.00616023000000000
-0.00380675000000000
-0.00159168000000000
0.000881641000000000
0.00493934000000000
0.00921787000000000
0.0100770000000000
0.00615468000000000
0.000372030000000000
-0.00338692000000000
-0.00384495000000000
-0.00235215000000000
-0.000759976000000000
-0.000195427000000000
-0.000397304000000000
-0.000124029000000000
0.00165790000000000
0.00436459000000000
0.00624549000000000
0.00585924000000000
0.00295123000000000
-0.00172942000000000
-0.00649969000000000
-0.00899460000000000
-0.00791013000000000
-0.00450748000000000
-0.00156299000000000
-0.000495137000000000
-0.000515533000000000
-0.000545262000000000
-0.000679751000000000
-0.00121240000000000
-0.00132558000000000
-0.000207324000000000
0.00148170000000000
0.00242354000000000
0.00264574000000000
0.00292757000000000
0.00278771000000000
0.000724853000000000
-0.00305037000000000
-0.00582526000000000
-0.00519644000000000
-0.00198626000000000
0.00106623000000000
0.00261560000000000
0.00371581000000000
0.00535454000000000
0.00670788000000000
0.00613009000000000
0.00351290000000000
0.000331964000000000
-0.00237198000000000
-0.00510616000000000
-0.00870630000000000
-0.0125123000000000
-0.0144296000000000
-0.0125897000000000
-0.00705699000000000
0.000342288000000000
0.00725355000000000
0.0119038000000000
0.0130144000000000
0.00995165000000000
0.00351607000000000
-0.00367945000000000
-0.00860624000000000
-0.00966797000000000
-0.00719619000000000
-0.00254634000000000
0.00297370000000000
0.00801205000000000
0.0107120000000000
0.00905647000000000
0.00278163000000000
-0.00546862000000000
-0.0117109000000000
-0.0137000000000000
-0.0115100000000000
-0.00585910000000000
0.00206795000000000
0.00951965000000000
0.0132281000000000
0.0124131000000000
0.00880425000000000
0.00372281000000000
-0.00274541000000000
-0.00906043000000000
-0.0115161000000000
-0.00783227000000000
-0.000156934000000000
0.00678997000000000
0.00997042000000000
0.00990723000000000
0.00886744000000000
0.00814662000000000
0.00679790000000000
0.00319499000000000
-0.00232453000000000
-0.00697028000000000
-0.00841853000000000
-0.00719989000000000
-0.00558785000000000
-0.00482116000000000
-0.00432004000000000
-0.00332717000000000
-0.00222367000000000
-0.00187033000000000
-0.00229426000000000
-0.00248262000000000
-0.00155757000000000
0.000222512000000000
0.00184878000000000
0.00289650000000000
0.00344416000000000
0.00306438000000000
0.00118754000000000
-0.00117259000000000
-0.00190245000000000
-0.000427906000000000
0.00157277000000000
0.00264931000000000
0.00307641000000000
0.00319142000000000
0.00195533000000000
-0.00147535000000000
-0.00585593000000000
-0.00854239000000000
-0.00744087000000000
-0.00223675000000000
0.00486822000000000
0.00988846000000000
0.0101750000000000
0.00696909000000000
0.00359552000000000
0.00140675000000000
-0.000881774000000000
-0.00400992000000000
-0.00631608000000000
-0.00584099000000000
-0.00281653000000000
0.000651053000000000
0.00260120000000000
0.00250272000000000
0.00125366000000000
0.000147813000000000
-0.000380754000000000
-0.000937835000000000
-0.00198930000000000
-0.00310827000000000
-0.00344125000000000
-0.00262975000000000
-0.000956143000000000
0.000832137000000000
0.00203199000000000
0.00229069000000000
0.00146306000000000
-0.000872177000000000
-0.00467814000000000
-0.00803042000000000
-0.00770141000000000
-0.00219379000000000
0.00604324000000000
0.0124570000000000
0.0140661000000000
0.0110503000000000
0.00524350000000000
-0.00118345000000000
-0.00592811000000000
-0.00681390000000000
-0.00338573000000000
0.00202829000000000
0.00580676000000000
0.00642064000000000
0.00527245000000000
0.00411488000000000
0.00297238000000000
0.00147310000000000
0.000426597000000000
0.000496842000000000
0.000265976000000000
-0.00211395000000000
-0.00546175000000000
-0.00610775000000000
-0.00253338000000000
0.00218639000000000
0.00396075000000000
0.00219974000000000
-0.000583491000000000
-0.00278520000000000
-0.00470299000000000
-0.00611449000000000
-0.00531568000000000
-0.00170179000000000
0.00268130000000000
0.00459446000000000
0.00154581000000000
-0.00751542000000000
-0.0208038000000000
-0.0324680000000000
-0.0349889000000000
-0.0249254000000000
-0.00545897000000000
0.0171316000000000
0.0373788000000000
0.0508501000000000
0.0548607000000000
0.0516604000000000
0.0486082000000000
0.0523134000000000
0.0630973000000000
0.0759777000000000
0.0858112000000000
0.0883307000000000
0.0795481000000000
0.0585950000000000
0.0313325000000000
0.00664047000000000
-0.00970432000000000
-0.0166279000000000
-0.0163530000000000
-0.0152915000000000
-0.0228170000000000
-0.0437503000000000
-0.0738244000000000
-0.104941000000000
-0.131538000000000
-0.148236000000000
-0.147998000000000
-0.127913000000000
-0.0939804000000000
-0.0550233000000000
-0.0160979000000000
0.0181970000000000
0.0385989000000000
0.0363015000000000
0.0123954000000000
-0.0193351000000000
-0.0407681000000000
-0.0430312000000000
-0.0330378000000000
-0.0217159000000000
-0.00927431000000000
0.0109201000000000
0.0366875000000000
0.0597807000000000
0.0816658000000000
0.108990000000000
0.131092000000000
0.124520000000000
0.0855680000000000
0.0369585000000000
-0.00525196000000000
-0.0482685000000000
-0.0963796000000000
-0.130463000000000
-0.129995000000000
-0.101391000000000
-0.0678059000000000
-0.0402936000000000
-0.0126879000000000
0.0198771000000000
0.0493947000000000
0.0621971000000000
0.0535705000000000
0.0335335000000000
0.0181177000000000
0.0155361000000000
0.0218414000000000
0.0284270000000000
0.0307866000000000
0.0301058000000000
0.0288804000000000
0.0257172000000000
0.0145142000000000
-0.00826453000000000
-0.0353603000000000
-0.0519830000000000
-0.0498693000000000
-0.0336723000000000
-0.0129645000000000
0.00716076000000000
0.0248884000000000
0.0378137000000000
0.0433762000000000
0.0397476000000000
0.0250179000000000
0.000216167000000000
-0.0267152000000000
-0.0450444000000000
-0.0496234000000000
-0.0425196000000000
-0.0276947000000000
-0.00830604000000000
0.0114982000000000
0.0259274000000000
0.0302856000000000
0.0241455000000000
0.0123737000000000
0.00360807000000000
0.00430722000000000
0.0128930000000000
0.0215744000000000
0.0245605000000000
0.0215903000000000
0.0145790000000000
0.00528620000000000
-0.00344826000000000
-0.00818733000000000
-0.00830458000000000
-0.00670828000000000
-0.00635097000000000
-0.00718706000000000
-0.00698654000000000
-0.00361244000000000
0.00391105000000000
0.0152532000000000
0.0276471000000000
0.0347840000000000
0.0295916000000000
0.0111666000000000
-0.0119692000000000
-0.0292056000000000
-0.0375216000000000
-0.0405394000000000
-0.0394105000000000
-0.0309360000000000
-0.0150073000000000
0.00169042000000000
0.0118748000000000
0.0136326000000000
0.00885924000000000
-0.000305328000000000
-0.0111156000000000
-0.0186279000000000
-0.0177158000000000
-0.00737358000000000
0.00730418000000000
0.0188844000000000
0.0234515000000000
0.0226108000000000
0.0198903000000000
0.0167429000000000
0.0121212000000000
0.00494119000000000
-0.00322803000000000
-0.00798204000000000
-0.00563333000000000
0.00269558000000000
0.0124434000000000
0.0204759000000000
0.0253114000000000
0.0231858000000000
0.0104238000000000
-0.00979897000000000
-0.0288606000000000
-0.0418811000000000
-0.0492030000000000
-0.0502156000000000
-0.0433286000000000
-0.0320926000000000
-0.0233907000000000
-0.0188143000000000
-0.0149624000000000
-0.0106446000000000
-0.00660835000000000
0.000384469000000000
0.0144719000000000
0.0326994000000000
0.0468474000000000
0.0522222000000000
0.0494251000000000
0.0397873000000000
0.0250523000000000
0.00976698000000000
-0.00136868000000000
-0.00752613000000000
-0.0103834000000000
-0.0110435000000000
-0.0103478000000000
-0.00912600000000000
-0.00609744000000000
0.000977901000000000
0.0107770000000000
0.0181190000000000
0.0197595000000000
0.0173431000000000
0.0140503000000000
0.0109235000000000
0.00761430000000000
0.00459142000000000
0.00332664000000000
0.00452599000000000
0.00644271000000000
0.00532189000000000
-0.00120159000000000
-0.0110676000000000
-0.0194713000000000
-0.0230919000000000
-0.0214713000000000
-0.0155718000000000
-0.00757319000000000
-0.000845924000000000
0.00199921000000000
0.00102772000000000
-0.00209386000000000
-0.00571766000000000
-0.00853974000000000
-0.0104218000000000
-0.0131330000000000
-0.0177145000000000
-0.0202552000000000
-0.0141745000000000
0.00160014000000000
0.0188976000000000
0.0275030000000000
0.0240952000000000
0.0128381000000000
-0.000540689000000000
-0.0120000000000000
-0.0176683000000000
-0.0137277000000000
-0.000313775000000000
0.0160714000000000
0.0274013000000000
0.0304707000000000
0.0270364000000000
0.0190853000000000
0.00771212000000000
-0.00438018000000000
-0.0132140000000000
-0.0176564000000000
-0.0200410000000000
-0.0217476000000000
-0.0202591000000000
-0.0126590000000000
-0.000818575000000000
0.00865091000000000
0.0106678000000000
0.00651740000000000
0.00117045000000000
-0.00294422000000000
-0.00684496000000000
-0.00947061000000000
-0.00608171000000000
0.00594701000000000
0.0221283000000000
0.0351329000000000
0.0410153000000000
0.0395626000000000
0.0310893000000000
0.0169306000000000
0.000707470000000000
-0.0135255000000000
-0.0235771000000000
-0.0283451000000000
-0.0274515000000000
-0.0228844000000000
-0.0187086000000000
-0.0167998000000000
-0.0146848000000000
-0.00908819000000000
-0.000364138000000000
0.00860452000000000
0.0156973000000000
0.0204350000000000
0.0229346000000000
0.0239789000000000
0.0246042000000000
0.0247919000000000
0.0233418000000000
0.0200225000000000
0.0162380000000000
0.0128579000000000
0.00873485000000000
0.00239181000000000
-0.00621998000000000
-0.0161137000000000
-0.0258917000000000
-0.0335467000000000
-0.0372929000000000
-0.0368316000000000
-0.0328514000000000
-0.0255268000000000
-0.0147390000000000
-0.00135136000000000
0.0118723000000000
0.0205156000000000
0.0202393000000000
0.00937808000000000
-0.00996671000000000
-0.0331462000000000
-0.0543465000000000
-0.0669440000000000
-0.0654912000000000
-0.0495467000000000
-0.0245315000000000
0.00324006000000000
0.0300186000000000
0.0528977000000000
0.0675177000000000
0.0693088000000000
0.0562460000000000
0.0312823000000000
0.00296339000000000
-0.0193642000000000
-0.0317780000000000
-0.0362407000000000
-0.0342645000000000
-0.0248447000000000
-0.00978178000000000
0.00334264000000000
0.00763439000000000
0.00348223000000000
-0.00328355000000000
-0.00741059000000000
-0.00747841000000000
-0.00553286000000000
-0.00471383000000000
-0.00624258000000000
-0.00882435000000000
-0.0106454000000000
-0.0102940000000000
-0.00567801000000000
0.00417926000000000
0.0155136000000000
0.0213404000000000
0.0178388000000000
0.00662883000000000
-0.00783598000000000
-0.0193484000000000
-0.0206465000000000
-0.00885092000000000
0.00956209000000000
0.0242618000000000
0.0303358000000000
0.0287694000000000
0.0204614000000000
0.00681548000000000
-0.00658204000000000
-0.0136127000000000
-0.0144574000000000
-0.0133365000000000
-0.0115486000000000
-0.00792256000000000
-0.00399195000000000
-0.00246042000000000
-0.00178454000000000
0.00217687000000000
0.00953552000000000
0.0160833000000000
0.0190457000000000
0.0192030000000000
0.0178176000000000
0.0147932000000000
0.00997703000000000
0.00386888000000000
-0.00270880000000000
-0.00839513000000000
-0.0111195000000000
-0.00975469000000000
-0.00540332000000000
-0.000720716000000000
0.00200331000000000
0.00147337000000000
-0.00207826000000000
-0.00627470000000000
-0.00712361000000000
-0.00237119000000000
0.00621363000000000
0.0143503000000000
0.0191157000000000
0.0201309000000000
0.0177251000000000
0.0118110000000000
0.00362156000000000
-0.00343292000000000
-0.00649413000000000
-0.00615772000000000
-0.00522328000000000
-0.00511396000000000
-0.00517239000000000
-0.00504007000000000
-0.00523438000000000
-0.00504866000000000
-0.00273061000000000
0.000933856000000000
0.00181574000000000
-0.00319578000000000
-0.0127692000000000
-0.0231197000000000
-0.0314700000000000
-0.0360411000000000
-0.0348355000000000
-0.0267073000000000
-0.0132360000000000
0.00216207000000000
0.0158573000000000
0.0245949000000000
0.0261653000000000
0.0209042000000000
0.0117883000000000
0.00299670000000000
-0.00186094000000000
-0.00128450000000000
0.00316313000000000
0.00753644000000000
0.00838416000000000
0.00490973000000000
-0.00185367000000000
-0.0110341000000000
-0.0214145000000000
-0.0300701000000000
-0.0330933000000000
-0.0286253000000000
-0.0187191000000000
-0.00794715000000000
0.000109490000000000
0.00444985000000000
0.00563676000000000
0.00450431000000000
0.00223847000000000
0.000404681000000000
0.000150906000000000
0.00175942000000000
0.00541799000000000
0.0112969000000000
0.0182221000000000
0.0233735000000000
0.0246610000000000
0.0228712000000000
0.0208553000000000
0.0206253000000000
0.0220410000000000
0.0239802000000000
0.0258229000000000
0.0273537000000000
0.0279908000000000
0.0268236000000000
0.0229359000000000
0.0153510000000000
0.00337899000000000
-0.0115330000000000
-0.0253272000000000
-0.0342261000000000
-0.0377410000000000
-0.0373511000000000
-0.0337053000000000
-0.0269386000000000
-0.0192188000000000
-0.0140582000000000
-0.0128474000000000
-0.0134475000000000
-0.0126386000000000
-0.00841284000000000
-0.000761509000000000
0.00811569000000000
0.0147033000000000
0.0167601000000000
0.0147588000000000
0.0105802000000000
0.00552123000000000
0.000270668000000000
-0.00436630000000000
-0.00718006000000000
-0.00677054000000000
-0.00155955000000000
0.00830604000000000
0.0190258000000000
0.0250853000000000
0.0243530000000000
0.0194290000000000
0.0141296000000000
0.0107505000000000
0.0108649000000000
0.0159154000000000
0.0252453000000000
0.0353815000000000
0.0428329000000000
0.0463914000000000
0.0457463000000000
0.0399142000000000
0.0285804000000000
0.0138441000000000
-0.000641297000000000
-0.0118470000000000
-0.0183517000000000
-0.0201706000000000
-0.0183517000000000
-0.0147667000000000
-0.0117678000000000
-0.0117174000000000
-0.0158242000000000
-0.0230800000000000
-0.0309465000000000
-0.0377926000000000
-0.0437318000000000
-0.0481508000000000
-0.0479618000000000
-0.0402261000000000
-0.0260662000000000
-0.0103778000000000
0.00204310000000000
0.00877596000000000
0.00926850000000000
0.00409148000000000
-0.00431805000000000
-0.0123818000000000
-0.0176894000000000
-0.0200291000000000
-0.0194145000000000
-0.0151448000000000
-0.00751886000000000
0.000440120000000000
0.00482896000000000
0.00404363000000000
-0.000253761000000000
-0.00496274000000000
-0.00751225000000000
-0.00678865000000000
-0.00322512000000000
0.00209928000000000
0.00862025000000000
0.0159736000000000
0.0226438000000000
0.0264680000000000
0.0269968000000000
0.0259221000000000
0.0247575000000000
0.0234396000000000
0.0214211000000000
0.0186015000000000
0.0148791000000000
0.0107475000000000
0.00816314000000000
0.00887497000000000
0.0117375000000000
0.0138361000000000
0.0135228000000000
0.0101218000000000
0.00225024000000000
-0.0104484000000000
-0.0246570000000000
-0.0357714000000000
-0.0419182000000000
-0.0428990000000000
-0.0371171000000000
-0.0239512000000000
-0.00820531000000000
0.00270351000000000
0.00583121000000000
0.00413868000000000
0.00127187000000000
-0.00137251000000000
-0.00292043000000000
-0.00181217000000000
0.00245619000000000
0.00843294000000000
0.0143133000000000
0.0192558000000000
0.0227615000000000
0.0237330000000000
0.0208698000000000
0.0140675000000000
0.00501971000000000
-0.00358758000000000
-0.00975574000000000
-0.0130665000000000
-0.0141111000000000
-0.0131047000000000
-0.00947498000000000
-0.00287469000000000
0.00575679000000000
0.0144059000000000
0.0214488000000000
0.0264588000000000
0.0294396000000000
0.0298824000000000
0.0274964000000000
0.0228395000000000
0.0167006000000000
0.00955019000000000
0.00245209000000000
-0.00286465000000000
-0.00539327000000000
-0.00566413000000000
-0.00499393000000000
-0.00503716000000000
-0.00801020000000000
-0.0151250000000000
-0.0246465000000000
-0.0329373000000000
-0.0379155000000000
-0.0392559000000000
-0.0362327000000000
-0.0281270000000000
-0.0166121000000000
-0.00508118000000000
0.00411118000000000
0.00985581000000000
0.0112497000000000
0.00865660000000000
0.00464548000000000
0.00183794000000000
0.000765276000000000
0.00111784000000000
0.00257145000000000
0.00322777000000000
0.000114672000000000
-0.00668845000000000
-0.0129859000000000
-0.0150787000000000
-0.0129622000000000
-0.00844972000000000
-0.00300886000000000
0.00170033000000000
0.00401085000000000
0.00356736000000000
0.00125304000000000
-0.00198031000000000
-0.00467959000000000
-0.00481548000000000
-0.00162023000000000
0.00314290000000000
0.00724219000000000
0.00956830000000000
0.00909705000000000
0.00430047000000000
-0.00464826000000000
-0.0149002000000000
-0.0232188000000000
-0.0282142000000000
-0.0296564000000000
-0.0269835000000000
-0.0194316000000000
-0.00761905000000000
0.00533022000000000
0.0150311000000000
0.0191329000000000
0.0188804000000000
0.0166768000000000
0.0133880000000000
0.00945250000000000
0.00689678000000000
0.00780861000000000
0.0116648000000000
0.0162948000000000
0.0203199000000000
0.0227879000000000
0.0220146000000000
0.0173232000000000
0.0109958000000000
0.00640993000000000
0.00496591000000000
0.00619777000000000
0.00943915000000000
0.0134422000000000
0.0157872000000000
0.0144601000000000
0.00947220000000000
0.00217317000000000
-0.00592255000000000
-0.0132466000000000
-0.0182618000000000
-0.0204085000000000
-0.0203332000000000
-0.0187165000000000
-0.0155043000000000
-0.0108648000000000
-0.00582302000000000
-0.00138044000000000
0.00224548000000000
0.00476485000000000
0.00471845000000000
0.000321799000000000
-0.00832732000000000
-0.0186068000000000
-0.0274925000000000
-0.0334119000000000
-0.0357423000000000
-0.0336273000000000
-0.0267892000000000
-0.0168289000000000
-0.00680451000000000
0.000894596000000000
0.00556657000000000
0.00783796000000000
0.00836592000000000
0.00743029000000000
0.00562804000000000
0.00512705000000000
0.00849996000000000
0.0156550000000000
0.0230708000000000
0.0275348000000000
0.0292400000000000
0.0299565000000000
0.0298560000000000
0.0280715000000000
0.0248368000000000
0.0207813000000000
0.0154052000000000
0.00866070000000000
0.00263120000000000
-0.000636366000000000
-0.00170364000000000
-0.00198150000000000
-0.00107679000000000
0.00185420000000000
0.00550167000000000
0.00736843000000000
0.00627642000000000
0.00193127000000000
-0.00635587000000000
-0.0180741000000000
-0.0300569000000000
-0.0387047000000000
-0.0427642000000000
-0.0426901000000000
-0.0391964000000000
-0.0332241000000000
-0.0260291000000000
-0.0181071000000000
-0.00941721000000000
-0.000649863000000000
0.00681363000000000
0.0125018000000000
0.0166689000000000
0.0189584000000000
0.0186716000000000
0.0160780000000000
0.0119632000000000
0.00665831000000000
0.000743941000000000
-0.00406359000000000
-0.00599195000000000
-0.00449730000000000
-9.07378000000000e-05
0.00616089000000000
0.0124109000000000
0.0167641000000000
0.0186940000000000
0.0192294000000000
0.0190932000000000
0.0177766000000000
0.0147628000000000
0.0109601000000000
0.00813842000000000
0.00728594000000000
0.00779923000000000
0.00836592000000000
0.00854226000000000
0.00888528000000000
0.00950842000000000
0.00905237000000000
0.00567695000000000
-0.00112242000000000
-0.00986440000000000
-0.0182261000000000
-0.0245090000000000
-0.0279657000000000
-0.0282380000000000
-0.0251382000000000
-0.0194171000000000
-0.0131183000000000
-0.00847339000000000
-0.00599724000000000
-0.00437503000000000
-0.00209214000000000
0.00112023000000000
0.00485923000000000
0.00891172000000000
0.0132077000000000
0.0172347000000000
0.0202221000000000
0.0217674000000000
0.0221772000000000
0.0220847000000000
0.0219657000000000
0.0220278000000000
0.0220648000000000
0.0213523000000000
0.0190364000000000
0.0151104000000000
0.0103880000000000
0.00544231000000000
-0.000308831000000000
-0.00756697000000000
-0.0158084000000000
-0.0234528000000000
-0.0291038000000000
-0.0319763000000000
-0.0315678000000000
-0.0279432000000000
-0.0222816000000000
-0.0165843000000000
-0.0125057000000000
-0.0105969000000000
-0.0105268000000000
-0.0115427000000000
-0.0128600000000000
-0.0135651000000000
-0.0126106000000000
-0.00924074000000000
-0.00402090000000000
0.00134197000000000
0.00557397000000000
0.00889414000000000
0.0118111000000000
0.0139022000000000
0.0144164000000000
0.0135202000000000
0.0118185000000000
0.00947127000000000
0.00643835000000000
0.00319631000000000
9.74887000000000e-05
-0.00316604000000000
-0.00654899000000000
-0.00881919000000000
-0.00891384000000000
-0.00753802000000000
-0.00601641000000000
-0.00461376000000000
-0.00282208000000000
-0.000981205000000000
7.35151000000000e-05
0.000399803000000000
0.00104733000000000
0.00238903000000000
0.00350298000000000
0.00343239000000000
0.00233590000000000
0.00116080000000000
0.000569083000000000
0.000497595000000000
0.000533960000000000
0.000457780000000000
0.000564271000000000
0.00164482000000000
0.00464998000000000
0.00948198000000000
0.0142697000000000
0.0164521000000000
0.0152307000000000
0.0120415000000000
0.00834992000000000
0.00417529000000000
-0.000802421000000000
-0.00586228000000000
-0.0101687000000000
-0.0135731000000000
-0.0157158000000000
-0.0154356000000000
-0.0126086000000000
-0.00907881000000000
-0.00615322000000000
-0.00270536000000000
0.00254541000000000
0.00808502000000000
0.0112924000000000
0.0117276000000000
0.0108443000000000
0.00918601000000000
0.00636089000000000
0.00308170000000000
0.000918258000000000
0.000305487000000000
0.000800108000000000
0.00284931000000000
0.00699447000000000
0.0119026000000000
0.0153047000000000
0.0167866000000000
0.0173563000000000
0.0168341000000000
0.0136709000000000
0.00761364000000000
0.000336987000000000
-0.00641086000000000
-0.0118189000000000
-0.0150047000000000
-0.0152400000000000
-0.0132836000000000
-0.0108343000000000
-0.00846797000000000
-0.00604351000000000
-0.00457728000000000
-0.00552731000000000
-0.00828912000000000
-0.0106013000000000
-0.0112386000000000
-0.0105322000000000
-0.00831780000000000
-0.00388844000000000
0.00199736000000000
0.00704787000000000
0.00984867000000000
0.0100641000000000
0.00701958000000000
0.000527179000000000
-0.00687418000000000
-0.0115883000000000
-0.0127785000000000
-0.0126185000000000
-0.0128080000000000
-0.0128565000000000
-0.0116717000000000
-0.00891820000000000
-0.00452374000000000
0.00157793000000000
0.00876645000000000
0.0158467000000000
0.0220040000000000
0.0268487000000000
0.0299935000000000
0.0311713000000000
0.0306425000000000
0.0288196000000000
0.0257264000000000
0.0209730000000000
0.0143860000000000
0.00662685000000000
-0.000847762000000000
-0.00674965000000000
-0.0107702000000000
-0.0132452000000000
-0.0142565000000000
-0.0138639000000000
-0.0128282000000000
-0.0123548000000000
-0.0128070000000000
-0.0135480000000000
-0.0139194000000000
-0.0139710000000000
-0.0140675000000000
-0.0144719000000000
-0.0151844000000000
-0.0156749000000000
-0.0150166000000000
-0.0126640000000000
-0.00900068000000000
-0.00471131000000000
-0.000264918000000000
0.00370880000000000
0.00613181000000000
0.00631053000000000
0.00496829000000000
0.00373127000000000
0.00360331000000000
0.00410272000000000
0.00388183000000000
0.00186041000000000
-0.00208394000000000
-0.00711225000000000
-0.0119913000000000
-0.0156061000000000
-0.0173444000000000
-0.0171580000000000
-0.0155268000000000
-0.0130786000000000
-0.0102394000000000
-0.00714265000000000
-0.00380490000000000
-0.000420107000000000
0.00257793000000000
0.00488144000000000
0.00668766000000000
0.00826810000000000
0.00940544000000000
0.00974504000000000
0.00958205000000000
0.00954702000000000
0.00969943000000000
0.00967471000000000
0.00955772000000000
0.00970075000000000
0.00987075000000000
0.00950577000000000
0.00853446000000000
0.00707484000000000
0.00481231000000000
0.00171963000000000
-0.00132241000000000
-0.00357357000000000
-0.00519869000000000
-0.00638680000000000
-0.00677662000000000
-0.00620107000000000
-0.00475124000000000
-0.00197542000000000
0.00244178000000000
0.00726228000000000
0.0104163000000000
0.0113084000000000
0.0106887000000000
0.00877359000000000
0.00522751000000000
0.000692308000000000
-0.00347179000000000
-0.00676433000000000
-0.00940373000000000
-0.0112894000000000
-0.0120690000000000
-0.0118624000000000
-0.0109228000000000
-0.00934252000000000
-0.00752983000000000
-0.00614978000000000
-0.00524985000000000
-0.00429016000000000
-0.00329439000000000
-0.00296273000000000
-0.00366835000000000
-0.00485500000000000
-0.00575838000000000
-0.00615375000000000
-0.00622751000000000
-0.00597622000000000
-0.00509109000000000
-0.00325870000000000
-0.000445170000000000
0.00287681000000000
0.00576313000000000
0.00714767000000000
0.00645937000000000
0.00400146000000000
0.000644113000000000
-0.00279750000000000
-0.00565011000000000
-0.00721443000000000
-0.00716287000000000
-0.00594132000000000
-0.00423848000000000
-0.00205804000000000
0.00101423000000000
0.00480094000000000
0.00822567000000000
0.0102961000000000
0.0108439000000000
0.0105921000000000
0.0107394000000000
0.0126127000000000
0.0167733000000000
0.0220490000000000
0.0260173000000000
0.0271871000000000
0.0263015000000000
0.0248514000000000
0.0232757000000000
0.0214594000000000
0.0199630000000000
0.0191950000000000
0.0182697000000000
0.0163213000000000
0.0140000000000000
0.0121187000000000
0.00994940000000000
0.00680610000000000
0.00389439000000000
0.00267390000000000
0.00268633000000000
0.00292545000000000
0.00377450000000000
0.00567404000000000
0.00738852000000000
0.00729440000000000
0.00532876000000000
0.00235850000000000
-0.00105633000000000
-0.00437846000000000
-0.00686915000000000
-0.00840888000000000
-0.00951424000000000
-0.0103351000000000
-0.0108480000000000
-0.0115806000000000
-0.0129922000000000
-0.0146795000000000
-0.0162512000000000
-0.0180384000000000
-0.0200516000000000
-0.0213920000000000
-0.0216075000000000
-0.0214422000000000
-0.0213722000000000
-0.0207509000000000
-0.0193986000000000
-0.0186795000000000
-0.0196511000000000
-0.0212929000000000
-0.0218044000000000
-0.0209003000000000
-0.0195215000000000
-0.0179564000000000
-0.0155942000000000
-0.0124841000000000
-0.00970075000000000
-0.00767695000000000
-0.00547523000000000
-0.00254581000000000
0.000203279000000000
0.00180952000000000
0.00275149000000000
0.00386703000000000
0.00507443000000000
0.00595679000000000
0.00689096000000000
0.00823135000000000
0.00922831000000000
0.00893684000000000
0.00763280000000000
0.00647536000000000
0.00603901000000000
0.00611198000000000
0.00653366000000000
0.00753776000000000
0.00911992000000000
0.0106064000000000
0.0110553000000000
0.0101108000000000
0.00835323000000000
0.00659632000000000
0.00508475000000000
0.00356987000000000
0.00193497000000000
0.000311422000000000
-0.00127604000000000
-0.00288818000000000
-0.00425090000000000
-0.00483174000000000
-0.00449254000000000
-0.00365328000000000
-0.00270681000000000
-0.00161587000000000
-0.000328686000000000
0.000718958000000000
0.00107633000000000
0.00100066000000000
0.000961985000000000
0.000793895000000000
4.06002000000000e-05
-0.000983307000000000
-0.00155850000000000
-0.00163966000000000
-0.00182420000000000
-0.00191831000000000
-0.00113770000000000
0.000355956000000000
0.00139670000000000
0.00180741000000000
0.00272334000000000
0.00450656000000000
0.00581733000000000
0.00535705000000000
0.00344469000000000
0.000936513000000000
-0.00174911000000000
-0.00400477000000000
-0.00474595000000000
-0.00385712000000000
-0.00254911000000000
-0.00181124000000000
-0.00151355000000000
-0.00137714000000000
-0.00160067000000000
-0.00211633000000000
-0.00241574000000000
-0.00235876000000000
-0.00207086000000000
-0.00109920000000000
0.00101754000000000
0.00371739000000000
0.00616446000000000
0.00853432000000000
0.0112583000000000
0.0137528000000000
0.0150100000000000
0.0150628000000000
0.0146689000000000
0.0140860000000000
0.0129427000000000
0.0111616000000000
0.00921536000000000
0.00780557000000000
0.00746202000000000
0.00817927000000000
0.00924973000000000
0.00975283000000000
0.00921800000000000
0.00787510000000000
0.00631158000000000
0.00481865000000000
0.00317291000000000
0.00132307000000000
2.63424000000000e-05
3.44667000000000e-05
0.000908595000000000
0.00137872000000000
0.000891304000000000
-0.000316273000000000
-0.00204535000000000
-0.00415983000000000
-0.00595150000000000
-0.00702434000000000
-0.00794503000000000
-0.00922065000000000
-0.00998800000000000
-0.00928066000000000
-0.00764549000000000
-0.00662804000000000
-0.00696287000000000
-0.00839777000000000
-0.0104513000000000
-0.0126478000000000
-0.0142723000000000
-0.0146293000000000
-0.0134911000000000
-0.0112869000000000
-0.00892481000000000
-0.00731436000000000
-0.00675521000000000
-0.00707484000000000
-0.00814913000000000
-0.00984008000000000
-0.0114945000000000
-0.0124667000000000
-0.0126402000000000
-0.0119713000000000
-0.00998469000000000
-0.00668554000000000
-0.00316326000000000
-0.000560107000000000
0.00103548000000000
0.00192942000000000
0.00206478000000000
0.00158348000000000
0.00115798000000000
0.00106324000000000
0.000979910000000000
0.000934583000000000
0.00133351000000000
0.00192836000000000
0.00205235000000000
0.00160595000000000
0.000705686000000000
-0.00118626000000000
-0.00429519000000000
-0.00745660000000000
-0.00938839000000000
-0.0102804000000000
-0.0108320000000000
-0.0107374000000000
-0.00947894000000000
-0.00739315000000000
-0.00488395000000000
-0.00180252000000000
0.00145169000000000
0.00381429000000000
0.00523306000000000
0.00699500000000000
0.00947894000000000
0.0114296000000000
0.0120964000000000
0.0125507000000000
0.0136775000000000
0.0147376000000000
0.0148434000000000
0.0145301000000000
0.0146372000000000
0.0147826000000000
0.0140370000000000
0.0124425000000000
0.0108234000000000
0.00940518000000000
0.00765884000000000
0.00554648000000000
0.00395665000000000
0.00357119000000000
0.00380371000000000
0.00356868000000000
0.00261746000000000
0.00169492000000000
0.00121647000000000
0.000759949000000000
2.13338000000000e-05
-0.000307787000000000
0.000537675000000000
0.00211223000000000
0.00332638000000000
0.00378560000000000
0.00363795000000000
0.00237251000000000
-0.000539420000000000
-0.00409373000000000
-0.00643320000000000
-0.00717821000000000
-0.00744404000000000
-0.00752718000000000
-0.00666783000000000
-0.00500226000000000
-0.00383107000000000
-0.00344879000000000
-0.00299274000000000
-0.00223596000000000
-0.00189597000000000
-0.00196392000000000
-0.00176405000000000
-0.00129682000000000
-0.000885356000000000
8.06334000000000e-06
0.00179445000000000
0.00339974000000000
0.00383160000000000
0.00393524000000000
0.00485857000000000
0.00601495000000000
0.00624826000000000
0.00573115000000000
0.00494674000000000
0.00327773000000000
0.000172757000000000
-0.00324694000000000
-0.00566836000000000
-0.00730802000000000
-0.00896076000000000
-0.0102312000000000
-0.0104660000000000
-0.0101267000000000
-0.0101109000000000
-0.0103487000000000
-0.0103124000000000
-0.0101215000000000
-0.0102078000000000
-0.0104091000000000
-0.0102657000000000
-0.00979619000000000
-0.00915548000000000
-0.00812467000000000
-0.00659050000000000
-0.00496260000000000
-0.00340556000000000
-0.00154726000000000
0.000648422000000000
0.00252281000000000
0.00382751000000000
0.00505038000000000
0.00634952000000000
0.00709638000000000
0.00725858000000000
0.00783941000000000
0.00936989000000000
0.0111708000000000
0.0126328000000000
0.0137502000000000
0.0141547000000000
0.0132783000000000
0.0113950000000000
0.00944246000000000
0.00774146000000000
0.00616076000000000
0.00505223000000000
0.00492876000000000
0.00543266000000000
0.00596195000000000
0.00667642000000000
0.00775111000000000
0.00856433000000000
0.00868912000000000
0.00858152000000000
0.00846400000000000
0.00781985000000000
0.00655507000000000
0.00546796000000000
0.00473484000000000
0.00350153000000000
0.00155295000000000
0.000152717000000000
5.14965000000000e-05
0.000468739000000000
0.000635375000000000
0.00102401000000000
0.00196987000000000
0.00267205000000000
0.00243966000000000
0.00183794000000000
0.00162869000000000
0.00157687000000000
0.00123362000000000
0.000775019000000000
0.000360715000000000
-0.000347747000000000
-0.00143940000000000
-0.00250073000000000
-0.00340939000000000
-0.00432823000000000
-0.00505447000000000
-0.00528646000000000
-0.00548937000000000
-0.00627563000000000
-0.00736565000000000
-0.00811939000000000
-0.00861390000000000
-0.00917240000000000
-0.00953301000000000
-0.00955799000000000
-0.00977570000000000
-0.0104589000000000
-0.0109969000000000
-0.0110803000000000
-0.0114065000000000
-0.0124261000000000
-0.0132452000000000
-0.0125624000000000
-0.0101987000000000
-0.00704734000000000
-0.00409690000000000
-0.00177291000000000
9.52283000000000e-06
0.00144482000000000
0.00244310000000000
0.00278890000000000
0.00264826000000000
0.00251025000000000
0.00259300000000000
0.00266993000000000
0.00262010000000000
0.00256749000000000
0.00241983000000000
0.00176127000000000
0.000692176000000000
3.74026000000000e-05
0.000411686000000000
0.00133127000000000
0.00212175000000000
0.00283160000000000
0.00370893000000000
0.00421230000000000
0.00377450000000000
0.00280358000000000
0.00187165000000000
0.000573551000000000
-0.00154039000000000
-0.00355586000000000
-0.00431052000000000
-0.00405355000000000
-0.00352255000000000
-0.00229439000000000
0.000242301000000000
0.00309465000000000
0.00476247000000000
0.00523002000000000
0.00533418000000000
0.00496089000000000
0.00364099000000000
0.00197581000000000
0.000893499000000000
0.000294449000000000
-0.000252083000000000
-0.000369889000000000
0.000322803000000000
0.00109055000000000
0.000996354000000000
0.000284786000000000
-0.000265579000000000
-0.000677874000000000
-0.00131852000000000
-0.00168553000000000
-0.000936486000000000
0.000881351000000000
0.00288923000000000
0.00458336000000000
0.00602262000000000
0.00719539000000000
0.00779262000000000
0.00789242000000000
0.00791912000000000
0.00796195000000000
0.00771701000000000
0.00719790000000000
0.00668620000000000
0.00616856000000000
0.00542923000000000
0.00463081000000000
0.00395930000000000
0.00301693000000000
0.00124113000000000
-0.00109666000000000
-0.00318943000000000
-0.00478375000000000
-0.00626532000000000
-0.00786863000000000
-0.00950260000000000
-0.0111473000000000
-0.0127125000000000
-0.0137938000000000
-0.0141269000000000
-0.0140133000000000
-0.0137343000000000
-0.0128612000000000
-0.0109243000000000
-0.00835957000000000
-0.00614767000000000
-0.00453220000000000
-0.00302499000000000
-0.00149796000000000
-0.000553868000000000
-0.000408897000000000
-0.000270602000000000
0.000602156000000000
0.00182420000000000
0.00249056000000000
0.00246161000000000
0.00232598000000000
0.00238890000000000
0.00233021000000000
0.00168117000000000
0.000393392000000000
-0.00119234000000000
-0.00242473000000000
-0.00282208000000000
-0.00232228000000000
-0.00140807000000000
-0.000512083000000000
0.000228672000000000
0.000865369000000000
0.00123342000000000
0.00120352000000000
0.000990485000000000
0.00108631000000000
0.00162208000000000
0.00224931000000000
0.00269835000000000
0.00326438000000000
0.00416406000000000
0.00504284000000000
0.00538283000000000
0.00518970000000000
0.00462751000000000
0.00375123000000000
0.00284363000000000
0.00249016000000000
0.00264178000000000
0.00251977000000000
0.00182869000000000
0.00125415000000000
0.00123559000000000
0.00124924000000000
0.000814754000000000
0.000153510000000000
-0.000398402000000000
-0.000793842000000000
-0.000630405000000000
0.000484601000000000
0.00215929000000000
0.00350378000000000
0.00449082000000000
0.00556406000000000
0.00646743000000000
0.00646532000000000
0.00572639000000000
0.00510510000000000
0.00475375000000000
0.00407760000000000
0.00281732000000000
0.00129749000000000
-0.000262790000000000
-0.00186808000000000
-0.00346293000000000
-0.00500371000000000
-0.00659777000000000
-0.00824179000000000
-0.00971001000000000
-0.0108591000000000
-0.0116840000000000
-0.0121298000000000
-0.0122207000000000
-0.0122310000000000
-0.0122783000000000
-0.0120788000000000
-0.0114980000000000
-0.0109629000000000
-0.0107474000000000
-0.0104857000000000
-0.00983717000000000
-0.00912719000000000
-0.00872930000000000
-0.00833948000000000
-0.00747233000000000
-0.00610140000000000
-0.00437767000000000
-0.00206160000000000
0.000788211000000000
0.00343332000000000
0.00529294000000000
0.00682725000000000
0.00863690000000000
0.0103239000000000
0.0109457000000000
0.0103535000000000
0.00923849000000000
0.00809850000000000
0.00697821000000000
0.00605474000000000
0.00564972000000000
0.00572850000000000
0.00590365000000000
0.00590444000000000
0.00579777000000000
0.00579116000000000
0.00594886000000000
0.00603624000000000
0.00567814000000000
0.00477780000000000
0.00364429000000000
0.00267284000000000
0.00201600000000000
0.00178837000000000
0.00208090000000000
0.00273735000000000
0.00328210000000000
0.00344046000000000
0.00329584000000000
0.00305183000000000
0.00284746000000000
0.00287839000000000
0.00318282000000000
0.00345659000000000
0.00342288000000000
0.00330787000000000
0.00337542000000000
0.00330417000000000
0.00259604000000000
0.00154673000000000
0.000893076000000000
0.000767259000000000
0.000659380000000000
0.000545130000000000
0.00101850000000000
0.00219617000000000
0.00318163000000000
0.00317873000000000
0.00242499000000000
0.00166914000000000
0.00122563000000000
0.000981219000000000
0.000695666000000000
0.000123719000000000
-0.000863889000000000
-0.00204667000000000
-0.00321151000000000
-0.00450933000000000
-0.00608224000000000
-0.00749123000000000
-0.00814437000000000
-0.00811952000000000
-0.00786255000000000
-0.00730114000000000
-0.00613934000000000
-0.00486293000000000
-0.00435308000000000
-0.00446716000000000
-0.00425500000000000
-0.00336894000000000
-0.00242446000000000
-0.00187535000000000
-0.00164852000000000
-0.00160820000000000
-0.00175017000000000
-0.00172082000000000
-0.00104374000000000
0.000145830000000000
0.00112054000000000
0.00137145000000000
0.000860095000000000
-0.000324535000000000
-0.00195995000000000
-0.00349188000000000
-0.00429915000000000
-0.00431237000000000
-0.00408805000000000
-0.00415692000000000
-0.00436895000000000
-0.00408858000000000
-0.00307588000000000
-0.00192056000000000
-0.00136643000000000
-0.00129928000000000
-0.000848052000000000
0.000539962000000000
0.00245315000000000
0.00414357000000000
0.00545738000000000
0.00682923000000000
0.00836076000000000
0.00949626000000000
0.00972917000000000
0.00929308000000000
0.00867788000000000
0.00806136000000000
0.00746545000000000
0.00715098000000000
0.00705474000000000
0.00652560000000000
0.00534542000000000
0.00450576000000000
0.00487047000000000
0.00574119000000000
0.00591872000000000
0.00554688000000000
0.00560068000000000
0.00597820000000000
0.00561337000000000
0.00428038000000000
0.00288144000000000
0.00183186000000000
0.000679552000000000
-0.000495903000000000
-0.000790141000000000
3.91792000000000e-05
0.00106088000000000
0.00156497000000000
0.00178348000000000
0.00191078000000000
0.00144587000000000
0.000229122000000000
-0.000873908000000000
-0.00110136000000000
-0.000855402000000000
-0.000854239000000000
-0.000984867000000000
-0.000858495000000000
-0.000875772000000000
-0.00176973000000000
-0.00341653000000000
-0.00509056000000000
-0.00660412000000000
-0.00814688000000000
-0.00919831000000000
-0.00889031000000000
-0.00750749000000000
-0.00640028000000000
-0.00618680000000000
-0.00620874000000000
-0.00609255000000000
-0.00646281000000000
-0.00761720000000000
-0.00872957000000000
-0.00909361000000000
-0.00895865000000000
-0.00859302000000000
-0.00771251000000000
-0.00629665000000000
-0.00490219000000000
-0.00371832000000000
-0.00237159000000000
-0.000769427000000000
0.000691344000000000
0.00200067000000000
0.00341402000000000
0.00460332000000000
0.00496631000000000
0.00481429000000000
0.00486822000000000
0.00489426000000000
0.00411449000000000
0.00280133000000000
0.00206425000000000
0.00215295000000000
0.00226888000000000
0.00207601000000000
0.00225962000000000
0.00328633000000000
0.00454608000000000
0.00512969000000000
0.00495996000000000
0.00477331000000000
0.00517873000000000
0.00597252000000000
0.00636459000000000
0.00595626000000000
0.00521773000000000
0.00489704000000000
0.00498931000000000
0.00482764000000000
0.00400160000000000
0.00297542000000000
0.00240900000000000
0.00235625000000000
0.00233563000000000
0.00218454000000000
0.00229082000000000
0.00300226000000000
0.00409294000000000
0.00498375000000000
0.00531713000000000
0.00510074000000000
0.00450008000000000
0.00359935000000000
0.00242182000000000
0.00112845000000000
0.000123958000000000
-0.000340939000000000
-0.000446915000000000
-0.000340331000000000
0.000219340000000000
0.00124817000000000
0.00205619000000000
0.00200146000000000
0.00128827000000000
0.000477384000000000
-0.000388210000000000
-0.00146729000000000
-0.00252135000000000
-0.00315189000000000
-0.00329347000000000
-0.00295004000000000
-0.00210589000000000
-0.00105577000000000
-0.000325777000000000
-0.000109757000000000
-0.000367258000000000
-0.00113905000000000
-0.00224574000000000
-0.00305619000000000
-0.00320622000000000
-0.00304799000000000
-0.00301931000000000
-0.00305539000000000
-0.00307469000000000
-0.00332731000000000
-0.00391845000000000
-0.00457714000000000
-0.00509651000000000
-0.00538336000000000
-0.00523861000000000
-0.00463240000000000
-0.00392916000000000
-0.00342605000000000
-0.00307073000000000
-0.00289386000000000
-0.00327787000000000
-0.00430061000000000
-0.00537252000000000
-0.00597345000000000
-0.00636049000000000
-0.00704470000000000
-0.00799553000000000
-0.00869427000000000
-0.00870815000000000
-0.00806797000000000
-0.00708991000000000
-0.00597239000000000
-0.00474079000000000
-0.00366597000000000
-0.00319538000000000
-0.00313748000000000
-0.00263319000000000
-0.00141216000000000
-0.000390893000000000
-0.000295546000000000
-0.000565276000000000
-0.000425579000000000
-0.000331501000000000
-0.00114389000000000
-0.00249928000000000
-0.00324165000000000
-0.00316167000000000
-0.00310034000000000
-0.00360794000000000
-0.00446796000000000
-0.00531013000000000
-0.00591383000000000
-0.00602355000000000
-0.00553934000000000
-0.00470391000000000
-0.00391409000000000
-0.00330840000000000
-0.00283583000000000
-0.00237066000000000
-0.00182102000000000
-0.00120708000000000
-0.000747140000000000
-0.000525963000000000
-0.000208606000000000
0.000660530000000000
0.00215823000000000
0.00396591000000000
0.00565011000000000
0.00686281000000000
0.00757292000000000
0.00808251000000000
0.00863637000000000
0.00905779000000000
0.00903730000000000
0.00851199000000000
0.00761522000000000
0.00648184000000000
0.00540239000000000
0.00482169000000000
0.00482870000000000
0.00496631000000000
0.00490814000000000
0.00498217000000000
0.00564866000000000
0.00667814000000000
0.00741509000000000
0.00759962000000000
0.00758244000000000
0.00764179000000000
0.00761601000000000
0.00726109000000000
0.00659526000000000
0.00580491000000000
0.00496300000000000
0.00401111000000000
0.00274951000000000
0.00109688000000000
-0.000702394000000000
-0.00216127000000000
-0.00308144000000000
-0.00366994000000000
-0.00416154000000000
-0.00455176000000000
-0.00481944000000000
-0.00494608000000000
-0.00474833000000000
-0.00418560000000000
-0.00367456000000000
-0.00350602000000000
-0.00320477000000000
-0.00226015000000000
-0.00109309000000000
-0.000556578000000000
-0.000730907000000000
-0.000930128000000000
-0.000650154000000000
7.21244000000000e-05
0.000934926000000000
0.00163636000000000
0.00195427000000000
0.00198613000000000
0.00194356000000000
0.00171157000000000
0.000868753000000000
-0.000658667000000000
-0.00243570000000000
-0.00400834000000000
-0.00529479000000000
-0.00636168000000000
-0.00721601000000000
-0.00790062000000000
-0.00858720000000000
-0.00919751000000000
-0.00921615000000000
-0.00829982000000000
-0.00703346000000000
-0.00639909000000000
-0.00640279000000000
-0.00605130000000000
-0.00490656000000000
-0.00378216000000000
-0.00346359000000000
-0.00366346000000000
-0.00373577000000000
-0.00362869000000000
-0.00361415000000000
-0.00368395000000000
-0.00369188000000000
-0.00365447000000000
-0.00364059000000000
-0.00365751000000000
-0.00372902000000000
-0.00372334000000000
-0.00327694000000000
-0.00220609000000000
-0.000841866000000000
0.000528316000000000
0.00197899000000000
0.00355626000000000
0.00493788000000000
0.00597173000000000
0.00693974000000000
0.00808991000000000
0.00918892000000000
0.00984285000000000
0.00999818000000000
0.00991913000000000
0.00986995000000000
0.00982765000000000
0.00943730000000000
0.00849625000000000
0.00750987000000000
0.00719645000000000
0.00728528000000000
0.00675944000000000
0.00547007000000000
0.00445857000000000
0.00432228000000000
0.00451224000000000
0.00441971000000000