-5.84673000000000e-05
-0.000160351000000000
-0.000231185000000000
-0.000212487000000000
-0.000197282000000000
-0.000256855000000000
-0.000306815000000000
-0.000184676000000000
3.69201000000000e-05
0.000113878000000000
4.03011000000000e-05
3.76818000000000e-05
0.000141546000000000
9.98687000000000e-05
-0.000147666000000000
-0.000303178000000000
-0.000141331000000000
9.87018000000000e-05
0.000138074000000000
4.63923000000000e-05
4.05946000000000e-05
9.63324000000000e-05
9.02047000000000e-05
4.97031000000000e-05
6.47389000000000e-05
9.49436000000000e-05
7.44630000000000e-05
5.44836000000000e-05
7.91877000000000e-05
9.02548000000000e-05
6.38598000000000e-05
6.23766000000000e-05
8.98539000000000e-05
8.24233000000000e-05
5.60628000000000e-05
7.36398000000000e-05
9.79645000000000e-05
7.01822000000000e-05
5.07075000000000e-05
9.07773000000000e-05
0.000103477000000000
4.72306000000000e-05
4.60616000000000e-05
0.000141424000000000
0.000110635000000000
-0.000135382000000000
-0.000305211000000000
-0.000139205000000000
0.000115854000000000
0.000144624000000000
3.81213000000000e-05
4.97060000000000e-05
0.000117937000000000
8.62603000000000e-05
3.72022000000000e-05
8.67471000000000e-05
0.000118574000000000
4.99415000000000e-05
3.85795000000000e-05
0.000146313000000000
0.000117593000000000
-0.000138739000000000
-0.000303994000000000
-0.000132025000000000
0.000113019000000000
0.000141717000000000
4.86608000000000e-05
5.24928000000000e-05
0.000105631000000000
9.08131000000000e-05
5.57578000000000e-05
7.71690000000000e-05
9.86302000000000e-05
7.38617000000000e-05
6.46823000000000e-05
9.05268000000000e-05
8.86298000000000e-05
6.09721000000000e-05
7.36470000000000e-05
0.000118946000000000
8.04977000000000e-05
-7.08795000000000e-05
-0.000263090000000000
-0.000350253000000000
-0.000274157000000000
-6.48413000000000e-05
8.96248000000000e-05
0.000106490000000000
6.74964000000000e-05
7.85219000000000e-05
8.85797000000000e-05
6.69924000000000e-05
7.12496000000000e-05
0.000100635000000000
8.16431000000000e-05
4.35332000000000e-05
8.02471000000000e-05
0.000144273000000000
7.02417000000000e-05
-0.000126928000000000
-0.000252145000000000
-0.000159170000000000
5.06244000000000e-05
0.000184755000000000
0.000136499000000000
-3.27861000000000e-05
-0.000122160000000000
-2.27835000000000e-05
0.000179808000000000
0.000267822000000000
0.000189350000000000
2.56576000000000e-05
-2.56519000000000e-05
9.87305000000000e-05
0.000210912000000000
5.64271000000000e-05
-0.000212637000000000
-0.000246633000000000
-3.82566000000000e-05
3.73081000000000e-05
-0.000100298000000000
-0.000193316000000000
-0.000151339000000000
-0.000162656000000000
-0.000199873000000000
-8.54228000000000e-05
3.28448000000000e-05
-6.28884000000000e-05
-0.000216567000000000
-0.000183280000000000
-0.000118660000000000
-0.000181147000000000
-0.000173508000000000
2.72497000000000e-05
0.000173480000000000
9.35978000000000e-05
5.21785000000000e-06
6.43337000000000e-05
0.000119619000000000
6.67655000000000e-05
3.64441000000000e-05
7.97604000000000e-05
9.05626000000000e-05
5.99234000000000e-05
6.13178000000000e-05
7.26305000000000e-05
6.51519000000000e-05
9.14288000000000e-05
8.17719000000000e-05
-7.37973000000000e-05
-0.000297194000000000
-0.000356065000000000
-0.000254536000000000
-0.000102718000000000
3.95187000000000e-05
0.000163472000000000
9.75421000000000e-05
-0.000159420000000000
-0.000313372000000000
-0.000140572000000000
9.82079000000000e-05
0.000123163000000000
3.48141000000000e-05
4.41975000000000e-05
9.08131000000000e-05
6.74921000000000e-05
4.13169000000000e-05
7.24157000000000e-05
7.96315000000000e-05
4.39018000000000e-05
5.49532000000000e-05
9.02762000000000e-05
5.89605000000000e-05
2.37448000000000e-05
7.86436000000000e-05
0.000128811000000000
1.11530000000000e-05
-0.000144917000000000
-9.29464000000000e-05
0.000166651000000000
0.000302992000000000
0.000188334000000000
-4.69184000000000e-05
-0.000183960000000000
-0.000183910000000000
-0.000140529000000000
-0.000176307000000000
-0.000226997000000000
-0.000148310000000000
2.45502000000000e-05
0.000125145000000000
8.17075000000000e-05
1.45182000000000e-05
3.54362000000000e-05
9.22878000000000e-05
7.27951000000000e-05
1.98943000000000e-05
4.05023000000000e-05
9.29321000000000e-05
6.82265000000000e-05
7.96100000000000e-06
3.95774000000000e-05
0.000131030000000000
7.02374000000000e-05
-0.000166822000000000
-0.000310573000000000
-0.000159664000000000
7.14343000000000e-05
0.000120156000000000
3.39329000000000e-05
1.84747000000000e-05
6.93934000000000e-05
7.15996000000000e-05
3.40231000000000e-05
3.97019000000000e-05
6.67240000000000e-05
5.54743000000000e-05
3.71685000000000e-05
5.03989000000000e-05
6.00923000000000e-05
4.63880000000000e-05
4.34000000000000e-05
5.47198000000000e-05
5.11842000000000e-05
4.29591000000000e-05
5.10833000000000e-05
5.42073000000000e-05
4.22174000000000e-05
4.47695000000000e-05
5.83385000000000e-05
4.81834000000000e-05
3.41970000000000e-05
5.23253000000000e-05
6.36973000000000e-05
3.59688000000000e-05
2.93657000000000e-05
6.71177000000000e-05
6.50689000000000e-05
1.29018000000000e-05
2.75138000000000e-05
0.000114551000000000
6.57618000000000e-05
-0.000167073000000000
-0.000317939000000000
-0.000172607000000000
6.29493000000000e-05
0.000120757000000000
3.07187000000000e-05
1.57946000000000e-06
5.86606000000000e-05
8.02328000000000e-05
3.16393000000000e-05
1.29498000000000e-05
5.93779000000000e-05
7.62742000000000e-05
2.67371000000000e-05
1.09676000000000e-05
6.81077000000000e-05
8.10775000000000e-05
7.62312000000000e-06
-2.41858000000000e-06
0.000113964000000000
0.000121903000000000
-0.000167832000000000
-0.000516323000000000
-0.000519853000000000
-0.000178305000000000
0.000121867000000000
0.000134430000000000
-2.29216000000000e-06
-2.74551000000000e-05
8.45136000000000e-05
0.000140672000000000
1.45855000000000e-06
-0.000191763000000000
-0.000227942000000000
-0.000149356000000000
-0.000167989000000000
-0.000249060000000000
-0.000171461000000000
2.93357000000000e-05
0.000113864000000000
4.86816000000000e-05
3.26715000000000e-05
5.16080000000000e-05
-6.53502000000000e-05
-0.000308382000000000
-0.000405373000000000
-0.000284344000000000
-8.50219000000000e-05
3.47446000000000e-05
7.74625000000000e-05
5.88839000000000e-05
3.21812000000000e-05
4.04357000000000e-05
6.52829000000000e-05
5.05106000000000e-05
3.09284000000000e-05
5.64171000000000e-05
6.54970000000000e-05
3.04166000000000e-05
5.31077000000000e-05
8.18435000000000e-05
-6.56072000000000e-05
-0.000342851000000000
-0.000404414000000000
-0.000203009000000000
-7.01801000000000e-05
-0.000190854000000000
-0.000277407000000000
-0.000111294000000000
5.06344000000000e-05
-4.14966000000000e-05
-0.000281080000000000
-0.000390942000000000
-0.000311883000000000
-8.48071000000000e-05
0.000114479000000000
9.31253000000000e-05
-0.000146328000000000
-0.000305061000000000
-0.000168326000000000
7.26663000000000e-05
0.000140959000000000
4.95499000000000e-05
1.00126000000000e-05
6.62708000000000e-05
0.000103305000000000
5.97566000000000e-05
1.67245000000000e-05
5.82712000000000e-05
0.000134208000000000
7.20077000000000e-05
-0.000149642000000000
-0.000293435000000000
-0.000150730000000000
8.53440000000000e-05
0.000137501000000000
4.50064000000000e-05
3.25119000000000e-05
9.02047000000000e-05
8.44349000000000e-05
4.43335000000000e-05
6.70683000000000e-05
9.48792000000000e-05
6.24575000000000e-05
5.10568000000000e-05
9.04480000000000e-05
8.32394000000000e-05
4.01672000000000e-05
6.87892000000000e-05
0.000112962000000000
6.09699000000000e-05
2.69812000000000e-05
0.000131832000000000
0.000137974000000000
-0.000129269000000000
-0.000337689000000000
-0.000133013000000000
0.000183487000000000
0.000139405000000000
-0.000157760000000000
-0.000273785000000000
-0.000121294000000000
6.51935000000000e-05
0.000179658000000000
0.000150322000000000
-0.000126498000000000
-0.000481018000000000
-0.000483337000000000
-0.000113978000000000
0.000164818000000000
0.000141009000000000
7.29240000000000e-05
7.29812000000000e-05
-2.42839000000000e-05
-0.000224277000000000
-0.000340753000000000
-0.000399217000000000
-0.000414651000000000
-0.000203331000000000
0.000202207000000000
0.000290822000000000
-0.000153271000000000
-0.000555516000000000
-0.000386146000000000
-2.95748000000000e-05
-4.97876000000000e-05
-0.000241944000000000
-0.000132676000000000
0.000127501000000000
0.000178920000000000
8.27526000000000e-05
7.86651000000000e-05
0.000125296000000000
0.000114644000000000
9.91099000000000e-05
0.000115467000000000
0.000102281000000000
9.48720000000000e-05
0.000162549000000000
0.000140994000000000
-8.51579000000000e-05
-0.000257908000000000
-0.000101773000000000
0.000151081000000000
0.000184418000000000
8.59954000000000e-05
9.29822000000000e-05
0.000146621000000000
0.000125847000000000
0.000101036000000000
0.000132640000000000
0.000137150000000000
0.000107664000000000
0.000129355000000000
0.000154553000000000
0.000107521000000000
9.80576000000000e-05
0.000194089000000000
0.000166601000000000
-8.57377000000000e-05
-0.000248358000000000
-6.84134000000000e-05
0.000172664000000000
0.000183595000000000
0.000102596000000000
0.000155999000000000
0.000172886000000000
-2.85761000000000e-05
-0.000233790000000000
-0.000119433000000000
0.000172721000000000
0.000287751000000000
0.000119555000000000
-0.000101988000000000
-0.000173401000000000
-5.01276000000000e-05
0.000127859000000000
0.000216846000000000
0.000170502000000000
0.000106118000000000
0.000134208000000000
0.000197826000000000
0.000169607000000000
0.000103520000000000
0.000142032000000000
0.000236833000000000
0.000168712000000000
-6.54841000000000e-05
-0.000196366000000000
-4.66951000000000e-05
0.000174597000000000
0.000228729000000000
0.000151918000000000
0.000129383000000000
0.000175477000000000
0.000190746000000000
0.000157072000000000
0.000148382000000000
0.000178197000000000
0.000186616000000000
0.000161504000000000
0.000154839000000000
0.000181798000000000
0.000191111000000000
0.000156944000000000
0.000142634000000000
0.000211692000000000
0.000240147000000000
1.13398000000000e-05
-0.000371607000000000
-0.000443442000000000
-4.09289000000000e-05
0.000355944000000000
0.000259153000000000
-0.000110907000000000
-0.000204090000000000
6.27252000000000e-05
0.000214019000000000
3.11274000000000e-05
-0.000181454000000000
-7.62742000000000e-05
0.000203116000000000
0.000332743000000000
0.000177940000000000
-6.07065000000000e-05
-0.000140815000000000
1.45039000000000e-06
0.000182399000000000
0.000250513000000000
0.000206867000000000
0.000164181000000000
0.000182736000000000
0.000223468000000000
0.000211635000000000
0.000171397000000000
0.000184712000000000
0.000231485000000000
0.000216324000000000
0.000159292000000000
0.000184182000000000
0.000277880000000000
0.000224069000000000
-1.51840000000000e-05
-0.000159313000000000
-1.10105000000000e-06
0.000227677000000000
0.000267436000000000
0.000188506000000000
0.000183838000000000
0.000223976000000000
0.000218908000000000
0.000200475000000000
0.000207490000000000
0.000209702000000000
0.000230898000000000
0.000231206000000000
6.19349000000000e-05
-0.000183802000000000
-7.10305000000000e-05
0.000342686000000000
0.000293099000000000
-0.000552646000000000
-0.00124759000000000
-0.000900257000000000
-2.60427000000000e-05
0.000327152000000000
0.000203753000000000
0.000222695000000000
0.000291338000000000
3.40395000000000e-05
-0.000230755000000000
6.52701000000000e-06
0.000457967000000000
0.000615813000000000
0.000472248000000000
0.000178870000000000
-0.000494218000000000
-0.00132075000000000
-0.00139219000000000
-0.000238315000000000
0.00115138000000000
0.00146843000000000
0.000509129000000000
-0.000714515000000000
-0.00120213000000000
-0.000791376000000000
-7.87438000000000e-05
0.000278295000000000
0.000175821000000000
-9.05053000000000e-05
-0.000257113000000000
-0.000306836000000000
-0.000219975000000000
-7.87510000000000e-06
0.000224134000000000
0.000327009000000000
0.000285446000000000
0.000181304000000000
5.57607000000000e-05
-0.000141653000000000
-0.000467688000000000
-0.000822086000000000
-0.000832179000000000
-0.000259117000000000
0.000418846000000000
0.000459692000000000
-5.48222000000000e-05
-0.000359208000000000
-0.000238300000000000
-0.000168805000000000
-0.000174690000000000
0.000392867000000000
0.00160552000000000
0.00243755000000000
0.00207032000000000
0.000908060000000000
-3.82022000000000e-05
-0.000191033000000000
0.000253004000000000
0.000524728000000000
5.54435000000000e-05
-0.000541887000000000
-0.000225157000000000
0.000678235000000000
0.000678171000000000
-0.000342457000000000
-0.000816359000000000
-0.000118152000000000
0.000337811000000000
-0.000284573000000000
-0.000758232000000000
-7.20793000000000e-05
0.000782857000000000
0.000563885000000000
-0.000463801000000000
-0.00137157000000000
-0.00167130000000000
-0.00113584000000000
0.000225501000000000
0.00167431000000000
0.00209258000000000
0.00113277000000000
-0.000310816000000000
-0.000825379000000000
0.000275747000000000
0.00202186000000000
0.00259525000000000
0.00157810000000000
0.000470867000000000
0.000260334000000000
0.000102703000000000
-0.000675501000000000
-0.00130199000000000
-0.00130865000000000
-0.00147809000000000
-0.00208199000000000
-0.00244700000000000
-0.00274315000000000
-0.00378722000000000
-0.00461947000000000
-0.00338169000000000
-0.000646115000000000
0.000891022000000000
0.000761811000000000
0.00104851000000000
0.00245373000000000
0.00292011000000000
0.00144337000000000
-0.000145347000000000
-5.15378000000000e-05
0.000867399000000000
0.000810561000000000
-0.000433836000000000
-0.00176637000000000
-0.00236561000000000
-0.00208306000000000
-0.00112375000000000
-9.33329000000000e-05
3.23530000000000e-05
-0.000952944000000000
-0.00195328000000000
-0.00170509000000000
-0.000606721000000000
-0.000160408000000000
-0.00101902000000000
-0.00208786000000000
-0.00206681000000000
-0.000972343000000000
0.000232702000000000
0.000709088000000000
0.000340016000000000
-8.34041000000000e-05
0.000419869000000000
0.00141159000000000
0.00125647000000000
-6.36665000000000e-05
-0.000336566000000000
0.00136205000000000
0.00232667000000000
0.000247291000000000
-0.00274308000000000
-0.00288983000000000
-0.000235179000000000
0.00207590000000000
0.00219989000000000
0.000459091000000000
-0.00225845000000000
-0.00431659000000000
-0.00365765000000000
-0.000831678000000000
0.000929965000000000
1.49198000000000e-05
-0.00163708000000000
-0.00207970000000000
-0.00157602000000000
-0.000745633000000000
0.000714522000000000
0.00219044000000000
0.00251043000000000
0.00227326000000000
0.00270013000000000
0.00268173000000000
0.000849575000000000
-0.000982866000000000
-0.000357103000000000
0.00140293000000000
0.000969050000000000
-0.00173988000000000
-0.00368228000000000
-0.00304531000000000
-0.000657891000000000
0.00204863000000000
0.00372637000000000
0.00324375000000000
0.000959744000000000
-0.00112403000000000
-0.00165727000000000
-0.00112990000000000
-0.000449191000000000
0.000284323000000000
0.000949436000000000
0.000765677000000000
-0.000920086000000000
-0.00361134000000000
-0.00533991000000000
-0.00399410000000000
-0.000177546000000000
0.00221528000000000
0.000610229000000000
-0.00252632000000000
-0.00300093000000000
-0.000557736000000000
0.00203281000000000
0.00349680000000000
0.00440822000000000
0.00430808000000000
0.00265438000000000
0.000854585000000000
0.000353653000000000
-1.56707000000000e-05
-0.00135425000000000
-0.00208270000000000
-0.000917795000000000
0.000125861000000000
-0.00113878000000000
-0.00325413000000000
-0.00330789000000000
-0.000705230000000000
0.00272933000000000
0.00490137000000000
0.00438267000000000
0.00144989000000000
-0.00149427000000000
-0.00194290000000000
3.58743000000000e-05
0.00245981000000000
0.00371771000000000
0.00307652000000000
0.000686611000000000
-0.00161547000000000
-0.00164911000000000
-9.51584000000000e-05
0.000341977000000000
-0.000748711000000000
-0.00145998000000000
-0.00177081000000000
-0.00302713000000000
-0.00370740000000000
-0.00105574000000000
0.00295569000000000
0.00318254000000000
-0.000718144000000000
-0.00349408000000000
-0.00209036000000000
0.000729168000000000
0.00152892000000000
0.000146392000000000
-0.00181862000000000
-0.00275983000000000
-0.00136850000000000
0.00157910000000000
0.00284487000000000
0.000933759000000000
-0.00151296000000000
-0.00168211000000000
-0.000251801000000000
0.00103290000000000
0.00231779000000000
0.00391378000000000
0.00447258000000000
0.00300186000000000
0.000879569000000000
-1.64703000000000e-05
0.000800682000000000
0.00250484000000000
0.00360010000000000
0.00256698000000000
-0.000125904000000000
-0.00195285000000000
-0.00115553000000000
0.00116119000000000
0.00276556000000000
0.00270499000000000
0.00160895000000000
0.000668542000000000
0.000681786000000000
0.00104915000000000
6.91579000000000e-05
-0.00255288000000000
-0.00457036000000000
-0.00407170000000000
-0.00224141000000000
-0.00159270000000000
-0.00262697000000000
-0.00356445000000000
-0.00260520000000000
0.000238393000000000
0.00299534000000000
0.00360368000000000
0.00218378000000000
0.000760236000000000
0.000222552000000000
-0.000679015000000000
-0.00260807000000000
-0.00386718000000000
-0.00287759000000000
-0.000852080000000000
-0.000206638000000000
-0.00166815000000000
-0.00398730000000000
-0.00540140000000000
-0.00461962000000000
-0.00203567000000000
-0.000108659000000000
-0.000926028000000000
-0.00333144000000000
-0.00397592000000000
-0.00125310000000000
0.00295898000000000
0.00550613000000000
0.00474260000000000
0.00173072000000000
-0.000392832000000000
0.00111158000000000
0.00538522000000000
0.00831392000000000
0.00678428000000000
0.00206982000000000
-0.00142290000000000
-0.000244628000000000
0.00495156000000000
0.00961963000000000
0.00925383000000000
0.00403011000000000
-0.00106233000000000
-0.00165391000000000
0.00146779000000000
0.00405831000000000
0.00340309000000000
0.000398945000000000
-0.00232667000000000
-0.00292863000000000
-0.00148432000000000
0.000412618000000000
0.00121981000000000
0.000911925000000000
0.000487188000000000
0.000277973000000000
-0.000825092000000000
-0.00392373000000000
-0.00775698000000000
-0.00882575000000000
-0.00540727000000000
-0.000456242000000000
0.00160738000000000
0.000630344000000000
0.000354097000000000
0.00272840000000000
0.00557578000000000
0.00648377000000000
0.00521463000000000
0.00237577000000000
-0.00113928000000000
-0.00275195000000000
-8.29030000000000e-05
0.00551966000000000
0.00970912000000000
0.0104006000000000
0.00960532000000000
0.0102961000000000
0.0134244000000000
0.0182664000000000
0.0223668000000000
0.0212064000000000
0.0108101000000000
-0.00690018000000000
-0.0232516000000000
-0.0294874000000000
-0.0240226000000000
-0.0116025000000000
0.00302813000000000
0.0175141000000000
0.0291102000000000
0.0345213000000000
0.0344282000000000
0.0337246000000000
0.0343180000000000
0.0312184000000000
0.0199687000000000
0.00508492000000000
-0.00398308000000000
-0.00467216000000000
-0.00345972000000000
-0.00567328000000000
-0.00820582000000000
-0.00492364000000000
0.00518084000000000
0.0179056000000000
0.0284566000000000
0.0332879000000000
0.0305891000000000
0.0224477000000000
0.0142770000000000
0.00946573000000000
0.00626364000000000
0.00190467000000000
-0.00263405000000000
-0.00404121000000000
-0.00144137000000000
0.00178863000000000
0.000307681000000000
-0.00896606000000000
-0.0239682000000000
-0.0386052000000000
-0.0476114000000000
-0.0500976000000000
-0.0487883000000000
-0.0472384000000000
-0.0473293000000000
-0.0470423000000000
-0.0419003000000000
-0.0312806000000000
-0.0211076000000000
-0.0170158000000000
-0.0180173000000000
-0.0198277000000000
-0.0212021000000000
-0.0229059000000000
-0.0245502000000000
-0.0264307000000000
-0.0312957000000000
-0.0401007000000000
-0.0496623000000000
-0.0566906000000000
-0.0596234000000000
-0.0561322000000000
-0.0451539000000000
-0.0312506000000000
-0.0197561000000000
-0.00839338000000000
0.00794239000000000
0.0254808000000000
0.0343788000000000
0.0326479000000000
0.0273005000000000
0.0224005000000000
0.0158168000000000
0.00716211000000000
-9.96682000000000e-05
-0.00461081000000000
-0.00784146000000000
-0.00967118000000000
-0.00911854000000000
-0.00814641000000000
-0.00936050000000000
-0.0116197000000000
-0.0115574000000000
-0.00746277000000000
7.72549000000000e-06
0.00842130000000000
0.0141553000000000
0.0152827000000000
0.0135862000000000
0.0108745000000000
0.00523969000000000
-0.00416820000000000
-0.0113348000000000
-0.00881000000000000
0.00220032000000000
0.0133134000000000
0.0192300000000000
0.0219130000000000
0.0250198000000000
0.0288990000000000
0.0309528000000000
0.0281516000000000
0.0197876000000000
0.00969981000000000
0.00407671000000000
0.00547420000000000
0.0107671000000000
0.0150064000000000
0.0153321000000000
0.0117908000000000
0.00733463000000000
0.00649157000000000
0.0104572000000000
0.0144874000000000
0.0136814000000000
0.00983797000000000
0.00838694000000000
0.0113670000000000
0.0167667000000000
0.0218400000000000
0.0236296000000000
0.0200711000000000
0.0139470000000000
0.0123900000000000
0.0187876000000000
0.0286492000000000
0.0357053000000000
0.0378693000000000
0.0355056000000000
0.0288346000000000
0.0191813000000000
0.00920802000000000
0.000630595000000000
-0.00606421000000000
-0.0100663000000000
-0.0110470000000000
-0.0108115000000000
-0.0111809000000000
-0.0108910000000000
-0.00689359000000000
0.00161833000000000
0.0116691000000000
0.0186022000000000
0.0198406000000000
0.0168684000000000
0.0129791000000000
0.00925884000000000
0.00474081000000000
-0.000592082000000000
-0.00586656000000000
-0.0116706000000000
-0.0183194000000000
-0.0224935000000000
-0.0198198000000000
-0.0107113000000000
-0.000335470000000000
0.00690777000000000
0.0102109000000000
0.0106834000000000
0.00950510000000000
0.00742841000000000
0.00440593000000000
0.000333151000000000
-0.00387119000000000
-0.00696640000000000
-0.00892955000000000
-0.0101572000000000
-0.0107986000000000
-0.0117565000000000
-0.0146220000000000
-0.0185778000000000
-0.0197847000000000
-0.0160466000000000
-0.0105087000000000
-0.00776629000000000
-0.00811491000000000
-0.00840268000000000
-0.00751002000000000
-0.00745704000000000
-0.00891452000000000
-0.00839123000000000
-0.00270306000000000
0.00590665000000000
0.0123227000000000
0.0152634000000000
0.0171146000000000
0.0181111000000000
0.0155949000000000
0.0100384000000000
0.00631912000000000
0.00695401000000000
0.00857735000000000
0.00781568000000000
0.00614338000000000
0.00620566000000000
0.00711479000000000
0.00701278000000000
0.00720363000000000
0.0100298000000000
0.0145497000000000
0.0170573000000000
0.0150694000000000
0.00915863000000000
0.00244657000000000
-0.00136921000000000
-0.000971126000000000
0.000553082000000000
-0.00153865000000000
-0.00835114000000000
-0.0165663000000000
-0.0226525000000000
-0.0257557000000000
-0.0262124000000000
-0.0241679000000000
-0.0202866000000000
-0.0166479000000000
-0.0154653000000000
-0.0174274000000000
-0.0209265000000000
-0.0227806000000000
-0.0204240000000000
-0.0148991000000000
-0.0104701000000000
-0.0103877000000000
-0.0138217000000000
-0.0176909000000000
-0.0201076000000000
-0.0212143000000000
-0.0211850000000000
-0.0189007000000000
-0.0137301000000000
-0.00777345000000000
-0.00416827000000000
-0.00326293000000000
-0.00236124000000000
5.16366000000000e-05
0.00203968000000000
0.00134044000000000
-0.00101723000000000
-0.00233855000000000
-0.00204684000000000
-0.00164431000000000
-0.00174783000000000
-0.000919871000000000
0.00290250000000000
0.0105789000000000
0.0204433000000000
0.0288883000000000
0.0331991000000000
0.0339057000000000
0.0332557000000000
0.0320817000000000
0.0290529000000000
0.0234628000000000
0.0172306000000000
0.0134910000000000
0.0129977000000000
0.0129691000000000
0.00975207000000000
0.00253405000000000
-0.00611203000000000
-0.0130407000000000
-0.0169106000000000
-0.0183738000000000
-0.0189644000000000
-0.0203130000000000
-0.0227033000000000
-0.0243684000000000
-0.0232165000000000
-0.0201327000000000
-0.0188298000000000
-0.0211914000000000
-0.0238308000000000
-0.0212687000000000
-0.0128918000000000
-0.00384385000000000
0.00173924000000000
0.00567829000000000
0.0112224000000000
0.0171125000000000
0.0198814000000000
0.0197626000000000
0.0195471000000000
0.0190295000000000
0.0157173000000000
0.0103505000000000
0.00715689000000000
0.00819008000000000
0.0111093000000000
0.0125367000000000
0.0111430000000000
0.00827311000000000
0.00714894000000000
0.00994320000000000
0.0143736000000000
0.0161432000000000
0.0151174000000000
0.0149993000000000
0.0160931000000000
0.0141009000000000
0.00762813000000000
0.000794812000000000
-0.00367447000000000
-0.00785005000000000
-0.0126727000000000
-0.0148096000000000
-0.0124558000000000
-0.00877206000000000
-0.00623737000000000
-0.00279047000000000
0.00337632000000000
0.00940846000000000
0.0113441000000000
0.00850434000000000
0.00252295000000000
-0.00487818000000000
-0.0114494000000000
-0.0145855000000000
-0.0141045000000000
-0.0130214000000000
-0.0139097000000000
-0.0156435000000000
-0.0151897000000000
-0.0119361000000000
-0.00855802000000000
-0.00742841000000000
-0.00722582000000000
-0.00481440000000000
-6.06299000000000e-05
0.00343194000000000
0.00271638000000000
-0.00133113000000000
-0.00629485000000000
-0.0108502000000000
-0.0139627000000000
-0.0134845000000000
-0.00911281000000000
-0.00475105000000000
-0.00504361000000000
-0.00924596000000000
-0.0119154000000000
-0.00990025000000000
-0.00616271000000000
-0.00525357000000000
-0.00744917000000000
-0.00959530000000000
-0.0102489000000000
-0.0111766000000000
-0.0140329000000000
-0.0175048000000000
-0.0182464000000000
-0.0136900000000000
-0.00484454000000000
0.00373045000000000
0.00773121000000000
0.00763958000000000
0.00774983000000000
0.0104042000000000
0.0130471000000000
0.0120521000000000
0.00750071000000000
0.00239367000000000
-0.00122167000000000
-0.00341226000000000
-0.00493158000000000
-0.00640567000000000
-0.00827884000000000
-0.0102589000000000
-0.0114486000000000
-0.0112625000000000
-0.0101665000000000
-0.00891309000000000
-0.00746778000000000
-0.00513317000000000
-0.00182435000000000
0.00149714000000000
0.00356738000000000
0.00393419000000000
0.00336107000000000
0.00290042000000000
0.00273735000000000
0.00237885000000000
0.00168591000000000
0.000960675000000000
0.000370304000000000
-0.000251751000000000
-0.000535795000000000
0.000399704000000000
0.00261351000000000
0.00457108000000000
0.00514505000000000
0.00532072000000000
0.00664992000000000
0.00894459000000000
0.0112539000000000
0.0138833000000000
0.0170588000000000
0.0186286000000000
0.0162864000000000
0.0117371000000000
0.00936837000000000
0.0105488000000000
0.0127758000000000
0.0140866000000000
0.0148575000000000
0.0152212000000000
0.0146542000000000
0.0136234000000000
0.0130794000000000
0.0126692000000000
0.0121824000000000
0.0127758000000000
0.0147043000000000
0.0156693000000000
0.0140637000000000
0.0112947000000000
0.00896606000000000
0.00658764000000000
0.00435425000000000
0.00436506000000000
0.00683718000000000
0.00855946000000000
0.00760093000000000
0.00629056000000000
0.00758160000000000
0.0107986000000000
0.0124072000000000
0.00984441000000000
0.00417665000000000
-0.000450486000000000
-0.000700534000000000
0.00200439000000000
0.00299885000000000
0.000198477000000000
-0.00332084000000000
-0.00362250000000000
-0.000622255000000000
0.00249146000000000
0.00308611000000000
0.00139563000000000
-7.23799000000000e-05
0.000987161000000000
0.00435847000000000
0.00771904000000000
0.00905554000000000
0.00799680000000000
0.00561236000000000
0.00363181000000000
0.00275296000000000
0.00135812000000000
-0.00197074000000000
-0.00482499000000000
-0.00331698000000000
0.00140429000000000
0.00335570000000000
0.000113964000000000
-0.00378429000000000
-0.00399604000000000
-0.00224527000000000
-0.00209459000000000
-0.00370948000000000
-0.00570435000000000
-0.00823016000000000
-0.0112962000000000
-0.0133328000000000
-0.0135826000000000
-0.0134423000000000
-0.0140343000000000
-0.0148411000000000
-0.0154782000000000
-0.0161955000000000
-0.0163222000000000
-0.0151446000000000
-0.0138847000000000
-0.0139699000000000
-0.0140909000000000
-0.0121802000000000
-0.00887658000000000
-0.00632327000000000
-0.00476780000000000
-0.00328519000000000
-0.00226661000000000
-0.00261100000000000
-0.00358793000000000
-0.00398623000000000
-0.00404264000000000
-0.00449763000000000
-0.00520661000000000
-0.00590650000000000
-0.00666330000000000
-0.00695251000000000
-0.00610816000000000
-0.00464503000000000
-0.00332363000000000
-0.00163809000000000
0.000861744000000000
0.00290121000000000
0.00336787000000000
0.00335485000000000
0.00393483000000000
0.00378493000000000
0.00149692000000000
-0.00131817000000000
-0.00207225000000000
-0.000486207000000000
0.00194132000000000
0.00414815000000000
0.00527469000000000
0.00437408000000000
0.00213331000000000
0.000989023000000000
0.00205035000000000
0.00347991000000000
0.00322742000000000
0.00146449000000000
-0.000428760000000000
-0.00158676000000000
-0.00156521000000000
-0.000365228000000000
0.000869332000000000
0.000781425000000000
-0.000382044000000000
-0.00142834000000000
-0.00223497000000000
-0.00329006000000000
-0.00400455000000000
-0.00348685000000000
-0.00258838000000000
-0.00311947000000000
-0.00533876000000000
-0.00744273000000000
-0.00764961000000000
-0.00555230000000000
-0.00229324000000000
0.000133027000000000
0.000358370000000000
-0.000995036000000000
-0.00216610000000000
-0.00209373000000000
-0.000694621000000000
0.00160208000000000
0.00366653000000000
0.00395187000000000
0.00260928000000000
0.00175291000000000
0.00239911000000000
0.00294846000000000
0.00259976000000000
0.00330538000000000
0.00600100000000000
0.00769972000000000
0.00551092000000000
0.00132855000000000
-0.000661119000000000
0.000591073000000000
0.00278689000000000
0.00407578000000000
0.00428137000000000
0.00370418000000000
0.00271745000000000
0.00212279000000000
0.00221778000000000
0.00241114000000000
0.00219173000000000
0.00163587000000000
0.000412417000000000
-0.00200811000000000
-0.00507468000000000
-0.00742984000000000
-0.00843275000000000
-0.00819222000000000
-0.00684019000000000
-0.00506538000000000
-0.00415202000000000
-0.00422325000000000
-0.00385516000000000
-0.00289749000000000
-0.00330996000000000
-0.00551372000000000
-0.00676911000000000
-0.00548508000000000
-0.00417443000000000
-0.00528686000000000
-0.00696826000000000
-0.00621396000000000
-0.00380891000000000
-0.00240849000000000
-0.00193230000000000
-0.000504605000000000
0.00182328000000000
0.00349959000000000
0.00411480000000000
0.00422368000000000
0.00392975000000000
0.00342443000000000
0.00360425000000000
0.00462284000000000
0.00540090000000000
0.00562847000000000
0.00616693000000000
0.00672200000000000
0.00568022000000000
0.00315319000000000
0.00161862000000000
0.00270435000000000
0.00509394000000000
0.00654240000000000
0.00637696000000000
0.00541836000000000
0.00470151000000000
0.00492936000000000
0.00607502000000000
0.00737543000000000
0.00827311000000000
0.00903836000000000
0.0100327000000000
0.0108717000000000
0.0106497000000000
0.00868330000000000
0.00515779000000000
0.00134316000000000
-0.00113141000000000
-0.00171619000000000
-0.00126498000000000
-0.000641397000000000
-8.25880000000000e-06
0.000371428000000000
-8.75417000000000e-05
-0.000690254000000000
0.000278130000000000
0.00279698000000000
0.00440858000000000
0.00375501000000000
0.00245430000000000
0.00213532000000000
0.00196215000000000
0.000659902000000000
-0.000892239000000000
-0.00121645000000000
-0.000757659000000000
-0.00101444000000000
-0.00240477000000000
-0.00436277000000000
-0.00614510000000000
-0.00653588000000000
-0.00496158000000000
-0.00319815000000000
-0.00374885000000000
-0.00603536000000000
-0.00697356000000000
-0.00558673000000000
-0.00415009000000000
-0.00422633000000000
-0.00468834000000000
-0.00448325000000000
-0.00446413000000000
-0.00521027000000000
-0.00560735000000000
-0.00451510000000000
-0.00240713000000000
-0.000550906000000000
0.000197948000000000
1.01615000000000e-05
5.58702000000000e-05
0.00154080000000000
0.00384778000000000
0.00492020000000000
0.00399940000000000
0.00244256000000000
0.000984226000000000
-0.00120328000000000
-0.00409833000000000
-0.00588510000000000
-0.00552431000000000
-0.00407836000000000
-0.00281853000000000
-0.00179421000000000
-0.00109969000000000
-0.00142698000000000
-0.00251100000000000
-0.00276820000000000
-0.00162234000000000
-0.000277436000000000
0.000259583000000000
0.000340832000000000
0.000487117000000000
0.000815643000000000
0.00160594000000000
0.00292655000000000
0.00383046000000000
0.00320845000000000
0.00153450000000000
0.000436219000000000
0.000396819000000000
0.000122490000000000
-0.00138088000000000
-0.00328942000000000
-0.00435382000000000
-0.00459134000000000
-0.00481569000000000
-0.00483280000000000
-0.00361406000000000
-0.00103384000000000
0.00126319000000000
0.00176222000000000
0.000954017000000000
0.000873985000000000
0.00268703000000000
0.00546998000000000
0.00710835000000000
0.00643065000000000
0.00444330000000000
0.00312126000000000
0.00303128000000000
0.00303550000000000
0.00237341000000000
0.00164167000000000
0.00127085000000000
0.000683733000000000
-0.000241300000000000
-0.000308611000000000
0.00101200000000000
0.00221048000000000
0.00172506000000000
0.000100620000000000
-0.00106805000000000
-0.00131402000000000
-0.00104271000000000
-0.000480337000000000
0.000169800000000000
3.66882000000000e-05
-0.00135311000000000
-0.00298919000000000
-0.00321561000000000
-0.00170445000000000
0.000408595000000000
0.00202293000000000
0.00280063000000000
0.00275267000000000
0.00190553000000000
0.000704049000000000
-0.000149735000000000
-0.000348520000000000
-0.000161403000000000
0.000192178000000000
0.000671628000000000
0.000917294000000000
0.000517848000000000
-0.000403956000000000
-0.00133707000000000
-0.00210482000000000
-0.00264680000000000
-0.00252195000000000
-0.00148733000000000
-0.000592347000000000
-0.00117099000000000
-0.00268653000000000
-0.00302097000000000
-0.00145304000000000
0.000332163000000000
0.000726448000000000
0.000451646000000000
0.00100441000000000
0.00214505000000000
0.00251579000000000
0.00216810000000000
0.00242810000000000
0.00359680000000000
0.00445440000000000
0.00430972000000000
0.00377376000000000
0.00345249000000000
0.00328469000000000
0.00349308000000000
0.00430163000000000
0.00462341000000000
0.00284816000000000
-0.000507475000000000
-0.00298053000000000
-0.00339286000000000
-0.00296764000000000
-0.00270041000000000
-0.00223196000000000
-0.00184203000000000
-0.00270335000000000
-0.00412725000000000
-0.00360640000000000
-0.000889662000000000
0.00106619000000000
0.000603056000000000
-0.000187274000000000
0.000808628000000000
0.00244528000000000
0.00271731000000000
0.00177818000000000
0.000968406000000000
0.000787940000000000
0.00138360000000000
0.00282146000000000
0.00405323000000000
0.00342951000000000
0.00122912000000000
-0.000380447000000000
-0.000252052000000000
0.000512773000000000
0.000430851000000000
-0.000861458000000000
-0.00293836000000000
-0.00487847000000000
-0.00550577000000000
-0.00432490000000000
-0.00238594000000000
-0.00102782000000000
-0.000437186000000000
-8.42058000000000e-06
0.000344418000000000
0.000393433000000000
0.000511520000000000
0.00121666000000000
0.00202508000000000
0.00178849000000000
0.000673961000000000
0.000313758000000000
0.00147065000000000
0.00245745000000000
0.00136685000000000
-0.00120049000000000
-0.00302613000000000
-0.00336981000000000
-0.00328183000000000
-0.00325627000000000
-0.00285697000000000
-0.00240348000000000
-0.00288732000000000
-0.00392495000000000
-0.00407249000000000
-0.00312699000000000
-0.00245931000000000
-0.00271552000000000
-0.00305032000000000
-0.00273978000000000
-0.00229281000000000
-0.00224055000000000
-0.00214119000000000
-0.00131259000000000
-6.48062000000000e-05
0.000684069000000000
0.000640610000000000
0.000575961000000000
0.00134788000000000
0.00280636000000000
0.00402317000000000
0.00449699000000000
0.00441001000000000
0.00391235000000000
0.00303271000000000
0.00229259000000000
0.00225988000000000
0.00261859000000000
0.00247657000000000
0.00157151000000000
0.000393805000000000
-0.000679917000000000
-0.00152548000000000
-0.00185420000000000
-0.00157209000000000
-0.00148897000000000
-0.00244435000000000
-0.00384878000000000
-0.00415646000000000
-0.00296678000000000
-0.00148404000000000
-0.000827526000000000
-0.000729884000000000
-0.000495628000000000
-0.000297136000000000
-0.000759950000000000
-0.00168304000000000
-0.00210912000000000
-0.00160301000000000
-0.000625298000000000
0.000117321000000000
0.000259017000000000
-0.000358449000000000
-0.00154001000000000
-0.00249131000000000
-0.00225852000000000
-0.000829459000000000
0.000820797000000000
0.00198048000000000
0.00273456000000000
0.00314983000000000
0.00288439000000000
0.00203596000000000
0.00162069000000000
0.00242567000000000
0.00383332000000000
0.00435446000000000
0.00344039000000000
0.00184397000000000
0.000595389000000000
-1.95499000000000e-05
-0.000233891000000000
-0.000363410000000000
-0.000410442000000000
-1.69271000000000e-05
0.00108767000000000
0.00235709000000000
0.00269218000000000
0.00160781000000000
-0.000277007000000000
-0.00178641000000000
-0.00211084000000000
-0.00123048000000000
5.48773000000000e-05
0.000793165000000000
0.000646594000000000
0.000196759000000000
-0.000191806000000000
-0.000985801000000000
-0.00232967000000000
-0.00305956000000000
-0.00223224000000000
-0.000726305000000000
-8.92168000000000e-05
-0.000534162000000000
-0.00111029000000000
-0.00127021000000000
-0.00107299000000000
-0.000619199000000000
-0.000384148000000000
-0.00120142000000000
-0.00271638000000000
-0.00309463000000000
-0.00174231000000000
-0.000743557000000000
-0.00179393000000000
-0.00321941000000000
-0.00246747000000000
-0.000413219000000000
-0.000198549000000000
-0.00222358000000000
-0.00343187000000000
-0.00206201000000000
-2.86169000000000e-06
0.000690848000000000
0.000798821000000000
0.00168039000000000
0.00236045000000000
0.00140765000000000
5.20282000000000e-05
0.000629206000000000
0.00280385000000000
0.00417027000000000
0.00392724000000000
0.00335771000000000
0.00308611000000000
0.00268381000000000
0.00252295000000000
0.00358335000000000
0.00515200000000000
0.00539037000000000
0.00398172000000000
0.00248673000000000
0.00179615000000000
0.00144989000000000
0.000988164000000000
0.000665836000000000
0.000533053000000000
0.000470115000000000
0.000682502000000000
0.00143178000000000
0.00218586000000000
0.00232029000000000
0.00193058000000000
0.00159163000000000
0.00143922000000000
0.00133013000000000
0.000995966000000000
5.87851000000000e-05
-0.00183058000000000
-0.00404665000000000
-0.00511219000000000
-0.00413849000000000
-0.00205421000000000
-0.000603765000000000
-0.000620709000000000
-0.00159206000000000
-0.00269311000000000
-0.00332507000000000
-0.00288453000000000
-0.00114164000000000
0.000894673000000000
0.00168154000000000
0.000918941000000000
-0.000218536000000000
-0.000739118000000000
-0.000572203000000000
0.000122296000000000
0.00113899000000000
0.00158619000000000
0.000729025000000000
-0.000580779000000000
-0.000921088000000000
-0.000509802000000000
-0.000567349000000000
-0.00106855000000000
-0.00113126000000000
-0.00100384000000000
-0.00154882000000000
-0.00243905000000000
-0.00284573000000000
-0.00307445000000000
-0.00365307000000000
-0.00385093000000000
-0.00302004000000000
-0.00201019000000000
-0.00175441000000000
-0.00168655000000000
-0.00100678000000000
2.33375000000000e-05
0.000987376000000000
0.00198957000000000
0.00265202000000000
0.00219881000000000
0.00117300000000000
0.00104615000000000
0.00184375000000000
0.00202178000000000
0.000963682000000000
-0.000262625000000000
-0.000733749000000000
-0.000629836000000000
-0.000310394000000000
0.000256447000000000
0.000910708000000000
0.00127314000000000
0.00127894000000000
0.000982437000000000
0.000207454000000000
-0.00101995000000000
-0.00199515000000000
-0.00216617000000000
-0.00186831000000000
-0.00171354000000000
-0.00160065000000000
-0.00123392000000000
-0.000919513000000000
-0.000939414000000000
-0.000675035000000000
0.000512071000000000
0.00189329000000000
0.00209079000000000
0.000991958000000000
-0.000325892000000000
-0.00133142000000000
-0.00232244000000000
-0.00324274000000000
-0.00370461000000000
-0.00384163000000000
-0.00396003000000000
-0.00373131000000000
-0.00293235000000000
-0.00212379000000000
-0.00155777000000000
-0.000330560000000000
0.00199115000000000
0.00425160000000000
0.00519702000000000
0.00506223000000000
0.00458110000000000
0.00403705000000000
0.00384957000000000
0.00461131000000000
0.00566347000000000
0.00552195000000000
0.00404765000000000
0.00267113000000000
0.00198871000000000
0.00116061000000000
-0.000202909000000000
-0.00102045000000000
-0.000445576000000000
0.000978786000000000
0.00220175000000000
0.00289756000000000
0.00337675000000000
0.00381142000000000
0.00384256000000000
0.00303379000000000
0.00177238000000000
0.000897465000000000
0.000406454000000000
-0.000659272000000000
-0.00256884000000000
-0.00434738000000000
-0.00539224000000000
-0.00648706000000000
-0.00815929000000000
-0.00919227000000000
-0.00783215000000000
-0.00412811000000000
-0.000178448000000000
0.00181834000000000
0.00172070000000000
0.00148826000000000
0.00282161000000000
0.00505979000000000
0.00626057000000000
0.00593614000000000
0.00510926000000000
0.00413634000000000
0.00241586000000000
0.000130307000000000
-0.00173852000000000
-0.00301066000000000
-0.00419683000000000
-0.00498270000000000
-0.00462420000000000
-0.00354405000000000
-0.00286778000000000
-0.00275102000000000
-0.00256834000000000
-0.00217383000000000
-0.00187074000000000
-0.00162742000000000
-0.00116663000000000
-0.000376596000000000
0.000458797000000000
0.000757015000000000
0.000139770000000000
-0.000463651000000000
0.000633967000000000
0.00357898000000000
0.00613178000000000
0.00636007000000000
0.00500274000000000
0.00406948000000000
0.00415245000000000
0.00437186000000000
0.00382817000000000
0.00213195000000000
-0.000543597000000000
-0.00307695000000000
-0.00382781000000000
-0.00216875000000000
0.000568051000000000
0.00214040000000000
0.00168884000000000
0.000447365000000000
5.32817000000000e-05
0.000556683000000000
0.000878996000000000
0.000568767000000000
0.000153135000000000
-0.000214283000000000
-0.000856447000000000
-0.00128503000000000
-0.000507984000000000
0.00105445000000000
0.00171518000000000
0.00107170000000000
0.000544499000000000
0.000960460000000000
0.00135790000000000
0.000727665000000000
-0.000652314000000000
-0.00199387000000000
-0.00279720000000000
-0.00263792000000000
-0.00134373000000000
0.000364255000000000
0.00107020000000000
0.000148189000000000
-0.00144695000000000
-0.00199823000000000
-0.000710635000000000
0.00151274000000000
0.00280128000000000
0.00222215000000000
0.000721222000000000
-9.45356000000000e-05
0.000307917000000000
0.00135060000000000
0.00220655000000000
0.00214842000000000
0.000846926000000000
-0.000980075000000000
-0.00191648000000000
-0.00168712000000000
-0.00172127000000000
-0.00309800000000000
-0.00484253000000000
-0.00563949000000000
-0.00589970000000000
-0.00661663000000000
-0.00713283000000000
-0.00626873000000000
-0.00454925000000000
-0.00334404000000000
-0.00255130000000000
-0.00147895000000000
-0.000890521000000000
-0.00176680000000000
-0.00283514000000000
-0.00216911000000000
-0.000566025000000000
-0.000424952000000000
-0.00174382000000000
-0.00227248000000000
-0.00127515000000000
-0.000250155000000000
-3.10022000000000e-05
9.95322000000000e-05
0.000484225000000000
0.000524040000000000
0.000119734000000000
-0.000163644000000000
-0.000293629000000000
-0.000475477000000000
-4.00885000000000e-05
0.00169221000000000
0.00350596000000000
0.00330717000000000
0.000982222000000000
-0.00127121000000000
-0.00181590000000000
-0.00123864000000000
-0.000818650000000000
-0.000700928000000000
-0.000273649000000000
0.000439154000000000
0.000950223000000000
0.00120170000000000
0.00167059000000000
0.00257335000000000
0.00369788000000000
0.00461138000000000
0.00491648000000000
0.00444337000000000
0.00360926000000000
0.00308447000000000
0.00297888000000000
0.00254436000000000
0.00126856000000000
-0.000187339000000000
-0.000538186000000000
0.000544091000000000
0.00185699000000000
0.00188098000000000
0.000582354000000000
-0.000438575000000000
4.24959000000000e-05
0.00132555000000000
0.00181848000000000
0.00124365000000000
0.000768254000000000
0.00109483000000000
0.00145268000000000
0.000884365000000000
-0.000418094000000000
-0.00159979000000000
-0.00227799000000000
-0.00265997000000000
-0.00286907000000000
-0.00278045000000000
-0.00232473000000000
-0.00177617000000000
-0.00152147000000000
-0.00162628000000000
-0.00158733000000000
-0.000945499000000000
3.65944000000000e-05
0.000558802000000000
0.000351892000000000
7.53221000000000e-05
0.000395366000000000
0.00101293000000000
0.00110241000000000
0.000506810000000000
-0.000145562000000000
-0.000293536000000000
4.58475000000000e-06
0.000385809000000000
0.000485484000000000
9.61319000000000e-05
-0.000547341000000000
-0.000731244000000000
-0.000154037000000000
0.000529066000000000
0.000563233000000000
0.000202293000000000
0.000109683000000000
0.000276362000000000
0.000314517000000000
0.000432340000000000
0.000908561000000000
0.00104064000000000
-4.19726000000000e-05
-0.00172163000000000
-0.00242238000000000
-0.00175155000000000
-0.000828528000000000
-0.000582060000000000
-0.000720936000000000
-0.000667891000000000
-0.000483559000000000
-0.000654963000000000
-0.00128703000000000
-0.00205708000000000
-0.00247349000000000
-0.00229996000000000
-0.00171697000000000
-0.00120399000000000
-0.00100735000000000
-0.000942922000000000
-0.000672630000000000
-9.36622000000000e-05
0.000717714000000000
0.00172671000000000
0.00291166000000000
0.00395716000000000
0.00437608000000000
0.00403720000000000
0.00348814000000000
0.00324904000000000
0.00308504000000000
0.00232051000000000
0.000913285000000000
-0.000518228000000000
-0.00139133000000000
-0.00156679000000000
-0.00113563000000000
-0.000395860000000000
0.000300737000000000
0.000908346000000000
0.00164346000000000
0.00229409000000000
0.00222194000000000
0.00148955000000000
0.00107986000000000
0.00148475000000000
0.00179829000000000
0.00116176000000000
9.29392000000000e-05
-0.000124107000000000
0.000820582000000000
0.00207669000000000
0.00252302000000000
0.00184762000000000
0.000752004000000000
0.000365465000000000
0.000859239000000000
0.00116641000000000
0.000394700000000000
-0.000895819000000000
-0.00166651000000000
-0.00181999000000000
-0.00187031000000000
-0.00169493000000000
-0.000876992000000000
0.000200267000000000
0.000685666000000000
0.000516724000000000
0.000242932000000000
-6.52371000000000e-05
-0.000578309000000000
-0.000792521000000000
-8.52295000000000e-05
0.000926171000000000
0.000967547000000000
-1.29720000000000e-05
-0.000687899000000000
-0.000345528000000000
0.000234342000000000
0.000134502000000000
-0.000497446000000000
-0.00107643000000000
-0.00135690000000000
-0.00121380000000000
-0.000562825000000000
6.93297000000000e-05
-0.000155591000000000
-0.00116591000000000
-0.00190846000000000
-0.00170323000000000
-0.000926529000000000
-0.000127178000000000
0.000577808000000000
0.00107342000000000
0.000988235000000000
0.000421494000000000
2.11699000000000e-05
0.000111594000000000
0.000307316000000000
0.000181877000000000
-0.000263735000000000
-0.000891595000000000
-0.00155992000000000
-0.00198306000000000
-0.00174725000000000
-0.000913214000000000
-5.32566000000000e-05
0.000316908000000000
0.000189300000000000
-0.000185563000000000
-0.000490324000000000
-0.000368679000000000
0.000247377000000000
0.000852867000000000
0.000783287000000000
4.56249000000000e-05
-0.000694993000000000
-0.00104350000000000
-0.00130672000000000
-0.00172843000000000
-0.00185585000000000
-0.00124243000000000
-0.000335434000000000
7.29311000000000e-05
-6.53395000000000e-05
-0.000117106000000000
5.86942000000000e-05
4.21115000000000e-06
-0.000432168000000000
-0.000651627000000000
-0.000244292000000000
0.000398938000000000
0.000689481000000000
0.000592404000000000
0.000434079000000000
0.000297688000000000
0.000188813000000000
0.000330101000000000
0.000934546000000000
0.00158640000000000
0.00154495000000000
0.000708559000000000
-0.000123327000000000
-0.000343667000000000
-0.000349902000000000
-0.000713849000000000
-0.00105875000000000
-0.000671449000000000
0.000108953000000000
0.000237942000000000
-0.000453815000000000
-0.00108803000000000
-0.00113563000000000
-0.000883864000000000
-0.000604688000000000
-0.000189730000000000
0.000247836000000000
0.000340911000000000
6.30609000000000e-05
-0.000220984000000000
-0.000250362000000000
-7.16641000000000e-05
0.000180545000000000
0.000254693000000000
5.29810000000000e-05
-0.000152620000000000
-1.64016000000000e-05
0.000265925000000000
0.000362229000000000
0.000305676000000000
0.000185635000000000
-0.000236661000000000
-0.000868974000000000
-0.00105080000000000
-0.000479328000000000
0.000203753000000000
0.000449348000000000
0.000423119000000000
0.000322284000000000
-6.91070000000000e-05
-0.000600522000000000
-0.000668385000000000
-0.000211220000000000
0.000209960000000000
0.000459907000000000
0.000891380000000000
0.00129211000000000
0.00108939000000000
0.000422368000000000
2.80443000000000e-05
5.47986000000000e-05
5.01212000000000e-05
-0.000174418000000000
-0.000335757000000000
-0.000301202000000000
-0.000218700000000000
-0.000232344000000000
-0.000338964000000000
-0.000399332000000000
-0.000225043000000000
0.000141710000000000
0.000334905000000000
0.000241085000000000
0.000254829000000000
0.000651920000000000
0.00107321000000000
0.00109590000000000
0.000796745000000000
0.000466371000000000
0.000200317000000000
4.15825000000000e-05
5.30598000000000e-05
0.000144552000000000
0.000171504000000000
0.000279920000000000
0.000517433000000000
0.000401722000000000
-0.000494483000000000
-0.00161847000000000
-0.00201298000000000
-0.00157659000000000
-0.00102589000000000
-0.000804547000000000
-0.000723370000000000
-0.000623558000000000
-0.000496917000000000
-0.000208091000000000
0.000319414000000000
0.000556247000000000
6.59308000000000e-05
-0.000591731000000000
-0.000423005000000000
0.000410542000000000
0.000776557000000000
0.000284895000000000
-0.000202909000000000
-0.000117063000000000
2.12150000000000e-05
-0.000203782000000000
-0.000291402000000000
0.000123664000000000
0.000485191000000000
0.000303192000000000
2.23224000000000e-05
8.28171000000000e-05
-2.63062000000000e-06
-0.000706569000000000
-0.00139713000000000
-0.00126720000000000
-0.000677004000000000
-0.000392016000000000
-0.000262432000000000
0.000273442000000000
0.000906127000000000
0.00104285000000000
0.000989882000000000
0.00147029000000000
0.00221757000000000
0.00230741000000000
0.00152112000000000
0.000511384000000000
-0.000205521000000000
-0.000496007000000000
-0.000303429000000000
0.000159463000000000
0.000384664000000000
0.000281187000000000
0.000281667000000000
0.000409726000000000
0.000148783000000000
-0.000499794000000000
-0.000818578000000000
-0.000519409000000000
-4.27235000000000e-05
0.000436227000000000
0.00106233000000000
0.00141653000000000
0.000976137000000000
0.000400126000000000
0.000814283000000000
0.00186358000000000
0.00219359000000000
0.00162184000000000
0.00126599000000000
0.00144509000000000
0.00145053000000000
0.00110871000000000
0.000995966000000000
0.000967332000000000
0.000332850000000000
-0.000654934000000000
-0.000965471000000000
-0.000428925000000000
0.000211964000000000
0.000550806000000000
0.000588825000000000
-9.30036000000000e-06
-0.00131767000000000
-0.00240534000000000
-0.00240326000000000
-0.00183416000000000
-0.00164467000000000
-0.00170867000000000
-0.00141345000000000
-0.00104686000000000
-0.00125052000000000
-0.00167732000000000
-0.00139155000000000
-0.000375293000000000
0.000455676000000000
0.000459120000000000
-0.000204126000000000
-0.00102159000000000
-0.00140178000000000
-0.000975135000000000
-2.78610000000000e-05
0.000477710000000000
-5.61422000000000e-06
-0.000921804000000000
-0.00126642000000000
-0.000840412000000000
-0.000191312000000000
0.000212186000000000
0.000258437000000000
-0.000171397000000000
-0.00105789000000000
-0.00179278000000000
-0.00162484000000000
-0.000644862000000000
0.000274966000000000
0.000634153000000000
0.000757587000000000
0.00103555000000000
0.00137444000000000
0.00156987000000000
0.00168011000000000
0.00166887000000000
0.00121530000000000
0.000209051000000000
-0.000859382000000000
-0.00139026000000000
-0.00133385000000000
-0.00108108000000000
-0.000874629000000000
-0.000715810000000000
-0.000668965000000000
-0.000831893000000000
-0.00104379000000000
-0.00103097000000000
-0.000724229000000000
-0.000228715000000000
0.000335055000000000
0.000653509000000000
0.000312670000000000
-0.000560076000000000
-0.00109296000000000
-0.000747923000000000
-3.09843000000000e-06
0.000400455000000000
0.000486479000000000
0.000596406000000000
0.000712646000000000
0.000621690000000000
0.000377899000000000
9.40416000000000e-05
-0.000206831000000000
-0.000366030000000000
-0.000232194000000000
4.15359000000000e-05
0.000176794000000000
0.000237277000000000
0.000336086000000000
0.000324017000000000
0.000104157000000000
-1.16985000000000e-05
0.000185384000000000
0.000406290000000000
0.000384456000000000
0.000296821000000000
0.000321368000000000
0.000324217000000000
0.000262525000000000
0.000378980000000000
0.000711973000000000
0.000985658000000000
0.00104357000000000
0.000988021000000000
0.000783430000000000
0.000379932000000000
8.69833000000000e-05
0.000226940000000000
0.000476458000000000
0.000319407000000000
-2.73542000000000e-05
2.12150000000000e-05
0.000304266000000000
0.000122189000000000
-0.000473487000000000
-0.000671664000000000
-0.000259110000000000
4.41524000000000e-05
-0.000139369000000000
-0.000263878000000000
8.17433000000000e-05
0.000464224000000000
0.000399260000000000
5.86033000000000e-05
-0.000117586000000000
-4.04829000000000e-05
0.000155261000000000
0.000316257000000000
0.000346573000000000
0.000220361000000000
0.000121752000000000
0.000176257000000000
0.000176243000000000
-0.000124515000000000
-0.000558738000000000
-0.000806552000000000
-0.000926457000000000
-0.00103784000000000
-0.000888374000000000
-0.000277672000000000
0.000328634000000000
0.000336215000000000
-3.37954000000000e-05
2.73749000000000e-06
0.000633351000000000
0.00120077000000000
0.00119168000000000
0.000832967000000000
0.000539073000000000
0.000370640000000000
0.000234471000000000
0.000173566000000000
0.000225666000000000
0.000274444000000000
0.000243440000000000
0.000242180000000000
0.000347912000000000
0.000395115000000000
0.000281345000000000
0.000221714000000000
0.000377247000000000
0.000451159000000000
0.000117744000000000
-0.000374348000000000
-0.000565359000000000
-0.000563856000000000
-0.000718931000000000
-0.000785792000000000
-0.000321812000000000
0.000321984000000000
0.000438933000000000
0.000154130000000000
0.000166164000000000
0.000512107000000000
0.000571430000000000
0.000266075000000000
0.000160566000000000
0.000432633000000000
0.000601345000000000
0.000374391000000000
-3.06500000000000e-05
-0.000351563000000000
-0.000483931000000000
-0.000407399000000000
-0.000236568000000000
-0.000248823000000000
-0.000401221000000000
-0.000321583000000000
0.000109432000000000
0.000446957000000000
0.000361076000000000
8.23016000000000e-05
-9.07058000000000e-06
0.000102596000000000
0.000193960000000000
0.000181705000000000
0.000141968000000000
0.000146328000000000
0.000150637000000000
8.57449000000000e-05
7.68039000000000e-06
0.000108695000000000
0.000372945000000000
0.000414021000000000
-5.02006000000000e-05
-0.000655507000000000
-0.000906198000000000
-0.000918225000000000
-0.00114966000000000
-0.00144094000000000
-0.00129491000000000
-0.000745418000000000
-0.000278066000000000
3.46974000000000e-05
0.000362487000000000
0.000613565000000000
0.000630702000000000
0.000576269000000000
0.000469528000000000
5.26682000000000e-05
-0.000573162000000000
-0.000760021000000000
-0.000332893000000000
-2.76190000000000e-05
-0.000274072000000000
-0.000534463000000000
-0.000278102000000000
0.000123270000000000
0.000253233000000000
0.000236876000000000
0.000292548000000000
0.000209774000000000
-0.000105545000000000
-0.000302112000000000
-2.65574000000000e-05
0.000514333000000000
0.000878137000000000
0.000929321000000000
0.000910923000000000
0.000993461000000000
0.00102975000000000
0.000770330000000000
0.000302498000000000
1.02431000000000e-05
7.17929000000000e-05
0.000255323000000000
0.000197024000000000
-0.000273964000000000
-0.000979287000000000
-0.00137007000000000
-0.00100062000000000
-0.000202665000000000
0.000112754000000000
-0.000419132000000000
-0.00106827000000000
-0.00106054000000000
-0.000605841000000000
-0.000349093000000000
-0.000292741000000000
-1.12539000000000e-05
0.000436370000000000
0.000587665000000000
0.000328169000000000
8.17433000000000e-05
0.000104550000000000
0.000217397000000000
0.000218528000000000
0.000220919000000000
0.000289699000000000
0.000269547000000000
0.000158669000000000
0.000259296000000000
0.000610694000000000
0.000808413000000000
0.000650517000000000
0.000475341000000000
0.000432862000000000
0.000163558000000000
-0.000514956000000000
-0.00110270000000000
-0.00121008000000000
-0.00108552000000000
-0.000983224000000000
-0.000646458000000000
-4.82521000000000e-05
0.000288160000000000
0.000159120000000000
4.88276000000000e-05
0.000207977000000000
0.000321848000000000
0.000311317000000000
0.000621289000000000
0.00123599000000000
0.00144431000000000
0.000923665000000000
0.000290414000000000
9.33401000000000e-05
0.000170008000000000
0.000252181000000000
0.000345492000000000
0.000353853000000000
3.94342000000000e-05
-0.000427536000000000
-0.000614818000000000
-0.000539066000000000
-0.000577665000000000
-0.000682437000000000
-0.000451983000000000
5.71573000000000e-05
0.000345972000000000
0.000262281000000000
0.000145018000000000
0.000216109000000000
0.000290278000000000
0.000170352000000000
-9.32971000000000e-05
-0.000272804000000000
-0.000195542000000000
7.50214000000000e-05
0.000147373000000000
-0.000262253000000000
-0.000890521000000000
-0.00117958000000000
-0.00101873000000000
-0.000871050000000000
-0.00111995000000000
-0.00151739000000000
-0.00151160000000000
-0.000952371000000000
-0.000330345000000000
-0.000167903000000000
-0.000399732000000000
-0.000542631000000000
-0.000428259000000000
-0.000327803000000000
-0.000397520000000000
-0.000496158000000000
-0.000504884000000000
-0.000528378000000000
-0.000583435000000000
-0.000547427000000000
-0.000333230000000000
3.04660000000000e-05
0.000483902000000000
0.000794167000000000
0.000711107000000000
0.000434086000000000
0.000474160000000000
0.000868974000000000
0.00113978000000000
0.00104694000000000
0.000833253000000000
0.000595303000000000
0.000172614000000000
-0.000342378000000000
-0.000567027000000000
-0.000474467000000000
-0.000401608000000000
-0.000478211000000000
-0.000515930000000000
-0.000406755000000000
-0.000175133000000000
0.000180016000000000
0.000595160000000000
0.000881000000000000
0.000892669000000000
0.000593893000000000
3.26307000000000e-06
-0.000601467000000000
-0.000777989000000000
-0.000480703000000000
-0.000294416000000000
-0.000504612000000000
-0.000664727000000000
-0.000394063000000000
-0.000133872000000000
-0.000304774000000000
-0.000579469000000000
-0.000401651000000000
0.000205450000000000
0.000826596000000000
0.00110141000000000
0.000838908000000000
0.000171304000000000
-0.000320566000000000
-0.000199888000000000
0.000173566000000000
0.000212208000000000
1.78383000000000e-05
5.95611000000000e-05
0.000262575000000000
0.000271487000000000
0.000220783000000000
0.000498083000000000
0.000922949000000000
0.000966760000000000
0.000584272000000000
0.000173022000000000
-0.000109261000000000
-0.000372537000000000
-0.000560513000000000
-0.000505521000000000
-0.000279841000000000
-7.75341000000000e-06
0.000367999000000000
0.000844564000000000
0.00104393000000000
0.000755726000000000
0.000339257000000000
0.000222559000000000
0.000213253000000000
-6.99202000000000e-05
-0.000506702000000000
-0.000675221000000000
-0.000495270000000000
-0.000202787000000000
4.18788000000000e-05
0.000184354000000000
0.000213761000000000
0.000268116000000000
0.000504440000000000
0.000744273000000000
0.000673818000000000
0.000348828000000000
7.89157000000000e-05
-6.63002000000000e-05
-0.000202844000000000
-0.000268724000000000
-0.000268216000000000
-0.000319807000000000
-0.000270714000000000
0.000232302000000000
0.000837190000000000
0.000695788000000000
-0.000179085000000000
-0.000734394000000000
-0.000463701000000000
-9.68120000000000e-05
-0.000176000000000000
-0.000239524000000000
7.96601000000000e-05
0.000266312000000000
1.58261000000000e-05
-0.000141610000000000
0.000142448000000000
0.000385916000000000
0.000257342000000000
0.000163959000000000
0.000339644000000000
0.000250928000000000
-0.000449040000000000
-0.00114315000000000
-0.00108445000000000
-0.000422625000000000
0.000153300000000000
0.000330660000000000
0.000277515000000000
0.000196079000000000
0.000236826000000000
0.000450644000000000
0.000637861000000000
0.000506208000000000
0.000212079000000000
0.000157330000000000
0.000339637000000000
0.000331612000000000
9.14144000000000e-05
4.88749000000000e-05
0.000266956000000000
0.000188828000000000
-0.000360754000000000
-0.000753292000000000
-0.000493488000000000
6.35391000000000e-05
0.000403741000000000
0.000492879000000000
0.000469585000000000
0.000277243000000000
3.95767000000000e-05
9.94320000000000e-05
0.000424895000000000
0.000550126000000000
0.000272217000000000
-8.35902000000000e-05
-0.000276527000000000
-0.000315956000000000
-0.000174074000000000
0.000161747000000000
0.000299091000000000
-4.95943000000000e-05
-0.000450558000000000
-0.000303751000000000
0.000157516000000000
0.000291152000000000
0.000111244000000000
5.48551000000000e-05
2.97995000000000e-05
-0.000295103000000000
-0.000590844000000000
-0.000301403000000000
0.000289835000000000
0.000341054000000000
-0.000250878000000000
-0.000812851000000000
-0.000910064000000000
-0.000719146000000000
-0.000387957000000000
3.26551000000000e-05
0.000232781000000000
-0.000137258000000000
-0.000859095000000000
-0.00127551000000000
-0.00103226000000000
-0.000358098000000000
0.000294581000000000
0.000687613000000000
0.000842273000000000
0.000806910000000000
0.000561121000000000
0.000232509000000000
0.000103047000000000
0.000123506000000000
-0.000188384000000000
-0.000867471000000000
-0.00111329000000000
-0.000511814000000000
6.54404000000000e-05
-0.000190503000000000
-0.000537334000000000
6.29707000000000e-05
0.00105903000000000
0.00115467000000000
0.000439054000000000
2.27527000000000e-05
0.000181669000000000
0.000339808000000000
0.000340932000000000
0.000354763000000000
0.000184740000000000
-0.000267765000000000
-0.000465884000000000
-0.000168991000000000
2.34320000000000e-05
-0.000260957000000000