-0.000108127000000000
-0.000108667000000000
-0.000108794000000000
-0.000109605000000000
-0.000109414000000000
-0.000109042000000000
-0.000107515000000000
-0.000106093000000000
-0.000104575000000000
-0.000105172000000000
-0.000106862000000000
-0.000110292000000000
-0.000112067000000000
-0.000112806000000000
-0.000111989000000000
-0.000113150000000000
-0.000114015000000000
-0.000116065000000000
-0.000119871000000000
-0.000129169000000000
-0.000144218000000000
-0.000165025000000000
-0.000184551000000000
-0.000200369000000000
-0.000209255000000000
-0.000217815000000000
-0.000228410000000000
-0.000246923000000000
-0.000260486000000000
-0.000263623000000000
-0.000259931000000000
-0.000260206000000000
-0.000266933000000000
-0.000278826000000000
-0.000296299000000000
-0.000308668000000000
-0.000308040000000000
-0.000294541000000000
-0.000284921000000000
-0.000302653000000000
-0.000340007000000000
-0.000381445000000000
-0.000408774000000000
-0.000425791000000000
-0.000437865000000000
-0.000445048000000000
-0.000444870000000000
-0.000432163000000000
-0.000404342000000000
-0.000370379000000000
-0.000352593000000000
-0.000351473000000000
-0.000344474000000000
-0.000332321000000000
-0.000327345000000000
-0.000336072000000000
-0.000321941000000000
-0.000261149000000000
-0.000167745000000000
-8.09465000000000e-05
4.85970000000000e-07
7.96888000000000e-05
0.000166134000000000
0.000272882000000000
0.000406651000000000
0.000530519000000000
0.000620779000000000
0.000660570000000000
0.000696138000000000
0.000766585000000000
0.000810763000000000
0.000776374000000000
0.000701482000000000
0.000616718000000000
0.000563309000000000
0.000581254000000000
0.000731799000000000
0.000977322000000000
0.00131238000000000
0.00167873000000000
0.00204612000000000
0.00230871000000000
0.00243984000000000
0.00249876000000000
0.00256221000000000
0.00261369000000000
0.00262940000000000
0.00261833000000000
0.00259758000000000
0.00262655000000000
0.00266524000000000
0.00270122000000000
0.00266027000000000
0.00250955000000000
0.00234336000000000
0.00206506000000000
0.00169938000000000
0.00127668000000000
0.000892076000000000
0.000535796000000000
0.000277814000000000
0.000163729000000000
0.000154539000000000
0.000248856000000000
0.000411973000000000
0.000622375000000000
0.000826837000000000
0.00105443000000000
0.00126435000000000
0.00151769000000000
0.00172927000000000
0.00182798000000000
0.00174733000000000
0.00147829000000000
0.00109739000000000
0.000702662000000000
0.000466849000000000
0.000393378000000000
0.000371503000000000
0.000299353000000000
0.000177759000000000
-5.16674000000000e-06
-0.000240886000000000
-0.000472875000000000
-0.000646544000000000
-0.000825298000000000
-0.00104502000000000
-0.00125143000000000
-0.00137372000000000
-0.00144398000000000
-0.00138628000000000
-0.00111161000000000
-0.000634606000000000
-4.66946000000000e-05
0.000421008000000000
0.000466179000000000
0.000257296000000000
0.000124859000000000
0.000207219000000000
0.000545832000000000
0.00104539000000000
0.00141745000000000
0.00150264000000000
0.00132732000000000
0.00113122000000000
0.00106508000000000
0.00121301000000000
0.00146739000000000
0.00182437000000000
0.00212551000000000
0.00221831000000000
0.00220601000000000
0.00205514000000000
0.00182849000000000
0.00129267000000000
0.000331112000000000
-0.000944731000000000
-0.00238729000000000
-0.00381690000000000
-0.00510884000000000
-0.00622031000000000
-0.00724254000000000
-0.00819464000000000
-0.00909639000000000
-0.00980760000000000
-0.0101523000000000
-0.00993069000000000
-0.00917708000000000
-0.00832090000000000
-0.00758121000000000
-0.00708170000000000
-0.00670573000000000
-0.00648083000000000
-0.00646267000000000
-0.00664062000000000
-0.00706133000000000
-0.00766073000000000
-0.00826878000000000
-0.00848938000000000
-0.00837219000000000
-0.00805862000000000
-0.00765378000000000
-0.00712932000000000
-0.00654465000000000
-0.00595400000000000
-0.00538543000000000
-0.00475149000000000
-0.00393757000000000
-0.00295747000000000
-0.00182881000000000
-0.000699267000000000
0.000276660000000000
0.00106689000000000
0.00161537000000000
0.00201476000000000
0.00243561000000000
0.00313792000000000
0.00397922000000000
0.00490667000000000
0.00580356000000000
0.00665672000000000
0.00747260000000000
0.00816509000000000
0.00868362000000000
0.00899673000000000
0.00909839000000000
0.00900676000000000
0.00889357000000000
0.00878240000000000
0.00859556000000000
0.00818402000000000
0.00743908000000000
0.00640431000000000
0.00530779000000000
0.00432694000000000
0.00341861000000000
0.00247043000000000
0.00149805000000000
0.000476456000000000
-0.000597394000000000
-0.00149215000000000
-0.00219809000000000
-0.00283217000000000
-0.00332784000000000
-0.00353542000000000
-0.00353516000000000
-0.00351601000000000
-0.00357144000000000
-0.00368679000000000
-0.00373457000000000
-0.00368658000000000
-0.00358762000000000
-0.00358741000000000
-0.00369997000000000
-0.00385590000000000
-0.00402767000000000
-0.00420730000000000
-0.00435912000000000
-0.00440096000000000
-0.00418524000000000
-0.00357062000000000
-0.00277967000000000
-0.00202794000000000
-0.00136976000000000
-0.000652495000000000
0.000216486000000000
0.00117027000000000
0.00227400000000000
0.00348671000000000
0.00478850000000000
0.00598576000000000
0.00707402000000000
0.00816023000000000
0.00918819000000000
0.00998919000000000
0.0104975000000000
0.0106774000000000
0.0104678000000000
0.0100358000000000
0.00964137000000000
0.00948532000000000
0.00949491000000000
0.00958397000000000
0.00984935000000000
0.0100332000000000
0.0102871000000000
0.0104407000000000
0.0105274000000000
0.0105978000000000
0.0104757000000000
0.00994874000000000
0.00876586000000000
0.00721910000000000
0.00565631000000000
0.00426349000000000
0.00305791000000000
0.00206758000000000
0.00134774000000000
0.000723836000000000
0.000390741000000000
0.000292808000000000
0.000436917000000000
0.000693302000000000
0.000944204000000000
0.00122597000000000
0.00151469000000000
0.00177315000000000
0.00187508000000000
0.00185521000000000
0.00163258000000000
0.00123373000000000
0.000593409000000000
-0.000391213000000000
-0.00170029000000000
-0.00331094000000000
-0.00504838000000000
-0.00682614000000000
-0.00850356000000000
-0.0100434000000000
-0.0113523000000000
-0.0122258000000000
-0.0125301000000000
-0.0121363000000000
-0.0113910000000000
-0.0106512000000000
-0.0101442000000000
-0.00974761000000000
-0.00933031000000000
-0.00876378000000000
-0.00797609000000000
-0.00705020000000000
-0.00609148000000000
-0.00528781000000000
-0.00480737000000000
-0.00477642000000000
-0.00511521000000000
-0.00568421000000000
-0.00646415000000000
-0.00743833000000000
-0.00855252000000000
-0.00973996000000000
-0.0108211000000000
-0.0116340000000000
-0.0120958000000000
-0.0121848000000000
-0.0119505000000000
-0.0114346000000000
-0.0106883000000000
-0.00972751000000000
-0.00868668000000000
-0.00759204000000000
-0.00645560000000000
-0.00528767000000000
-0.00419095000000000
-0.00336876000000000
-0.00293647000000000
-0.00286694000000000
-0.00287105000000000
-0.00270591000000000
-0.00218642000000000
-0.00133164000000000
-0.000416815000000000
0.000300261000000000
0.000836377000000000
0.00129427000000000
0.00181652000000000
0.00256572000000000
0.00352642000000000
0.00463317000000000
0.00568017000000000
0.00641898000000000
0.00679626000000000
0.00689547000000000
0.00684328000000000
0.00676625000000000
0.00676439000000000
0.00691059000000000
0.00723230000000000
0.00769925000000000
0.00842224000000000
0.00938062000000000
0.0103898000000000
0.0114116000000000
0.0123476000000000
0.0132608000000000
0.0141296000000000
0.0149884000000000
0.0154130000000000
0.0154094000000000
0.0148659000000000
0.0139968000000000
0.0130570000000000
0.0120805000000000
0.0110308000000000
0.00971804000000000
0.00833360000000000
0.00680359000000000
0.00521059000000000
0.00333408000000000
0.00138267000000000
-0.000310960000000000
-0.00131930000000000
-0.00164724000000000
-0.00168704000000000
-0.00186175000000000
-0.00229349000000000
-0.00271369000000000
-0.00289247000000000
-0.00291863000000000
-0.00306138000000000
-0.00324386000000000
-0.00349381000000000
-0.00377544000000000
-0.00409741000000000
-0.00452874000000000
-0.00484137000000000
-0.00503894000000000
-0.00509086000000000
-0.00504832000000000
-0.00495166000000000
-0.00483258000000000
-0.00457153000000000
-0.00403371000000000
-0.00327876000000000
-0.00241628000000000
-0.00147311000000000
-0.000289034000000000
0.00105221000000000
0.00220257000000000
0.00295691000000000
0.00327706000000000
0.00318480000000000
0.00270334000000000
0.00190147000000000
0.000963475000000000
6.71638000000000e-05
-0.000738355000000000
-0.00134161000000000
-0.00159136000000000
-0.00141583000000000
-0.000961052000000000
-0.000367901000000000
0.000309190000000000
0.00100326000000000
0.00169200000000000
0.00243284000000000
0.00316866000000000
0.00381778000000000
0.00426575000000000
0.00449202000000000
0.00443300000000000
0.00422543000000000
0.00408433000000000
0.00396738000000000
0.00382444000000000
0.00361952000000000
0.00338146000000000
0.00324582000000000
0.00325921000000000
0.00344352000000000
0.00352249000000000
0.00326408000000000
0.00262235000000000
0.00192911000000000
0.00121487000000000
0.000586182000000000
7.03145000000000e-05
-0.000296769000000000
-0.000404742000000000
-0.000251345000000000
0.000195791000000000
0.000834479000000000
0.00169039000000000
0.00253734000000000
0.00324806000000000
0.00384974000000000
0.00431046000000000
0.00446199000000000
0.00444294000000000
0.00429706000000000
0.00370264000000000
0.00276317000000000
0.00168458000000000
0.000716255000000000
-0.000188082000000000
-0.00112897000000000
-0.00213110000000000
-0.00312103000000000
-0.00391106000000000
-0.00450531000000000
-0.00494839000000000
-0.00525249000000000
-0.00527476000000000
-0.00503527000000000
-0.00450108000000000
-0.00390999000000000
-0.00321859000000000
-0.00243708000000000
-0.00191200000000000
-0.00160453000000000
-0.00122419000000000
-0.000739132000000000
-0.000149504000000000
0.000464775000000000
0.000788198000000000
0.000940586000000000
0.00108903000000000
0.000920957000000000
0.000425007000000000
-0.000342786000000000
-0.00126473000000000
-0.00227260000000000
-0.00328802000000000
-0.00427922000000000
-0.00519564000000000
-0.00600571000000000
-0.00664516000000000
-0.00706414000000000
-0.00725764000000000
-0.00706978000000000
-0.00665872000000000
-0.00611741000000000
-0.00553456000000000
-0.00509608000000000
-0.00483755000000000
-0.00467398000000000
-0.00454725000000000
-0.00441980000000000
-0.00437165000000000
-0.00447745000000000
-0.00463194000000000
-0.00475512000000000
-0.00489413000000000
-0.00507777000000000
-0.00540589000000000
-0.00587351000000000
-0.00639182000000000
-0.00675839000000000
-0.00711923000000000
-0.00738870000000000
-0.00759109000000000
-0.00745483000000000
-0.00689528000000000
-0.00615903000000000
-0.00539480000000000
-0.00455119000000000
-0.00356618000000000
-0.00268436000000000
-0.00182585000000000
-0.000906454000000000
9.69132000000000e-05
0.00118377000000000
0.00229473000000000
0.00347170000000000
0.00443222000000000
0.00524535000000000
0.00591979000000000
0.00648556000000000
0.00696988000000000
0.00746089000000000
0.00786130000000000
0.00826013000000000
0.00868172000000000
0.00912620000000000
0.00936727000000000
0.00920656000000000
0.00879704000000000
0.00834282000000000
0.00810472000000000
0.00832652000000000
0.00881070000000000
0.00960508000000000
0.0105445000000000
0.0114843000000000
0.0121757000000000
0.0125083000000000
0.0125812000000000
0.0124421000000000
0.0121547000000000
0.0117154000000000
0.0111221000000000
0.0102384000000000
0.00918167000000000
0.00818196000000000
0.00739773000000000
0.00696340000000000
0.00665869000000000
0.00642326000000000
0.00613724000000000
0.00595399000000000
0.00595074000000000
0.00595281000000000
0.00596840000000000
0.00582962000000000
0.00551448000000000
0.00494866000000000
0.00421831000000000
0.00320977000000000
0.00190233000000000
0.000423385000000000
-0.000908764000000000
-0.00176521000000000
-0.00244571000000000
-0.00311745000000000
-0.00384574000000000
-0.00459757000000000
-0.00529967000000000
-0.00587848000000000
-0.00636745000000000
-0.00686948000000000
-0.00742948000000000
-0.00817727000000000
-0.00895938000000000
-0.00954565000000000
-0.00985367000000000
-0.00983094000000000
-0.00945960000000000
-0.00875837000000000
-0.00781184000000000
-0.00669209000000000
-0.00570583000000000
-0.00482718000000000
-0.00400740000000000
-0.00323958000000000
-0.00251040000000000
-0.00182560000000000
-0.00122483000000000
-0.000885119000000000
-0.000688514000000000
-0.000764539000000000
-0.00103608000000000
-0.00139453000000000
-0.00179903000000000
-0.00217492000000000
-0.00263656000000000
-0.00312686000000000
-0.00359987000000000
-0.00403262000000000
-0.00447895000000000
-0.00482847000000000
-0.00495087000000000
-0.00475885000000000
-0.00420617000000000
-0.00355808000000000
-0.00286825000000000
-0.00205353000000000
-0.00111529000000000
-0.000187839000000000
0.000619186000000000
0.00140309000000000
0.00231231000000000
0.00355065000000000
0.00498275000000000
0.00643304000000000
0.00765613000000000
0.00857104000000000
0.00921285000000000
0.00961711000000000
0.00958314000000000
0.00886027000000000
0.00755726000000000
0.00583995000000000
0.00386584000000000
0.00171228000000000
-0.000566991000000000
-0.00289136000000000
-0.00508279000000000
-0.00712393000000000
-0.00905521000000000
-0.0109221000000000
-0.0127110000000000
-0.0143541000000000
-0.0157044000000000
-0.0166575000000000
-0.0172581000000000
-0.0177686000000000
-0.0182503000000000
-0.0187285000000000
-0.0192121000000000
-0.0197188000000000
-0.0202759000000000
-0.0209419000000000
-0.0215674000000000
-0.0220825000000000
-0.0224594000000000
-0.0226681000000000
-0.0227345000000000
-0.0225697000000000
-0.0220621000000000
-0.0210746000000000
-0.0196461000000000
-0.0178737000000000
-0.0157812000000000
-0.0133483000000000
-0.0105708000000000
-0.00751271000000000
-0.00426381000000000
-0.000940810000000000
0.00233879000000000
0.00536602000000000
0.00810446000000000
0.0105339000000000
0.0126971000000000
0.0145327000000000
0.0159568000000000
0.0169565000000000
0.0176197000000000
0.0180611000000000
0.0181536000000000
0.0177254000000000
0.0167661000000000
0.0154889000000000
0.0140623000000000
0.0125539000000000
0.0109411000000000
0.00946685000000000
0.00833554000000000
0.00738355000000000
0.00647051000000000
0.00548901000000000
0.00444437000000000
0.00346841000000000
0.00270855000000000
0.00219327000000000
0.00189513000000000
0.00170933000000000
0.00179548000000000
0.00227813000000000
0.00302406000000000
0.00385941000000000
0.00469140000000000
0.00567967000000000
0.00693680000000000
0.00845959000000000
0.0100193000000000
0.0113597000000000
0.0124054000000000
0.0131388000000000
0.0136095000000000
0.0137789000000000
0.0134250000000000
0.0124660000000000
0.0112283000000000
0.0100199000000000
0.00889791000000000
0.00771355000000000
0.00633662000000000
0.00485280000000000
0.00345555000000000
0.00223427000000000
0.00109466000000000
0.000106673000000000
-0.000625161000000000
-0.00117473000000000
-0.00170138000000000
-0.00222885000000000
-0.00273865000000000
-0.00310773000000000
-0.00329337000000000
-0.00348198000000000
-0.00370599000000000
-0.00397949000000000
-0.00428062000000000
-0.00444526000000000
-0.00419836000000000
-0.00332451000000000
-0.00192217000000000
-0.000347685000000000
0.000999169000000000
0.00199692000000000
0.00266273000000000
0.00332409000000000
0.00428822000000000
0.00545310000000000
0.00652250000000000
0.00719989000000000
0.00731207000000000
0.00700040000000000
0.00668405000000000
0.00635616000000000
0.00573279000000000
0.00467626000000000
0.00319284000000000
0.00132879000000000
-0.000789520000000000
-0.00301971000000000
-0.00549874000000000
-0.00846139000000000
-0.0122105000000000
-0.0168188000000000
-0.0221869000000000
-0.0282591000000000
-0.0347511000000000
-0.0415373000000000
-0.0485483000000000
-0.0556704000000000
-0.0625622000000000
-0.0689825000000000
-0.0750707000000000
-0.0810067000000000
-0.0868561000000000
-0.0926447000000000
-0.0983239000000000
-0.103575000000000
-0.108444000000000
-0.113000000000000
-0.117345000000000
-0.121699000000000
-0.126267000000000
-0.131145000000000
-0.136128000000000
-0.140968000000000
-0.145604000000000
-0.150286000000000
-0.155054000000000
-0.159915000000000
-0.164982000000000
-0.170306000000000
-0.176112000000000
-0.182400000000000
-0.188750000000000
-0.194516000000000
-0.199584000000000
-0.204099000000000
-0.208273000000000
-0.212090000000000
-0.215277000000000
-0.217232000000000
-0.216875000000000
-0.212965000000000
-0.203958000000000
-0.188648000000000
-0.166501000000000
-0.138148000000000
-0.105105000000000
-0.0693278000000000
-0.0328486000000000
0.00253838000000000
0.0360047000000000
0.0678616000000000
0.0986509000000000
0.128945000000000
0.159045000000000
0.189156000000000
0.219131000000000
0.248471000000000
0.276237000000000
0.301137000000000
0.322292000000000
0.339326000000000
0.351881000000000
0.359816000000000
0.363432000000000
0.362871000000000
0.358579000000000
0.350953000000000
0.340606000000000
0.328311000000000
0.315044000000000
0.301981000000000
0.290119000000000
0.279401000000000
0.268799000000000
0.257541000000000
0.245157000000000
0.231870000000000
0.218240000000000
0.204615000000000
0.191571000000000
0.179085000000000
0.167141000000000
0.155355000000000
0.143456000000000
0.131335000000000
0.118872000000000
0.106757000000000
0.0952579000000000
0.0848277000000000
0.0757377000000000
0.0680060000000000
0.0612153000000000
0.0551309000000000
0.0497983000000000
0.0450292000000000
0.0409163000000000
0.0372682000000000
0.0339786000000000
0.0305860000000000
0.0270058000000000
0.0230957000000000
0.0187557000000000
0.0138861000000000
0.00846148000000000
0.00288172000000000
-0.00299820000000000
-0.00893336000000000
-0.0148199000000000
-0.0205976000000000
-0.0261252000000000
-0.0311571000000000
-0.0356174000000000
-0.0393716000000000
-0.0423974000000000
-0.0446761000000000
-0.0461558000000000
-0.0470894000000000
-0.0476720000000000
-0.0473492000000000
-0.0459546000000000
-0.0432965000000000
-0.0393242000000000
-0.0340860000000000
-0.0276955000000000
-0.0202483000000000
-0.0120467000000000
-0.00335415000000000
0.00543744000000000
0.0141690000000000
0.0226599000000000
0.0306196000000000
0.0381559000000000
0.0448453000000000
0.0502601000000000
0.0540260000000000
0.0559368000000000
0.0559450000000000
0.0534950000000000
0.0482953000000000
0.0400960000000000
0.0296388000000000
0.0170391000000000
0.00272785000000000
-0.0129417000000000
-0.0292273000000000
-0.0455319000000000
-0.0613560000000000
-0.0763516000000000
-0.0903182000000000
-0.103180000000000
-0.114913000000000
-0.125594000000000
-0.134781000000000
-0.142383000000000
-0.149120000000000
-0.155250000000000
-0.161148000000000
-0.166623000000000
-0.171883000000000
-0.176286000000000
-0.179577000000000
-0.181675000000000
-0.182562000000000
-0.182781000000000
-0.182043000000000
-0.180903000000000
-0.179374000000000
-0.178001000000000
-0.176306000000000
-0.174007000000000
-0.170743000000000
-0.166253000000000
-0.160779000000000
-0.153881000000000
-0.146047000000000
-0.137024000000000
-0.127045000000000
-0.116415000000000
-0.105763000000000
-0.0955204000000000
-0.0858595000000000
-0.0768573000000000
-0.0684107000000000
-0.0605123000000000
-0.0529892000000000
-0.0458431000000000
-0.0391909000000000
-0.0333133000000000
-0.0279879000000000
-0.0233084000000000
-0.0189998000000000
-0.0148454000000000
-0.0103191000000000
-0.00498385000000000
0.000969632000000000
0.00725254000000000
0.0136445000000000
0.0201837000000000
0.0268094000000000
0.0329586000000000
0.0381651000000000
0.0426212000000000
0.0460755000000000
0.0481044000000000
0.0490891000000000
0.0494635000000000
0.0496530000000000
0.0498026000000000
0.0500642000000000
0.0502227000000000
0.0501631000000000
0.0499543000000000
0.0494001000000000
0.0481326000000000
0.0463597000000000
0.0441785000000000
0.0419212000000000
0.0402534000000000
0.0393090000000000
0.0387951000000000
0.0382643000000000
0.0376032000000000
0.0368463000000000
0.0359960000000000
0.0351954000000000
0.0347519000000000
0.0348642000000000
0.0354398000000000
0.0365290000000000
0.0377650000000000
0.0387966000000000
0.0394971000000000
0.0397233000000000
0.0393556000000000
0.0387172000000000
0.0380025000000000
0.0372231000000000
0.0362545000000000
0.0352838000000000
0.0341413000000000
0.0329623000000000
0.0316292000000000
0.0301417000000000
0.0286018000000000
0.0276587000000000
0.0276713000000000
0.0285605000000000
0.0301123000000000
0.0321108000000000
0.0347059000000000
0.0380581000000000
0.0423613000000000
0.0472339000000000
0.0523367000000000
0.0571658000000000
0.0615073000000000
0.0651682000000000
0.0682070000000000
0.0704625000000000
0.0717984000000000
0.0722619000000000
0.0718886000000000
0.0708832000000000
0.0695166000000000
0.0679059000000000
0.0660387000000000
0.0638367000000000
0.0611316000000000
0.0577258000000000
0.0532473000000000
0.0476330000000000
0.0412206000000000
0.0340368000000000
0.0260564000000000
0.0176950000000000
0.00935223000000000
0.00128256000000000
-0.00614463000000000
-0.0127575000000000
-0.0184287000000000
-0.0230931000000000
-0.0268041000000000
-0.0297270000000000
-0.0318176000000000
-0.0331195000000000
-0.0336046000000000
-0.0335861000000000
-0.0334445000000000
-0.0334882000000000
-0.0336314000000000
-0.0336335000000000
-0.0335050000000000
-0.0333463000000000
-0.0332224000000000
-0.0332420000000000
-0.0334796000000000
-0.0334844000000000
-0.0331519000000000
-0.0327744000000000
-0.0325641000000000
-0.0324001000000000
-0.0319802000000000
-0.0314196000000000
-0.0303253000000000
-0.0289305000000000
-0.0274840000000000
-0.0264474000000000
-0.0253205000000000
-0.0242093000000000
-0.0232821000000000
-0.0226112000000000
-0.0223270000000000
-0.0224739000000000
-0.0228744000000000
-0.0236685000000000
-0.0250882000000000
-0.0272960000000000
-0.0303020000000000
-0.0339177000000000
-0.0380944000000000
-0.0420237000000000
-0.0455691000000000
-0.0486233000000000
-0.0512254000000000
-0.0532173000000000
-0.0545667000000000
-0.0553663000000000
-0.0554988000000000
-0.0548233000000000
-0.0531072000000000
-0.0507612000000000
-0.0479228000000000
-0.0449635000000000
-0.0419481000000000
-0.0390713000000000
-0.0360931000000000
-0.0330955000000000
-0.0301731000000000
-0.0274726000000000
-0.0250639000000000
-0.0227205000000000
-0.0202156000000000
-0.0175626000000000
-0.0150333000000000
-0.0126858000000000
-0.0104472000000000
-0.00821349000000000
-0.00604920000000000
-0.00385856000000000
-0.00164484000000000
0.000685169000000000
0.00303705000000000
0.00512203000000000
0.00684349000000000
0.00846785000000000
0.0102882000000000
0.0122290000000000
0.0140162000000000
0.0152310000000000
0.0154147000000000
0.0145200000000000
0.0129205000000000
0.0110462000000000
0.00911113000000000
0.00741983000000000
0.00596436000000000
0.00440351000000000
0.00242009000000000
-0.000188119000000000
-0.00321022000000000
-0.00629086000000000
-0.00911034000000000
-0.0116012000000000
-0.0138966000000000
-0.0159695000000000
-0.0179589000000000
-0.0199766000000000
-0.0221128000000000
-0.0242989000000000
-0.0265304000000000
-0.0288925000000000
-0.0312716000000000
-0.0334617000000000
-0.0352632000000000
-0.0366370000000000
-0.0376725000000000
-0.0384605000000000
-0.0390265000000000
-0.0393480000000000
-0.0392236000000000
-0.0386865000000000
-0.0375823000000000
-0.0358932000000000
-0.0339563000000000
-0.0314164000000000
-0.0279643000000000
-0.0233669000000000
-0.0176264000000000
-0.0111774000000000
-0.00449722000000000
0.00234414000000000
0.00936851000000000
0.0164292000000000
0.0233437000000000
0.0300872000000000
0.0366960000000000
0.0430913000000000
0.0490270000000000
0.0540946000000000
0.0581982000000000
0.0611356000000000
0.0630614000000000
0.0645115000000000
0.0659402000000000
0.0675639000000000
0.0691516000000000
0.0705353000000000
0.0714598000000000
0.0717099000000000
0.0716203000000000
0.0713000000000000
0.0708197000000000
0.0702527000000000
0.0695157000000000
0.0683497000000000
0.0669192000000000
0.0649529000000000
0.0623206000000000
0.0591934000000000
0.0559895000000000
0.0529057000000000
0.0500277000000000
0.0476820000000000
0.0458362000000000
0.0445276000000000
0.0436313000000000
0.0429724000000000
0.0427155000000000
0.0429164000000000
0.0432857000000000
0.0434200000000000
0.0436521000000000
0.0438038000000000
0.0437555000000000
0.0432651000000000
0.0421730000000000
0.0403974000000000
0.0380189000000000
0.0350673000000000
0.0317937000000000
0.0280397000000000
0.0236373000000000
0.0188731000000000
0.0136509000000000
0.00829012000000000
0.00273466000000000
-0.00282511000000000
-0.00809936000000000
-0.0131001000000000
-0.0179663000000000
-0.0227625000000000
-0.0274537000000000
-0.0319878000000000
-0.0360927000000000
-0.0394817000000000
-0.0419155000000000
-0.0435213000000000
-0.0446347000000000
-0.0454278000000000
-0.0460070000000000
-0.0465132000000000
-0.0469151000000000
-0.0468493000000000
-0.0463232000000000
-0.0452892000000000
-0.0436153000000000
-0.0413798000000000
-0.0385988000000000
-0.0357409000000000
-0.0329866000000000
-0.0302888000000000
-0.0275741000000000
-0.0245771000000000
-0.0211428000000000
-0.0173988000000000
-0.0134566000000000
-0.00928379000000000
-0.00508171000000000
-0.00116841000000000
0.00229497000000000
0.00538844000000000
0.00819865000000000
0.0108863000000000
0.0135232000000000
0.0160468000000000
0.0184894000000000
0.0208099000000000
0.0229618000000000
0.0246296000000000
0.0256780000000000
0.0261041000000000
0.0258302000000000
0.0249324000000000
0.0238556000000000
0.0228943000000000
0.0219515000000000
0.0206742000000000
0.0188242000000000
0.0162794000000000
0.0131138000000000
0.00956069000000000
0.00602207000000000
0.00270154000000000
-0.000352270000000000
-0.00318662000000000
-0.00579490000000000
-0.00813031000000000
-0.0102733000000000
-0.0122857000000000
-0.0143189000000000
-0.0164914000000000
-0.0186250000000000
-0.0204376000000000
-0.0217071000000000
-0.0223649000000000
-0.0226183000000000
-0.0227483000000000
-0.0230015000000000
-0.0234838000000000
-0.0240548000000000
-0.0244808000000000
-0.0245489000000000
-0.0242713000000000
-0.0236102000000000
-0.0226517000000000
-0.0215633000000000
-0.0206486000000000
-0.0196509000000000
-0.0182824000000000
-0.0164854000000000
-0.0143130000000000
-0.0119931000000000
-0.00993683000000000
-0.00820318000000000
-0.00683878000000000
-0.00585346000000000
-0.00494805000000000
-0.00406900000000000
-0.00339428000000000
-0.00310414000000000
-0.00309915000000000
-0.00322331000000000
-0.00340401000000000
-0.00359646000000000
-0.00378984000000000
-0.00392576000000000
-0.00390245000000000
-0.00377880000000000
-0.00362809000000000
-0.00335466000000000
-0.00286771000000000
-0.00207002000000000
-0.00135160000000000
-0.000605738000000000
-3.40998000000000e-05
0.000553270000000000
0.00119161000000000
0.00160614000000000
0.00184688000000000
0.00191661000000000
0.00190656000000000
0.00179695000000000
0.00159000000000000
0.000869540000000000
-0.000290869000000000
-0.00182835000000000
-0.00356057000000000
-0.00549736000000000
-0.00730077000000000
-0.00883261000000000
-0.0101156000000000
-0.0113965000000000
-0.0127825000000000
-0.0139939000000000
-0.0151419000000000
-0.0159299000000000
-0.0166490000000000
-0.0173105000000000
-0.0179739000000000
-0.0185796000000000
-0.0189577000000000
-0.0190532000000000
-0.0190906000000000
-0.0189422000000000
-0.0185095000000000
-0.0179466000000000
-0.0172409000000000
-0.0164117000000000
-0.0153416000000000
-0.0141824000000000
-0.0129588000000000
-0.0117012000000000
-0.0104485000000000
-0.00930842000000000
-0.00825788000000000
-0.00743558000000000
-0.00685781000000000
-0.00641862000000000
-0.00610496000000000
-0.00575182000000000
-0.00543810000000000
-0.00521433000000000
-0.00508131000000000
-0.00490107000000000
-0.00484756000000000
-0.00495226000000000
-0.00521173000000000
-0.00549008000000000
-0.00564984000000000
-0.00580111000000000
-0.00622154000000000
-0.00696603000000000
-0.00772654000000000
-0.00839702000000000
-0.00914199000000000
-0.0101076000000000
-0.0112603000000000
-0.0126464000000000
-0.0141406000000000
-0.0154647000000000
-0.0166818000000000
-0.0181013000000000
-0.0197710000000000
-0.0215898000000000
-0.0232904000000000
-0.0246628000000000
-0.0257008000000000
-0.0265051000000000
-0.0270973000000000
-0.0274743000000000
-0.0276993000000000
-0.0276902000000000
-0.0275783000000000
-0.0273039000000000
-0.0267204000000000
-0.0256616000000000
-0.0241829000000000
-0.0227097000000000
-0.0214550000000000
-0.0201638000000000
-0.0184771000000000
-0.0162931000000000
-0.0137723000000000
-0.0112135000000000
-0.00873126000000000
-0.00623696000000000
-0.00342265000000000
-0.000269838000000000
0.00298549000000000
0.00613243000000000
0.00909816000000000
0.0118409000000000
0.0141470000000000
0.0161065000000000
0.0178622000000000
0.0196370000000000
0.0214075000000000
0.0232203000000000
0.0252366000000000
0.0273549000000000
0.0292213000000000
0.0304931000000000
0.0312960000000000
0.0320451000000000
0.0332009000000000
0.0347332000000000
0.0363586000000000
0.0377734000000000
0.0390285000000000
0.0401187000000000
0.0410652000000000
0.0421362000000000
0.0433693000000000
0.0445771000000000
0.0457178000000000
0.0467919000000000
0.0478273000000000
0.0489968000000000
0.0503028000000000
0.0515490000000000
0.0524616000000000
0.0529034000000000
0.0528783000000000
0.0526522000000000
0.0524215000000000
0.0521811000000000
0.0517315000000000
0.0508284000000000
0.0495278000000000
0.0481627000000000
0.0471315000000000
0.0464780000000000
0.0459106000000000
0.0449869000000000
0.0433669000000000
0.0410801000000000
0.0380576000000000
0.0343777000000000
0.0304079000000000
0.0263700000000000
0.0224123000000000
0.0188378000000000
0.0156760000000000
0.0127948000000000
0.00998423000000000
0.00711447000000000
0.00435008000000000
0.00191433000000000
-0.000154063000000000
-0.00186815000000000
-0.00329822000000000
-0.00474090000000000
-0.00630751000000000
-0.00786553000000000
-0.00932050000000000
-0.0106861000000000
-0.0121696000000000
-0.0137962000000000
-0.0155298000000000
-0.0172483000000000
-0.0186624000000000
-0.0198103000000000
-0.0210541000000000
-0.0225405000000000
-0.0239335000000000
-0.0249797000000000
-0.0255644000000000
-0.0257776000000000
-0.0257092000000000
-0.0252676000000000
-0.0244222000000000
-0.0232801000000000
-0.0218525000000000
-0.0201593000000000
-0.0183152000000000
-0.0162969000000000
-0.0142329000000000
-0.0121561000000000
-0.00997821000000000
-0.00773836000000000
-0.00568474000000000
-0.00389629000000000
-0.00243350000000000
-0.00122249000000000
-7.73960000000000e-05
0.00102556000000000
0.00207351000000000
0.00295303000000000
0.00366089000000000
0.00426429000000000
0.00476059000000000
0.00515979000000000
0.00535625000000000
0.00532811000000000
0.00523570000000000
0.00538875000000000
0.00575464000000000
0.00624018000000000
0.00669440000000000
0.00691941000000000
0.00677574000000000
0.00642143000000000
0.00604093000000000
0.00576101000000000
0.00565703000000000
0.00581835000000000
0.00630370000000000
0.00692356000000000
0.00763065000000000
0.00831932000000000
0.00918158000000000
0.0103424000000000
0.0117620000000000
0.0132923000000000
0.0148267000000000
0.0163040000000000
0.0176422000000000
0.0188065000000000
0.0199283000000000
0.0211694000000000
0.0224592000000000
0.0238480000000000
0.0253048000000000
0.0266964000000000
0.0278643000000000
0.0287709000000000
0.0294071000000000
0.0298384000000000
0.0301830000000000
0.0302998000000000
0.0302023000000000
0.0299331000000000
0.0294622000000000
0.0287316000000000
0.0278108000000000
0.0267834000000000
0.0257750000000000
0.0246971000000000
0.0233647000000000
0.0217145000000000
0.0197277000000000
0.0172039000000000
0.0139134000000000
0.0100133000000000
0.00589696000000000
0.00181453000000000
-0.00241838000000000
-0.00677321000000000
-0.0109947000000000
-0.0147946000000000
-0.0182206000000000
-0.0214837000000000
-0.0246444000000000
-0.0276663000000000
-0.0307223000000000
-0.0337865000000000
-0.0366891000000000
-0.0395947000000000
-0.0424726000000000
-0.0451390000000000
-0.0474147000000000
-0.0491915000000000
-0.0505577000000000
-0.0515559000000000
-0.0523176000000000
-0.0529317000000000
-0.0535181000000000
-0.0539752000000000
-0.0541735000000000
-0.0539800000000000
-0.0533354000000000
-0.0520415000000000
-0.0500856000000000
-0.0476056000000000
-0.0448253000000000
-0.0419140000000000
-0.0390577000000000
-0.0362384000000000
-0.0334994000000000
-0.0310164000000000
-0.0286054000000000
-0.0262771000000000
-0.0243139000000000
-0.0225702000000000
-0.0209925000000000
-0.0195190000000000
-0.0181969000000000
-0.0172291000000000
-0.0166199000000000
-0.0163296000000000
-0.0163312000000000
-0.0164581000000000
-0.0167719000000000
-0.0172791000000000
-0.0180726000000000
-0.0190088000000000
-0.0202583000000000
-0.0215544000000000
-0.0227191000000000
-0.0237114000000000
-0.0246483000000000
-0.0254312000000000
-0.0262507000000000
-0.0274541000000000
-0.0287690000000000
-0.0302043000000000
-0.0315773000000000
-0.0328117000000000
-0.0335235000000000
-0.0336341000000000
-0.0329928000000000
-0.0317138000000000
-0.0300304000000000
-0.0282031000000000
-0.0263494000000000
-0.0245013000000000
-0.0225507000000000
-0.0201521000000000
-0.0172477000000000
-0.0139844000000000
-0.0105847000000000
-0.00748285000000000
-0.00474284000000000
-0.00194470000000000
0.00111543000000000
0.00443790000000000
0.00811278000000000
0.0121887000000000
0.0161946000000000
0.0201927000000000
0.0241917000000000
0.0274436000000000
0.0299292000000000
0.0323200000000000
0.0343766000000000
0.0359863000000000
0.0378750000000000
0.0397783000000000
0.0410482000000000
0.0421160000000000
0.0427164000000000
0.0420868000000000
0.0408331000000000
0.0396277000000000
0.0383815000000000
0.0371646000000000
0.0361910000000000
0.0351697000000000
0.0335509000000000
0.0314003000000000
0.0286141000000000
0.0253715000000000
0.0219700000000000
0.0187861000000000
0.0160339000000000
0.0137386000000000
0.0111985000000000
0.00804133000000000
0.00474833000000000
0.00146524000000000
-0.00170382000000000
-0.00434287000000000
-0.00641417000000000
-0.00837560000000000
-0.0101186000000000
-0.0115164000000000
-0.0128245000000000
-0.0140236000000000
-0.0151025000000000
-0.0162403000000000
-0.0173637000000000
-0.0180835000000000
-0.0185586000000000
-0.0187199000000000
-0.0184514000000000
-0.0178703000000000
-0.0172656000000000
-0.0166589000000000
-0.0162198000000000
-0.0160815000000000
-0.0161101000000000
-0.0161222000000000
-0.0160849000000000
-0.0160471000000000
-0.0159550000000000
-0.0160260000000000
-0.0161809000000000
-0.0164025000000000
-0.0166713000000000
-0.0167396000000000
-0.0165248000000000
-0.0161457000000000
-0.0156998000000000
-0.0151666000000000
-0.0148253000000000
-0.0145072000000000
-0.0139894000000000
-0.0130981000000000
-0.0116988000000000
-0.00973395000000000
-0.00765304000000000
-0.00575680000000000
-0.00404323000000000
-0.00224351000000000
-0.000179290000000000
0.00209340000000000
0.00473696000000000
0.00740277000000000
0.00984507000000000
0.0121200000000000
0.0143572000000000
0.0166693000000000
0.0189981000000000
0.0212974000000000
0.0235268000000000
0.0258304000000000
0.0279944000000000
0.0299708000000000
0.0319420000000000
0.0342145000000000
0.0367895000000000
0.0391756000000000
0.0411742000000000
0.0425797000000000
0.0434844000000000
0.0441070000000000
0.0448012000000000
0.0453582000000000
0.0455466000000000
0.0451537000000000
0.0440936000000000
0.0424751000000000
0.0403507000000000
0.0380402000000000
0.0356080000000000
0.0330517000000000
0.0303395000000000
0.0277192000000000
0.0252270000000000
0.0227393000000000
0.0203926000000000
0.0180155000000000
0.0154953000000000
0.0129889000000000
0.0107719000000000
0.00892896000000000
0.00764069000000000
0.00664428000000000
0.00580565000000000
0.00507107000000000
0.00435102000000000
0.00354675000000000
0.00251210000000000
0.00135374000000000
0.000241519000000000
-0.000693716000000000
-0.00158853000000000
-0.00238861000000000
-0.00316210000000000
-0.00383923000000000
-0.00447262000000000
-0.00505539000000000
-0.00572469000000000
-0.00636506000000000
-0.00670352000000000
-0.00663978000000000
-0.00603587000000000
-0.00522538000000000
-0.00422818000000000
-0.00322134000000000
-0.00236372000000000
-0.00169286000000000
-0.00115497000000000
-0.000579556000000000
0.000128567000000000
0.00106500000000000
0.00230007000000000
0.00366310000000000
0.00495998000000000
0.00625795000000000
0.00755782000000000
0.00875863000000000
0.00976680000000000
0.0104439000000000
0.0109136000000000
0.0114687000000000
0.0123850000000000
0.0134255000000000
0.0144394000000000
0.0152339000000000
0.0158047000000000
0.0162062000000000
0.0164816000000000
0.0167712000000000
0.0170970000000000
0.0173806000000000
0.0175737000000000
0.0175300000000000
0.0170874000000000
0.0163377000000000
0.0153255000000000
0.0142030000000000
0.0130524000000000
0.0120398000000000
0.0110160000000000
0.00986922000000000
0.00859628000000000
0.00713046000000000
0.00527326000000000
0.00296192000000000
0.000400055000000000
-0.00242356000000000
-0.00551749000000000
-0.00875353000000000
-0.0120920000000000
-0.0152607000000000
-0.0181348000000000
-0.0206865000000000
-0.0231352000000000
-0.0254204000000000
-0.0277187000000000
-0.0300540000000000
-0.0323741000000000
-0.0346135000000000
-0.0368271000000000
-0.0388731000000000
-0.0402533000000000
-0.0409995000000000
-0.0414534000000000
-0.0419865000000000
-0.0428507000000000
-0.0439427000000000
-0.0450315000000000
-0.0459574000000000
-0.0465188000000000
-0.0466400000000000
-0.0464033000000000
-0.0458789000000000
-0.0452734000000000
-0.0445175000000000
-0.0438153000000000
-0.0430273000000000
-0.0421346000000000
-0.0408448000000000
-0.0393566000000000
-0.0374476000000000
-0.0349746000000000
-0.0319458000000000
-0.0287512000000000
-0.0261250000000000
-0.0238447000000000
-0.0214770000000000
-0.0187083000000000
-0.0153907000000000
-0.0116091000000000
-0.00771641000000000
-0.00382729000000000
1.72699000000000e-05
0.00384582000000000
0.00744022000000000
0.0108325000000000
0.0139158000000000
0.0170402000000000
0.0201641000000000
0.0232360000000000
0.0262611000000000
0.0291894000000000
0.0321491000000000
0.0350387000000000
0.0375531000000000
0.0395374000000000
0.0410101000000000
0.0420748000000000
0.0431636000000000
0.0441969000000000
0.0449697000000000
0.0452746000000000
0.0454094000000000
0.0454834000000000
0.0456176000000000
0.0457110000000000
0.0456197000000000
0.0453429000000000
0.0449481000000000
0.0445533000000000
0.0442236000000000
0.0439958000000000
0.0436114000000000
0.0428610000000000
0.0417471000000000
0.0403390000000000
0.0385557000000000
0.0363249000000000
0.0337659000000000
0.0310604000000000
0.0283461000000000
0.0259427000000000
0.0237710000000000
0.0214766000000000
0.0187832000000000
0.0157527000000000
0.0126370000000000
0.00967445000000000
0.00693394000000000
0.00409772000000000
0.00111721000000000
-0.00187025000000000
-0.00481393000000000
-0.00768689000000000
-0.0104375000000000
-0.0129823000000000
-0.0155976000000000
-0.0182010000000000
-0.0205742000000000
-0.0227016000000000
-0.0246679000000000
-0.0265204000000000
-0.0282485000000000
-0.0297484000000000
-0.0308811000000000
-0.0317731000000000
-0.0326707000000000
-0.0335269000000000
-0.0338647000000000
-0.0339608000000000
-0.0340610000000000
-0.0343676000000000
-0.0347809000000000
-0.0350324000000000
-0.0350560000000000
-0.0350370000000000
-0.0350782000000000
-0.0350925000000000
-0.0350969000000000
-0.0350097000000000
-0.0348391000000000
-0.0343000000000000
-0.0334900000000000
-0.0325688000000000
-0.0319571000000000
-0.0317100000000000
-0.0315436000000000
-0.0311598000000000
-0.0305569000000000
-0.0300135000000000
-0.0296744000000000
-0.0298300000000000
-0.0299515000000000
-0.0296563000000000
-0.0287450000000000
-0.0273630000000000
-0.0258027000000000
-0.0243229000000000
-0.0230216000000000
-0.0214245000000000
-0.0198615000000000
-0.0185175000000000
-0.0173737000000000
-0.0160800000000000
-0.0143462000000000
-0.0118626000000000
-0.00916691000000000
-0.00628380000000000
-0.00343846000000000
-0.000762517000000000
0.00147041000000000
0.00349656000000000
0.00554176000000000
0.00768249000000000
0.0100988000000000
0.0126841000000000
0.0154691000000000
0.0183112000000000
0.0209570000000000
0.0231701000000000
0.0249859000000000
0.0265506000000000
0.0280524000000000
0.0294353000000000
0.0307044000000000
0.0317943000000000
0.0328109000000000
0.0337082000000000
0.0345214000000000
0.0351568000000000
0.0355948000000000
0.0358146000000000
0.0360167000000000
0.0363904000000000
0.0366399000000000
0.0366671000000000
0.0363079000000000
0.0357801000000000
0.0350011000000000
0.0340538000000000
0.0328715000000000
0.0312407000000000
0.0290283000000000
0.0265498000000000
0.0241444000000000
0.0219438000000000
0.0197518000000000
0.0177027000000000
0.0159066000000000
0.0140776000000000
0.0122389000000000
0.0101612000000000
0.00774072000000000
0.00511910000000000
0.00261609000000000
0.000335449000000000
-0.00162601000000000
-0.00344031000000000
-0.00509327000000000
-0.00648988000000000
-0.00760740000000000
-0.00830135000000000
-0.00894185000000000
-0.00970220000000000
-0.0106077000000000
-0.0115315000000000
-0.0123201000000000
-0.0130759000000000
-0.0140720000000000
-0.0151440000000000
-0.0160590000000000
-0.0167770000000000
-0.0172561000000000
-0.0176159000000000
-0.0178461000000000
-0.0181128000000000
-0.0183485000000000
-0.0186113000000000
-0.0190737000000000
-0.0194109000000000
-0.0195843000000000
-0.0193921000000000
-0.0189174000000000
-0.0184082000000000
-0.0180981000000000
-0.0181208000000000
-0.0185582000000000
-0.0190932000000000
-0.0194068000000000
-0.0193456000000000
-0.0187518000000000
-0.0176771000000000
-0.0163136000000000
-0.0149098000000000
-0.0136545000000000
-0.0129769000000000
-0.0126649000000000
-0.0124434000000000
-0.0120057000000000
-0.0110558000000000
-0.00975191000000000
-0.00821561000000000
-0.00662167000000000
-0.00500024000000000
-0.00355016000000000
-0.00223891000000000
-0.00111248000000000
-0.000172756000000000
0.000678843000000000
0.00150606000000000
0.00233642000000000
0.00296024000000000
0.00344976000000000
0.00373438000000000
0.00378707000000000
0.00351657000000000
0.00338474000000000
0.00359620000000000
0.00397366000000000
0.00438775000000000
0.00470046000000000
0.00497019000000000
0.00518419000000000
0.00535695000000000
0.00541787000000000
0.00547128000000000
0.00542632000000000
0.00514704000000000
0.00485325000000000
0.00445302000000000
0.00393266000000000
0.00319091000000000
0.00233752000000000
0.00132952000000000
0.000276741000000000
-0.000828432000000000
-0.00182626000000000
-0.00262779000000000
-0.00308342000000000
-0.00345085000000000
-0.00392523000000000
-0.00459755000000000
-0.00557791000000000
-0.00686615000000000
-0.00815211000000000
-0.00912535000000000
-0.00968601000000000
-0.00960538000000000
-0.00925585000000000
-0.00900913000000000
-0.00901381000000000
-0.00909902000000000
-0.00905602000000000
-0.00896496000000000
-0.00869120000000000
-0.00839303000000000
-0.00808205000000000
-0.00778487000000000
-0.00748982000000000
-0.00723776000000000
-0.00686026000000000
-0.00638777000000000
-0.00572453000000000
-0.00489885000000000
-0.00409519000000000
-0.00350934000000000
-0.00331253000000000
-0.00315316000000000
-0.00278342000000000
-0.00209768000000000
-0.00130863000000000
-0.000646729000000000
-0.000136620000000000
0.000368854000000000
0.000946933000000000
0.00156691000000000
0.00189059000000000
0.00201764000000000
0.00206398000000000
0.00209190000000000
0.00213851000000000
0.00247611000000000
0.00292810000000000
0.00338143000000000
0.00394675000000000
0.00463660000000000
0.00541152000000000
0.00596666000000000
0.00674039000000000
0.00773686000000000
0.00881570000000000
0.00982322000000000
0.0108164000000000
0.0121272000000000
0.0135090000000000
0.0147631000000000
0.0158099000000000
0.0168589000000000
0.0180857000000000
0.0194296000000000
0.0206217000000000
0.0217928000000000
0.0228197000000000
0.0237776000000000
0.0244941000000000
0.0249523000000000
0.0253215000000000
0.0256874000000000
0.0260444000000000
0.0264967000000000
0.0268900000000000
0.0269731000000000
0.0265505000000000
0.0257494000000000
0.0248816000000000
0.0240119000000000
0.0232074000000000
0.0222908000000000
0.0213751000000000
0.0204241000000000
0.0193204000000000
0.0182242000000000
0.0172872000000000
0.0165251000000000
0.0155862000000000
0.0143776000000000
0.0129704000000000
0.0117569000000000
0.0106849000000000
0.00964812000000000
0.00861323000000000
0.00761869000000000
0.00678570000000000
0.00594642000000000
0.00497628000000000
0.00389177000000000
0.00278732000000000
0.00156032000000000
0.000248451000000000
-0.00114902000000000
-0.00238370000000000
-0.00343137000000000
-0.00432665000000000
-0.00518334000000000
-0.00610508000000000
-0.00719208000000000
-0.00818631000000000
-0.00900026000000000
-0.00965083000000000
-0.0101458000000000
-0.0105720000000000
-0.0108643000000000
-0.0111056000000000
-0.0114736000000000
-0.0121914000000000
-0.0130843000000000
-0.0139313000000000
-0.0143081000000000
-0.0142095000000000
-0.0140777000000000
-0.0141942000000000
-0.0146248000000000
-0.0150973000000000
-0.0153199000000000
-0.0153074000000000
-0.0152050000000000
-0.0150898000000000
-0.0150438000000000
-0.0148030000000000
-0.0143603000000000
-0.0139173000000000
-0.0135383000000000
-0.0131458000000000
-0.0129066000000000
-0.0127792000000000
-0.0126392000000000
-0.0122414000000000
-0.0116817000000000
-0.0111582000000000
-0.0104535000000000
-0.00940392000000000
-0.00811873000000000
-0.00666174000000000
-0.00507778000000000
-0.00375220000000000
-0.00274974000000000
-0.00207315000000000
-0.00146685000000000
-0.000618068000000000
0.000417044000000000
0.00140794000000000
0.00210049000000000
0.00252334000000000
0.00264647000000000
0.00251974000000000
0.00232023000000000
0.00232483000000000
0.00258629000000000
0.00310023000000000
0.00358549000000000
0.00389359000000000
0.00418806000000000
0.00449977000000000
0.00459910000000000
0.00452583000000000
0.00423262000000000
0.00389946000000000
0.00371573000000000
0.00382593000000000
0.00429045000000000
0.00478379000000000
0.00500845000000000
0.00467779000000000
0.00389695000000000
0.00297947000000000
0.00218505000000000
0.00142678000000000
0.000678329000000000
-7.87401000000000e-05
-0.000792936000000000
-0.00145200000000000
-0.00205095000000000
-0.00265692000000000
-0.00340876000000000
-0.00433303000000000
-0.00520513000000000
-0.00583711000000000
-0.00627419000000000
-0.00664866000000000
-0.00706154000000000
-0.00747722000000000
-0.00784945000000000
-0.00821773000000000
-0.00861201000000000
-0.00898613000000000
-0.00934341000000000
-0.00962651000000000
-0.00969166000000000
-0.00968406000000000
-0.00971281000000000
-0.00971154000000000
-0.00962866000000000
-0.00943902000000000
-0.00917284000000000
-0.00894559000000000
-0.00895166000000000
-0.00925793000000000
-0.00961520000000000
-0.00964830000000000
-0.00920880000000000
-0.00851816000000000
-0.00795487000000000
-0.00780528000000000
-0.00798058000000000
-0.00824386000000000
-0.00840266000000000
-0.00836433000000000
-0.00808885000000000
-0.00766485000000000
-0.00728761000000000
-0.00717097000000000
-0.00716772000000000
-0.00703471000000000
-0.00675157000000000
-0.00633547000000000
-0.00593718000000000
-0.00551628000000000
-0.00515770000000000
-0.00483796000000000
-0.00433809000000000
-0.00363761000000000
-0.00289541000000000
-0.00225951000000000
-0.00168059000000000
-0.00103521000000000
-0.000277585000000000
0.000497688000000000
0.00116241000000000
0.00156649000000000
0.00175760000000000
0.00211346000000000
0.00271593000000000
0.00363097000000000
0.00450628000000000
0.00517755000000000
0.00574237000000000
0.00620013000000000
0.00655676000000000
0.00688307000000000
0.00726478000000000
0.00745662000000000
0.00743660000000000
0.00717926000000000
0.00685540000000000
0.00662315000000000
0.00656246000000000
0.00641406000000000
0.00626779000000000
0.00637672000000000
0.00658346000000000
0.00677507000000000
0.00681711000000000
0.00658178000000000
0.00597749000000000
0.00536396000000000
0.00493344000000000
0.00467535000000000
0.00456609000000000
0.00454773000000000
0.00463266000000000
0.00484036000000000
0.00519802000000000
0.00564458000000000
0.00599911000000000
0.00622102000000000
0.00641828000000000
0.00636499000000000
0.00611453000000000
0.00565521000000000
0.00523015000000000
0.00488920000000000
0.00464070000000000
0.00491624000000000
0.00546358000000000
0.00603352000000000
0.00629486000000000
0.00624851000000000
0.00586814000000000
0.00541080000000000
0.00488891000000000
0.00429409000000000
0.00382080000000000
0.00366292000000000
0.00393329000000000
0.00443137000000000
0.00502328000000000
0.00530770000000000
0.00512481000000000
0.00473024000000000
0.00444871000000000
0.00405735000000000
0.00352383000000000
0.00315478000000000
0.00289725000000000
0.00288702000000000
0.00317889000000000
0.00359139000000000
0.00391208000000000
0.00404105000000000
0.00395359000000000
0.00389838000000000
0.00409827000000000
0.00455366000000000
0.00535429000000000
0.00628341000000000
0.00700757000000000
0.00729673000000000
0.00717081000000000
0.00678588000000000
0.00647130000000000
0.00644594000000000
0.00668377000000000
0.00689756000000000
0.00682147000000000
0.00659472000000000
0.00631346000000000
0.00594720000000000
0.00555222000000000
0.00529218000000000
0.00507410000000000
0.00472069000000000
0.00420679000000000
0.00357172000000000
0.00284091000000000
0.00218118000000000
0.00175942000000000
0.00148084000000000
0.00128227000000000
0.00110092000000000
0.000782559000000000
0.000432038000000000
0.000149088000000000
-0.000224507000000000
-0.000815621000000000
-0.00155950000000000
-0.00228393000000000
-0.00291824000000000
-0.00362296000000000
-0.00445500000000000
-0.00528379000000000
-0.00593829000000000
-0.00617576000000000
-0.00601659000000000
-0.00576979000000000
-0.00565790000000000
-0.00568643000000000
-0.00589928000000000
-0.00632986000000000
-0.00684000000000000
-0.00713895000000000
-0.00721762000000000
-0.00717489000000000
-0.00707321000000000
-0.00702375000000000
-0.00709213000000000
-0.00734483000000000
-0.00776561000000000
-0.00824938000000000
-0.00864113000000000
-0.00894917000000000
-0.00917969000000000
-0.00939576000000000
-0.00954646000000000
-0.00958609000000000
-0.00960535000000000
-0.00965699000000000
-0.00977308000000000
-0.00971718000000000
-0.00957945000000000
-0.00946951000000000
-0.00943707000000000
-0.00936660000000000
-0.00939882000000000
-0.00948519000000000
-0.00955625000000000
-0.00963673000000000
-0.00972723000000000
-0.00984705000000000
-0.00996597000000000
-0.0100087000000000
-0.00983672000000000
-0.00936984000000000
-0.00884612000000000
-0.00852648000000000
-0.00836950000000000
-0.00813225000000000
-0.00752482000000000
-0.00657773000000000
-0.00544134000000000
-0.00421565000000000
-0.00309278000000000
-0.00218113000000000
-0.00138535000000000
-0.000554728000000000
0.000509647000000000
0.00171771000000000
0.00298437000000000
0.00420251000000000
0.00523669000000000
0.00614787000000000
0.00696475000000000
0.00783465000000000
0.00883240000000000
0.0100157000000000
0.0111092000000000
0.0121031000000000
0.0129779000000000
0.0139096000000000
0.0149624000000000
0.0160192000000000
0.0168784000000000
0.0175556000000000
0.0182441000000000
0.0190024000000000
0.0197598000000000
0.0203768000000000
0.0206970000000000
0.0206545000000000
0.0203533000000000
0.0199535000000000
0.0197148000000000
0.0196486000000000
0.0196150000000000
0.0193939000000000
0.0190153000000000
0.0185076000000000
0.0179192000000000
0.0171730000000000
0.0163511000000000
0.0154188000000000
0.0146882000000000
0.0141752000000000
0.0135676000000000
0.0126478000000000
0.0115117000000000
0.0103056000000000
0.00918030000000000
0.00826566000000000
0.00744769000000000
0.00661253000000000
0.00557196000000000
0.00447202000000000
0.00341118000000000
0.00250161000000000
0.00182044000000000
0.00140948000000000
0.00117302000000000
0.000903980000000000
0.000464555000000000
-0.000182438000000000
-0.000882679000000000
-0.00155168000000000
-0.00212407000000000
-0.00268889000000000
-0.00319410000000000
-0.00373809000000000
-0.00416595000000000
-0.00459519000000000
-0.00505068000000000
-0.00564072000000000
-0.00638293000000000
-0.00691663000000000
-0.00700892000000000
-0.00668385000000000
-0.00627042000000000
-0.00600606000000000
-0.00605121000000000
-0.00622967000000000
-0.00638591000000000
-0.00640322000000000
-0.00623131000000000
-0.00589812000000000
-0.00556777000000000
-0.00552744000000000
-0.00593300000000000
-0.00655542000000000
-0.00721606000000000
-0.00772214000000000
-0.00792442000000000
-0.00789787000000000
-0.00788278000000000
-0.00805980000000000
-0.00843771000000000
-0.00885709000000000
-0.00904543000000000
-0.00887107000000000
-0.00833833000000000
-0.00770712000000000
-0.00729144000000000
-0.00709045000000000
-0.00695277000000000
-0.00666896000000000
-0.00634628000000000
-0.00613150000000000
-0.00617204000000000
-0.00639908000000000
-0.00670862000000000
-0.00684619000000000
-0.00684285000000000
-0.00679323000000000
-0.00671530000000000
-0.00664509000000000
-0.00655895000000000
-0.00645517000000000
-0.00632664000000000
-0.00616674000000000
-0.00582474000000000
-0.00552160000000000
-0.00541052000000000
-0.00562853000000000
-0.00599230000000000
-0.00630597000000000
-0.00640822000000000
-0.00644261000000000
-0.00667994000000000
-0.00696947000000000
-0.00719796000000000
-0.00719545000000000
-0.00707705000000000
-0.00692270000000000
-0.00698207000000000
-0.00716253000000000
-0.00745135000000000
-0.00758077000000000
-0.00764080000000000
-0.00769572000000000
-0.00778091000000000
-0.00785240000000000
-0.00789132000000000
-0.00799216000000000
-0.00808272000000000
-0.00840076000000000
-0.00893725000000000
-0.00956874000000000
-0.0101638000000000
-0.0106662000000000
-0.0111052000000000
-0.0114540000000000
-0.0118397000000000
-0.0121620000000000
-0.0123454000000000
-0.0123673000000000
-0.0123539000000000
-0.0121527000000000
-0.0118053000000000
-0.0114129000000000
-0.0109986000000000
-0.0104635000000000
-0.00982606000000000
-0.00914569000000000
-0.00846485000000000
-0.00776237000000000
-0.00702008000000000
-0.00639597000000000
-0.00597308000000000
-0.00582399000000000
-0.00583630000000000
-0.00596560000000000
-0.00607593000000000
-0.00616288000000000
-0.00634511000000000
-0.00651470000000000
-0.00663936000000000
-0.00673258000000000
-0.00680568000000000
-0.00684731000000000
-0.00681151000000000
-0.00660840000000000
-0.00616307000000000
-0.00546403000000000
-0.00462423000000000
-0.00375827000000000
-0.00318933000000000
-0.00280142000000000
-0.00235729000000000
-0.00177944000000000
-0.00108226000000000
-0.000302674000000000
0.000530108000000000
0.00142249000000000
0.00234642000000000
0.00311229000000000
0.00380421000000000
0.00436971000000000
0.00475522000000000
0.00492890000000000
0.00498390000000000
0.00492493000000000
0.00480283000000000
0.00459928000000000
0.00436099000000000
0.00408304000000000
0.00369599000000000
0.00340987000000000
0.00316376000000000
0.00292315000000000
0.00258153000000000
0.00217848000000000
0.00177028000000000
0.00141616000000000
0.00122549000000000
0.00106725000000000
0.000720654000000000
0.000195206000000000
-0.000453335000000000
-0.00107444000000000
-0.00142292000000000
-0.00161989000000000
-0.00178660000000000
-0.00189735000000000
-0.00187702000000000
-0.00172596000000000
-0.00134569000000000
-0.000582157000000000
0.000417956000000000
0.00160814000000000
0.00271056000000000
0.00357176000000000
0.00415433000000000
0.00457916000000000
0.00505794000000000
0.00567928000000000
0.00639945000000000
0.00717994000000000
0.00798056000000000
0.00885316000000000
0.00983701000000000
0.0107911000000000
0.0116185000000000
0.0123595000000000
0.0130589000000000
0.0136519000000000
0.0141459000000000
0.0145575000000000
0.0150320000000000
0.0155447000000000
0.0160257000000000
0.0164157000000000
0.0167391000000000
0.0169116000000000
0.0168657000000000
0.0166684000000000
0.0164188000000000
0.0162996000000000
0.0162688000000000
0.0163129000000000
0.0160529000000000
0.0156648000000000
0.0153544000000000
0.0151747000000000
0.0149343000000000
0.0144583000000000
0.0138843000000000
0.0135596000000000
0.0135212000000000
0.0136896000000000
0.0141324000000000
0.0144429000000000
0.0145925000000000
0.0145237000000000
0.0144466000000000
0.0145137000000000
0.0150213000000000
0.0157176000000000
0.0163071000000000
0.0166065000000000
0.0166495000000000
0.0164719000000000
0.0162370000000000
0.0161043000000000
0.0159996000000000
0.0158622000000000
0.0155225000000000
0.0149483000000000
0.0142075000000000
0.0136886000000000
0.0133387000000000
0.0131485000000000
0.0132227000000000
0.0134206000000000
0.0133209000000000
0.0130810000000000
0.0127168000000000
0.0124153000000000
0.0123096000000000
0.0123617000000000
0.0121816000000000
0.0120008000000000
0.0118605000000000
0.0116696000000000
0.0115867000000000
0.0117154000000000
0.0119662000000000
0.0121627000000000
0.0122823000000000
0.0121850000000000
0.0118515000000000
0.0112065000000000
0.0104004000000000
0.00937364000000000
0.00848540000000000
0.00753724000000000
0.00664479000000000
0.00551470000000000
0.00416646000000000
0.00276513000000000
0.00152687000000000
0.000523510000000000
-0.000377198000000000
-0.00139289000000000
-0.00279451000000000
-0.00448522000000000
-0.00623642000000000
-0.00771012000000000
-0.00889017000000000
-0.00982094000000000
-0.0106693000000000
-0.0115399000000000
-0.0125693000000000
-0.0137697000000000
-0.0151040000000000
-0.0164055000000000
-0.0176462000000000
-0.0186203000000000
-0.0192238000000000
-0.0194983000000000
-0.0196682000000000
-0.0200740000000000
-0.0207145000000000
-0.0215048000000000
-0.0222271000000000
-0.0227222000000000
-0.0228663000000000
-0.0227438000000000
-0.0224073000000000
-0.0220051000000000
-0.0214278000000000
-0.0207688000000000
-0.0200753000000000
-0.0194382000000000
-0.0188105000000000
-0.0181736000000000
-0.0175862000000000
-0.0170583000000000
-0.0165517000000000
-0.0159336000000000
-0.0152667000000000
-0.0147152000000000
-0.0144148000000000
-0.0141896000000000
-0.0139714000000000
-0.0135879000000000
-0.0131136000000000
-0.0126447000000000
-0.0122901000000000
-0.0120177000000000
-0.0119335000000000
-0.0121093000000000
-0.0126628000000000
-0.0133079000000000
-0.0137548000000000
-0.0138778000000000
-0.0137433000000000
-0.0134294000000000
-0.0129614000000000
-0.0126312000000000
-0.0124319000000000
-0.0123523000000000
-0.0122898000000000
-0.0123949000000000
-0.0125028000000000
-0.0126667000000000
-0.0128530000000000
-0.0129169000000000
-0.0128438000000000
-0.0125221000000000
-0.0119758000000000
-0.0112595000000000
-0.0106257000000000
-0.0101888000000000
-0.0100441000000000
-0.0100149000000000
-0.00998909000000000
-0.00977366000000000
-0.00958090000000000
-0.00948333000000000
-0.00934986000000000
-0.00899387000000000
-0.00844020000000000
-0.00773765000000000
-0.00694424000000000
-0.00607474000000000
-0.00535205000000000
-0.00479191000000000
-0.00431700000000000
-0.00410984000000000
-0.00404968000000000
-0.00381251000000000
-0.00330067000000000
-0.00261631000000000
-0.00188732000000000
-0.00131111000000000
-0.000928467000000000
-0.000607255000000000
-0.000273159000000000
0.000131635000000000
0.000441610000000000
0.000694869000000000
0.00102037000000000
0.00159112000000000
0.00211786000000000
0.00251876000000000
0.00288913000000000
0.00336737000000000
0.00371319000000000
0.00391299000000000
0.00392141000000000
0.00383811000000000
0.00372199000000000
0.00374876000000000
0.00405908000000000
0.00451125000000000
0.00515893000000000
0.00572988000000000
0.00625810000000000
0.00673254000000000
0.00717716000000000
0.00773046000000000
0.00835200000000000
0.00918198000000000
0.00997843000000000
0.0107105000000000
0.0114966000000000
0.0123494000000000
0.0130743000000000
0.0138170000000000
0.0149438000000000
0.0163747000000000
0.0177196000000000
0.0188497000000000
0.0196860000000000
0.0206297000000000
0.0217278000000000
0.0229140000000000
0.0240508000000000
0.0248488000000000
0.0252767000000000
0.0252944000000000
0.0252119000000000
0.0252397000000000
0.0254375000000000
0.0257006000000000
0.0260605000000000
0.0263580000000000
0.0266792000000000
0.0270039000000000
0.0270651000000000
0.0268686000000000
0.0263656000000000
0.0257708000000000
0.0251106000000000
0.0244456000000000
0.0235594000000000
0.0224873000000000
0.0214087000000000
0.0205223000000000
0.0197671000000000
0.0190003000000000
0.0181290000000000
0.0170848000000000
0.0158780000000000
0.0146117000000000
0.0135256000000000
0.0127071000000000
0.0122649000000000
0.0118706000000000
0.0113162000000000
0.0105952000000000
0.00985228000000000
0.00903632000000000
0.00806436000000000
0.00718816000000000
0.00648207000000000
0.00588749000000000
0.00534256000000000
0.00493311000000000
0.00442099000000000
0.00375716000000000
0.00289057000000000
0.00190695000000000
0.000850929000000000
-0.000137196000000000
-0.000978691000000000
-0.00181205000000000
-0.00263113000000000
-0.00349889000000000
-0.00435538000000000
-0.00520083000000000
-0.00597740000000000
-0.00696723000000000
-0.00819145000000000
-0.00949889000000000
-0.0106244000000000
-0.0114484000000000
-0.0120971000000000
-0.0126330000000000
-0.0130120000000000
-0.0131865000000000
-0.0134714000000000
-0.0139041000000000
-0.0145615000000000
-0.0153838000000000
-0.0161929000000000
-0.0167317000000000
-0.0170544000000000
-0.0171194000000000
-0.0169938000000000
-0.0168768000000000
-0.0168281000000000
-0.0169070000000000
-0.0170541000000000
-0.0171832000000000
-0.0171092000000000
-0.0169031000000000
-0.0164964000000000
-0.0159943000000000
-0.0155065000000000
-0.0151484000000000
-0.0150422000000000
-0.0151508000000000
-0.0153540000000000
-0.0154271000000000
-0.0153032000000000
-0.0150296000000000
-0.0146518000000000
-0.0142414000000000
-0.0139668000000000
-0.0138909000000000
-0.0140631000000000
-0.0142576000000000
-0.0142974000000000
-0.0141517000000000
-0.0137998000000000
-0.0132507000000000
-0.0126351000000000
-0.0120398000000000
-0.0114689000000000
-0.0109480000000000
-0.0104433000000000
-0.00982129000000000
-0.00902288000000000
-0.00819441000000000
-0.00743049000000000
-0.00678376000000000
-0.00637926000000000
-0.00613150000000000
-0.00592635000000000
-0.00586097000000000
-0.00584463000000000
-0.00591962000000000
-0.00614052000000000
-0.00640957000000000
-0.00661681000000000
-0.00679966000000000
-0.00704187000000000
-0.00724646000000000
-0.00733334000000000
-0.00737533000000000
-0.00755349000000000
-0.00788771000000000
-0.00823893000000000
-0.00844402000000000
-0.00849370000000000
-0.00846013000000000
-0.00849971000000000
-0.00859232000000000
-0.00861387000000000
-0.00850625000000000
-0.00830250000000000
-0.00813430000000000
-0.00804205000000000
-0.00802187000000000
-0.00801266000000000
-0.00793697000000000
-0.00770436000000000
-0.00728123000000000
-0.00673800000000000
-0.00614625000000000
-0.00548265000000000
-0.00478966000000000
-0.00406770000000000
-0.00329042000000000
-0.00254792000000000
-0.00199511000000000
-0.00158004000000000
-0.00125566000000000
-0.00100734000000000
-0.000785850000000000
-0.000570665000000000
-0.000429978000000000
-0.000311725000000000
-0.000143713000000000
0.000159028000000000
0.000591597000000000
0.00103731000000000
0.00137198000000000
0.00161390000000000
0.00181776000000000
0.00204750000000000
0.00248181000000000
0.00309091000000000
0.00380122000000000
0.00451774000000000
0.00502230000000000
0.00527887000000000
0.00549516000000000
0.00580921000000000
0.00624314000000000
0.00679386000000000
0.00750354000000000
0.00831818000000000
0.00917183000000000
0.00999524000000000
0.0105554000000000
0.0107845000000000
0.0108049000000000
0.0108899000000000
0.0111329000000000
0.0114903000000000
0.0118597000000000
0.0122703000000000
0.0127091000000000
0.0131732000000000
0.0133896000000000
0.0132610000000000
0.0127688000000000
0.0121489000000000
0.0115219000000000
0.0109926000000000
0.0103906000000000
0.00965994000000000
0.00880604000000000
0.00771926000000000
0.00656022000000000
0.00553001000000000
0.00477842000000000
0.00438068000000000
0.00427549000000000
0.00415429000000000
0.00395607000000000
0.00362287000000000
0.00312228000000000
0.00221156000000000
0.00107545000000000
-0.000162018000000000
-0.00129025000000000
-0.00217839000000000
-0.00288122000000000
-0.00357891000000000
-0.00430187000000000
-0.00487063000000000
-0.00528016000000000
-0.00559090000000000
-0.00590772000000000
-0.00623564000000000
-0.00673837000000000
-0.00741184000000000
-0.00817969000000000
-0.00861997000000000
-0.00862434000000000
-0.00841852000000000
-0.00830262000000000
-0.00844952000000000
-0.00894030000000000
-0.00961612000000000
-0.0100953000000000
-0.0102463000000000
-0.0101372000000000
-0.00979344000000000
-0.00931552000000000
-0.00884128000000000
-0.00837259000000000
-0.00801308000000000
-0.00765539000000000
-0.00735852000000000
-0.00689788000000000
-0.00628223000000000
-0.00551082000000000
-0.00475424000000000
-0.00407180000000000
-0.00355725000000000
-0.00309224000000000
-0.00273723000000000
-0.00257702000000000
-0.00242575000000000
-0.00233099000000000
-0.00228957000000000
-0.00221977000000000
-0.00198313000000000
-0.00147474000000000
-0.000675596000000000
0.000195707000000000
0.000894007000000000
0.00136665000000000
0.00174056000000000
0.00214507000000000
0.00263536000000000
0.00305023000000000
0.00351212000000000
0.00395835000000000
0.00436865000000000
0.00470562000000000
0.00489457000000000
0.00498436000000000
0.00500999000000000
0.00505989000000000
0.00516365000000000
0.00534518000000000
0.00552009000000000
0.00556084000000000
0.00524666000000000
0.00491573000000000
0.00477179000000000
0.00486077000000000
0.00497898000000000
0.00505865000000000
0.00516142000000000
0.00525241000000000
0.00530890000000000
0.00523973000000000
0.00496640000000000
0.00468900000000000
0.00475644000000000
0.00510498000000000
0.00558436000000000
0.00599517000000000
0.00637769000000000
0.00669801000000000
0.00714838000000000
0.00775868000000000
0.00824179000000000
0.00847576000000000
0.00839682000000000
0.00808839000000000
0.00768745000000000
0.00747479000000000
0.00724890000000000
0.00698112000000000
0.00660667000000000
0.00633725000000000
0.00612406000000000
0.00589971000000000
0.00548859000000000
0.00514270000000000
0.00481715000000000
0.00422111000000000
0.00366482000000000
0.00316438000000000
0.00268917000000000
0.00218120000000000
0.00176209000000000
0.00136633000000000
0.00124968000000000
0.00129301000000000
0.00163089000000000
0.00208898000000000
0.00259607000000000
0.00303485000000000
0.00323794000000000
0.00320131000000000
0.00314507000000000
0.00334472000000000
0.00347164000000000
0.00351123000000000
0.00334402000000000
0.00310529000000000
0.00291086000000000
0.00311497000000000
0.00365010000000000
0.00419819000000000
0.00432442000000000
0.00403084000000000
0.00362710000000000
0.00349692000000000
0.00386585000000000
0.00454784000000000
0.00541707000000000
0.00621043000000000
0.00683072000000000
0.00719795000000000
0.00750491000000000
0.00775678000000000
0.00798741000000000
0.00825218000000000
0.00849345000000000
0.00862692000000000
0.00870512000000000
0.00870433000000000
0.00864480000000000
0.00846205000000000
0.00814163000000000
0.00768042000000000
0.00722038000000000
0.00690350000000000
0.00653839000000000
0.00605979000000000
0.00533353000000000
0.00448659000000000
0.00352637000000000
0.00261861000000000
0.00179788000000000
0.00118433000000000
0.000726636000000000
0.000396151000000000
0.000157760000000000
-9.06623000000000e-05
-0.000338938000000000
-0.000629174000000000
-0.00100617000000000
-0.00141915000000000
-0.00182402000000000
-0.00218125000000000
-0.00246013000000000
-0.00271598000000000
-0.00288840000000000
-0.00299112000000000
-0.00307243000000000
-0.00317963000000000
-0.00332827000000000
-0.00349033000000000
-0.00357179000000000
-0.00354532000000000
-0.00351443000000000
-0.00349099000000000
-0.00336434000000000
-0.00317755000000000
-0.00305897000000000
-0.00305831000000000
-0.00294748000000000
-0.00254690000000000
-0.00191477000000000
-0.00124413000000000
-0.000569954000000000
3.61086000000000e-05
0.000411095000000000
0.000583584000000000
0.000640543000000000
0.000708346000000000
0.000867023000000000
0.00115223000000000
0.00146606000000000
0.00179214000000000
0.00203431000000000
0.00225937000000000
0.00240786000000000
0.00258796000000000
0.00268343000000000
0.00263846000000000
0.00244972000000000
0.00224376000000000
0.00193774000000000
0.00154078000000000
0.00101294000000000
0.000267616000000000
-0.000661548000000000
-0.00174818000000000
-0.00261753000000000
-0.00313585000000000
-0.00336170000000000
-0.00350591000000000
-0.00375555000000000
-0.00426798000000000
-0.00499645000000000
-0.00595345000000000
-0.00704655000000000
-0.00800173000000000
-0.00850932000000000
-0.00891989000000000
-0.00931774000000000
-0.00973063000000000
-0.0100975000000000
-0.0104753000000000
-0.0106984000000000
-0.0109497000000000
-0.0111530000000000
-0.0114014000000000
-0.0118017000000000
-0.0122004000000000
-0.0126300000000000
-0.0130795000000000
-0.0134716000000000
-0.0136055000000000
-0.0134763000000000
-0.0131873000000000
-0.0127578000000000
-0.0123525000000000
-0.0120993000000000
-0.0119043000000000
-0.0116673000000000
-0.0114368000000000
-0.0110897000000000
-0.0104476000000000
-0.00957882000000000
-0.00862719000000000
-0.00772341000000000
-0.00680461000000000
-0.00591048000000000
-0.00514092000000000
-0.00439461000000000
-0.00365577000000000
-0.00307315000000000
-0.00270166000000000
-0.00243025000000000
-0.00210971000000000
-0.00164558000000000
-0.00107932000000000
-0.000468471000000000
0.000182922000000000
0.000838357000000000
0.00147126000000000
0.00213657000000000
0.00272137000000000
0.00318818000000000
0.00352491000000000
0.00366316000000000
0.00372201000000000
0.00375933000000000
0.00392214000000000
0.00422056000000000
0.00466242000000000
0.00501414000000000
0.00530551000000000
0.00527863000000000
0.00518976000000000
0.00504439000000000
0.00519708000000000
0.00539475000000000
0.00559268000000000
0.00557173000000000
0.00531896000000000
0.00485286000000000
0.00432362000000000
0.00384892000000000
0.00324119000000000
0.00245058000000000
0.00148111000000000
0.000611923000000000
-0.000180512000000000
-0.000952187000000000
-0.00168966000000000
-0.00226719000000000
-0.00279798000000000
-0.00337035000000000
-0.00401868000000000
-0.00464235000000000
-0.00521534000000000
-0.00572891000000000
-0.00623525000000000
-0.00659466000000000
-0.00681584000000000
-0.00703496000000000
-0.00718368000000000
-0.00723499000000000
-0.00729523000000000
-0.00739694000000000
-0.00749951000000000
-0.00747577000000000
-0.00733194000000000
-0.00716836000000000
-0.00703905000000000
-0.00696917000000000
-0.00697833000000000
-0.00707335000000000
-0.00725576000000000
-0.00748563000000000
-0.00766597000000000
-0.00763784000000000
-0.00748121000000000
-0.00732067000000000
-0.00719996000000000
-0.00714109000000000
-0.00712745000000000
-0.00714405000000000
-0.00716999000000000
-0.00719920000000000
-0.00722005000000000
-0.00722745000000000
-0.00720120000000000
-0.00712762000000000
-0.00698782000000000
-0.00680001000000000
-0.00661745000000000
-0.00653858000000000
-0.00637299000000000
-0.00601314000000000
-0.00555129000000000
-0.00494532000000000
-0.00414484000000000
-0.00326546000000000
-0.00234227000000000
-0.00149376000000000
-0.000772468000000000
-0.000264976000000000
9.28332000000000e-05
0.000465378000000000
0.000964522000000000
0.00158669000000000
0.00238448000000000
0.00308577000000000
0.00356687000000000
0.00394363000000000
0.00427255000000000
0.00463092000000000
0.00496505000000000
0.00532988000000000
0.00561780000000000
0.00595916000000000
0.00625113000000000
0.00651123000000000
0.00673157000000000
0.00697179000000000
0.00736178000000000
0.00769862000000000
0.00786212000000000
0.00798212000000000
0.00812527000000000
0.00826213000000000
0.00852765000000000
0.00889610000000000
0.00935215000000000
0.00971347000000000
0.0100344000000000
0.0104218000000000
0.0109532000000000
0.0116020000000000
0.0122469000000000
0.0128063000000000
0.0132732000000000
0.0136834000000000
0.0140670000000000
0.0144887000000000
0.0148258000000000
0.0149559000000000
0.0148592000000000
0.0146984000000000
0.0145729000000000
0.0145160000000000
0.0145109000000000
0.0145060000000000
0.0144301000000000
0.0142340000000000
0.0139151000000000
0.0135785000000000
0.0133089000000000
0.0131303000000000
0.0130757000000000
0.0132541000000000
0.0135392000000000
0.0136854000000000
0.0136530000000000
0.0135720000000000
0.0134853000000000
0.0133861000000000
0.0131750000000000
0.0127486000000000
0.0122365000000000
0.0118349000000000
0.0114908000000000
0.0110322000000000
0.0104598000000000
0.00982173000000000
0.00917129000000000
0.00848311000000000
0.00781312000000000
0.00718413000000000
0.00657618000000000
0.00603165000000000
0.00556987000000000
0.00512548000000000
0.00447628000000000
0.00362565000000000
0.00279316000000000
0.00215865000000000
0.00160496000000000
0.00105279000000000
0.000416555000000000
-0.000121077000000000
-0.000669676000000000
-0.00134058000000000
-0.00202801000000000
-0.00283131000000000
-0.00356522000000000
-0.00417334000000000
-0.00474229000000000
-0.00535874000000000
-0.00594835000000000
-0.00647989000000000
-0.00689886000000000
-0.00732567000000000
-0.00774994000000000
-0.00812754000000000
-0.00842737000000000
-0.00881221000000000
-0.00937295000000000
-0.0101401000000000
-0.0108435000000000
-0.0112227000000000
-0.0114760000000000
-0.0118752000000000
-0.0123152000000000
-0.0126700000000000
-0.0129694000000000
-0.0132342000000000
-0.0134741000000000
-0.0135750000000000
-0.0136038000000000
-0.0135683000000000
-0.0135657000000000
-0.0136320000000000
-0.0138311000000000
-0.0141094000000000
-0.0143525000000000
-0.0145578000000000
-0.0144290000000000
-0.0139551000000000
-0.0133111000000000
-0.0128006000000000
-0.0123629000000000
-0.0120101000000000
-0.0116190000000000
-0.0110514000000000
-0.0102229000000000
-0.00932206000000000
-0.00857852000000000
-0.00806022000000000
-0.00766182000000000
-0.00728422000000000
-0.00690083000000000
-0.00640843000000000
-0.00588036000000000
-0.00524752000000000
-0.00469217000000000
-0.00420610000000000
-0.00378702000000000
-0.00337968000000000
-0.00287471000000000
-0.00224577000000000
-0.00166090000000000
-0.00103380000000000
-0.000499569000000000
-0.000205625000000000
-8.41210000000000e-05
-3.82172000000000e-05
9.93581000000000e-05
0.000440372000000000
0.00102946000000000
0.00170659000000000
0.00235530000000000
0.00285928000000000
0.00330371000000000
0.00364885000000000
0.00388325000000000
0.00402127000000000
0.00400790000000000
0.00376261000000000
0.00351370000000000
0.00349772000000000
0.00384987000000000
0.00463002000000000
0.00565187000000000
0.00642559000000000
0.00674791000000000
0.00673669000000000
0.00661633000000000
0.00643053000000000
0.00625220000000000
0.00635512000000000
0.00668682000000000
0.00728008000000000
0.00782323000000000
0.00795590000000000
0.00798676000000000
0.00814420000000000
0.00834336000000000
0.00867274000000000
0.00887960000000000
0.00909242000000000
0.00944923000000000
0.00989964000000000
0.0102388000000000
0.0103605000000000
0.0102990000000000
0.0101511000000000
0.0101007000000000
0.0103544000000000
0.0107578000000000
0.0110893000000000
0.0111567000000000
0.0110066000000000
0.0107272000000000
0.0102968000000000
0.00980184000000000
0.00936660000000000
0.00932454000000000
0.00943093000000000
0.00962060000000000
0.00975673000000000
0.00983979000000000
0.00979810000000000
0.00966090000000000
0.00939818000000000
0.00909615000000000
0.00886240000000000
0.00862201000000000
0.00839958000000000
0.00817927000000000
0.00811114000000000
0.00805061000000000
0.00801921000000000
0.00784183000000000
0.00753136000000000
0.00703203000000000
0.00656849000000000
0.00609188000000000
0.00559991000000000
0.00504845000000000
0.00463089000000000
0.00433698000000000
0.00413363000000000
0.00393737000000000
0.00342410000000000
0.00272569000000000
0.00201560000000000
0.00132548000000000
0.000578844000000000
-0.000145554000000000
-0.000905512000000000
-0.00165706000000000
-0.00249868000000000
-0.00314217000000000
-0.00348955000000000
-0.00364425000000000
-0.00374152000000000
-0.00393417000000000
-0.00430897000000000
-0.00481189000000000
-0.00550945000000000
-0.00615189000000000
-0.00671340000000000
-0.00708246000000000
-0.00714495000000000
-0.00694998000000000
-0.00652937000000000
-0.00607118000000000
-0.00584396000000000
-0.00595913000000000
-0.00625749000000000
-0.00678060000000000
-0.00729599000000000
-0.00760519000000000
-0.00755856000000000
-0.00733108000000000
-0.00711687000000000
-0.00700881000000000
-0.00707348000000000
-0.00726886000000000
-0.00750136000000000
-0.00758070000000000
-0.00760388000000000
-0.00758581000000000
-0.00739713000000000
-0.00716836000000000
-0.00698007000000000
-0.00681587000000000
-0.00669053000000000
-0.00659867000000000
-0.00660636000000000
-0.00646264000000000
-0.00635219000000000
-0.00628089000000000
-0.00625248000000000
-0.00615310000000000
-0.00591403000000000
-0.00577292000000000
-0.00572744000000000
-0.00568046000000000
-0.00571858000000000
-0.00587801000000000
-0.00595730000000000
-0.00605105000000000
-0.00605664000000000
-0.00607129000000000
-0.00603257000000000
-0.00602528000000000
-0.00600200000000000
-0.00603777000000000
-0.00615150000000000
-0.00636831000000000
-0.00661981000000000
-0.00678408000000000
-0.00687699000000000
-0.00688519000000000
-0.00683324000000000
-0.00669822000000000
-0.00649386000000000
-0.00622912000000000
-0.00600979000000000
-0.00572962000000000
-0.00537749000000000
-0.00490331000000000
-0.00448167000000000
-0.00413045000000000
-0.00381263000000000
-0.00342831000000000
-0.00301873000000000
-0.00273568000000000
-0.00269034000000000
-0.00278418000000000
-0.00283396000000000
-0.00276802000000000
-0.00253386000000000
-0.00221051000000000
-0.00175994000000000
-0.00119180000000000
-0.000568002000000000
9.64755000000000e-06
0.000532200000000000
0.000890789000000000
0.00107848000000000
0.00123085000000000
0.00140305000000000
0.00151682000000000
0.00155546000000000
0.00149963000000000
0.00139518000000000
0.00132046000000000
0.00122374000000000
0.00115116000000000
0.00121524000000000
0.00158885000000000
0.00220874000000000
0.00271664000000000
0.00285942000000000
0.00258610000000000
0.00214322000000000
0.00184088000000000
0.00189007000000000
0.00217918000000000
0.00241385000000000
0.00239695000000000
0.00218944000000000
0.00205176000000000
0.00211539000000000
0.00240564000000000
0.00277233000000000
0.00303889000000000
0.00318686000000000
0.00333230000000000
0.00349831000000000
0.00366878000000000
0.00379251000000000
0.00405050000000000
0.00439921000000000
0.00493864000000000
0.00569744000000000
0.00655922000000000
0.00740928000000000
0.00806516000000000
0.00843466000000000
0.00852133000000000
0.00852729000000000
0.00855322000000000
0.00855784000000000
0.00864510000000000
0.00878713000000000
0.00902089000000000
0.00923858000000000
0.00931889000000000
0.00908511000000000
0.00871126000000000
0.00850077000000000
0.00843370000000000
0.00838038000000000
0.00826697000000000
0.00799909000000000
0.00760143000000000
0.00714146000000000
0.00660649000000000
0.00615500000000000
0.00568763000000000
0.00537973000000000
0.00503712000000000
0.00448209000000000
0.00375453000000000
0.00314873000000000
0.00265082000000000
0.00230506000000000
0.00206217000000000
0.00172380000000000
0.00116980000000000
0.000678756000000000
0.000408248000000000
0.000260049000000000
0.000109716000000000
-0.000265447000000000
-0.000685602000000000
-0.00121191000000000
-0.00178095000000000
-0.00233896000000000
-0.00289532000000000
-0.00329201000000000
-0.00357264000000000
-0.00385813000000000
-0.00428072000000000
-0.00486457000000000
-0.00571215000000000
-0.00663857000000000
-0.00747934000000000
-0.00816557000000000
-0.00877242000000000
-0.00924081000000000
-0.00963120000000000
-0.0100083000000000
-0.0103711000000000
-0.0107774000000000
-0.0111368000000000
-0.0114795000000000
-0.0116557000000000
-0.0117511000000000
-0.0119315000000000
-0.0122357000000000
-0.0125542000000000
-0.0128193000000000
-0.0130483000000000
-0.0132311000000000
-0.0132893000000000
-0.0132461000000000
-0.0131402000000000
-0.0130100000000000
-0.0128758000000000
-0.0127479000000000
-0.0126186000000000
-0.0123151000000000
-0.0117783000000000
-0.0110733000000000
-0.0103270000000000
-0.00962963000000000
-0.00900519000000000
-0.00851661000000000
-0.00817954000000000
-0.00788118000000000
-0.00748930000000000
-0.00692084000000000
-0.00624516000000000
-0.00556739000000000
-0.00498484000000000
-0.00452661000000000
-0.00409983000000000
-0.00358350000000000
-0.00296605000000000
-0.00241330000000000
-0.00199750000000000
-0.00153277000000000
-0.00103925000000000
-0.000476874000000000
0.000180432000000000
0.000781326000000000
0.00119354000000000
0.00147657000000000
0.00173958000000000
0.00210013000000000
0.00255930000000000
0.00307522000000000
0.00363196000000000
0.00417925000000000
0.00460439000000000
0.00487336000000000
0.00493894000000000
0.00482553000000000
0.00466897000000000
0.00464820000000000
0.00489483000000000
0.00535532000000000
0.00593975000000000
0.00654635000000000
0.00704589000000000
0.00733548000000000
0.00754752000000000
0.00772508000000000
0.00789379000000000
0.00805562000000000
0.00809686000000000
0.00792508000000000
0.00762059000000000
0.00736322000000000
0.00724272000000000
0.00728205000000000
0.00742145000000000
0.00752351000000000
0.00746956000000000
0.00724087000000000
0.00685270000000000
0.00644168000000000
0.00612487000000000
0.00591549000000000
0.00572893000000000
0.00548399000000000
0.00510336000000000
0.00461326000000000
0.00407745000000000
0.00353499000000000
0.00295261000000000
0.00231212000000000
0.00174662000000000
0.00140093000000000
0.00119426000000000
0.000981668000000000
0.000718836000000000
0.000340829000000000
-0.000151759000000000
-0.000622545000000000
-0.000929870000000000
-0.00108350000000000
-0.00112710000000000
-0.00113970000000000
-0.00116291000000000
-0.00121235000000000
-0.00124734000000000
-0.00129787000000000
-0.00138978000000000
-0.00143758000000000
-0.00141740000000000
-0.00135195000000000
-0.00130316000000000
-0.00128006000000000
-0.00119708000000000
-0.00102527000000000
-0.000835400000000000
-0.000780367000000000
-0.000934248000000000
-0.00115077000000000
-0.00126888000000000
-0.00115987000000000
-0.000912143000000000
-0.000715182000000000
-0.000648843000000000
-0.000610560000000000
-0.000516120000000000
-0.000313622000000000
-4.26456000000000e-05
0.000220557000000000
0.000449279000000000
0.000641897000000000
0.000760218000000000
0.000802234000000000
0.000812622000000000
0.000828835000000000
0.000897457000000000
0.00103141000000000
0.00121400000000000
0.00142361000000000
0.00166454000000000
0.00193042000000000
0.00224881000000000
0.00249684000000000
0.00256919000000000
0.00245754000000000
0.00232986000000000
0.00224560000000000
0.00223487000000000
0.00234741000000000
0.00253902000000000
0.00267099000000000
0.00271143000000000
0.00274687000000000
0.00284931000000000
0.00299797000000000
0.00312008000000000
0.00314411000000000
0.00307190000000000
0.00295679000000000
0.00277130000000000
0.00258276000000000
0.00248455000000000
0.00249486000000000
0.00253781000000000
0.00252543000000000
0.00243359000000000
0.00229427000000000
0.00208909000000000
0.00186415000000000
0.00162930000000000
0.00140619000000000
0.00111667000000000
0.000808934000000000
0.000515594000000000
0.000296959000000000
0.000145492000000000
3.02495000000000e-05
-8.71822000000000e-05
-0.000218116000000000
-0.000380767000000000
-0.000615633000000000
-0.000907735000000000
-0.00122927000000000
-0.00154957000000000
-0.00180239000000000
-0.00192460000000000
-0.00195310000000000
-0.00194384000000000
-0.00197590000000000
-0.00205128000000000
-0.00212908000000000
-0.00220717000000000
-0.00229785000000000
-0.00240133000000000
-0.00252229000000000
-0.00265825000000000
-0.00274478000000000
-0.00274159000000000
-0.00269171000000000
-0.00264642000000000
-0.00262426000000000
-0.00262414000000000
-0.00263255000000000
-0.00265196000000000
-0.00265108000000000
-0.00262326000000000
-0.00257154000000000
-0.00249593000000000
-0.00239022000000000
-0.00227541000000000
-0.00218265000000000
-0.00211155000000000
-0.00206949000000000
-0.00203797000000000
-0.00199791000000000
-0.00193677000000000
-0.00188171000000000
-0.00184771000000000
-0.00185335000000000
-0.00185097000000000
-0.00178315000000000
-0.00164301000000000
-0.00146160000000000
-0.00128973000000000
-0.00115412000000000
-0.00104578000000000
-0.000944359000000000
-0.000862071000000000
-0.000797201000000000
-0.000746497000000000
-0.000698587000000000
-0.000636150000000000
-0.000535804000000000
-0.000402952000000000
-0.000266966000000000
-0.000144635000000000
-4.04183000000000e-05
5.43194000000000e-05
0.000111541000000000
0.000106436000000000
7.94961000000000e-05
7.77308000000000e-05
9.85879000000000e-05
0.000141394000000000
0.000200458000000000
0.000270846000000000
0.000341144000000000
0.000409727000000000
0.000478498000000000
0.000539174000000000
0.000582969000000000
0.000615312000000000
0.000648011000000000
0.000689520000000000
0.000738252000000000
0.000776694000000000
0.000792840000000000
0.000801257000000000
0.000815743000000000
0.000841440000000000
0.000873068000000000
0.000899170000000000
0.000915175000000000
0.000917755000000000
0.000909052000000000
0.000898991000000000
0.000893986000000000
0.000898580000000000
0.000907260000000000
0.000913659000000000
0.000914824000000000
0.000913015000000000
0.000903671000000000
0.000882769000000000
0.000851392000000000
0.000820673000000000
0.000798415000000000
0.000783963000000000
0.000773135000000000
0.000757357000000000
0.000737275000000000
0.000718399000000000
0.000705738000000000
0.000692727000000000
0.000673153000000000
0.000649402000000000
0.000627301000000000
0.000606671000000000
0.000586832000000000
0.000562531000000000
0.000535582000000000
0.000508868000000000
0.000482747000000000
0.000457960000000000
0.000433712000000000
0.000409696000000000
0.000385347000000000
0.000361409000000000
0.000339204000000000
0.000320472000000000
0.000303494000000000
0.000287186000000000
0.000268541000000000
0.000246835000000000
0.000224795000000000
0.000206307000000000
0.000191364000000000
0.000178993000000000
0.000166893000000000
0.000153998000000000
0.000141409000000000
0.000129036000000000
0.000116817000000000
0.000104972000000000
9.42896000000000e-05
8.46714000000000e-05
7.61685000000000e-05
6.90763000000000e-05
6.29371000000000e-05
5.72352000000000e-05
5.24512000000000e-05
4.79165000000000e-05
4.32098000000000e-05
3.84678000000000e-05
3.38948000000000e-05
2.94020000000000e-05
2.52306000000000e-05
2.13490000000000e-05
1.72340000000000e-05
1.33574000000000e-05
1.02468000000000e-05
7.67872000000000e-06
5.41978000000000e-06
3.33385000000000e-06
1.23666000000000e-06
-1.04856000000000e-06
-3.66686000000000e-06
-6.38322000000000e-06
-9.17252000000000e-06
-1.20274000000000e-05
-1.48682000000000e-05
-1.75590000000000e-05
-2.01395000000000e-05
-2.26916000000000e-05
-2.52481000000000e-05
-2.77935000000000e-05
-3.03149000000000e-05
-3.27973000000000e-05
-3.52390000000000e-05
-3.76313000000000e-05
-3.99473000000000e-05
-4.21970000000000e-05
-4.43757000000000e-05
-4.64936000000000e-05
-4.85516000000000e-05
-5.05567000000000e-05
-5.25069000000000e-05
-5.43979000000000e-05
-5.62269000000000e-05
-5.79960000000000e-05
-5.97052000000000e-05
-6.13549000000000e-05
-6.29452000000000e-05
-6.44773000000000e-05
-6.59515000000000e-05
-6.73684000000000e-05
-6.87281000000000e-05
-7.00310000000000e-05
-7.12771000000000e-05
-7.24667000000000e-05
-7.36000000000000e-05