-0.000339086000000000
-0.000918364000000000
-0.00137605000000000
-0.00120397000000000
-0.000684391000000000
-0.000273951000000000
-0.000396457000000000
-0.000823568000000000
-0.000929660000000000
7.93971000000000e-05
0.00234488000000000
0.00458324000000000
0.00505258000000000
0.00346771000000000
0.000955110000000000
-0.00201910000000000
-0.00585813000000000
-0.00962903000000000
-0.0109180000000000
-0.00891841000000000
-0.00577377000000000
-0.00347593000000000
-0.00153239000000000
0.000827858000000000
0.00214750000000000
0.000760085000000000
-0.00214414000000000
-0.00383931000000000
-0.00343711000000000
-0.00236947000000000
-0.00231443000000000
-0.00357301000000000
-0.00479443000000000
-0.00381379000000000
0.000285811000000000
0.00529400000000000
0.00710385000000000
0.00395227000000000
-0.00147963000000000
-0.00524010000000000
-0.00600233000000000
-0.00492432000000000
-0.00319697000000000
-0.000970552000000000
0.00182765000000000
0.00457817000000000
0.00598738000000000
0.00495857000000000
0.00177232000000000
-0.00148921000000000
-0.00241194000000000
-0.000813417000000000
0.00105048000000000
0.00131657000000000
0.000368926000000000
-0.000635227000000000
-0.00150037000000000
-0.00242145000000000
-0.00304298000000000
-0.00294483000000000
-0.00233823000000000
-0.00123578000000000
0.00130212000000000
0.00525575000000000
0.00765804000000000
0.00475146000000000
-0.00357909000000000
-0.0129683000000000
-0.0181907000000000
-0.0169296000000000
-0.0106328000000000
-0.00270083000000000
0.00384825000000000
0.00790683000000000
0.00959757000000000
0.00812845000000000
0.00229991000000000
-0.00601405000000000
-0.0117301000000000
-0.0117294000000000
-0.00747145000000000
-0.00133144000000000
0.00590102000000000
0.0120268000000000
0.0123192000000000
0.00525697000000000
-0.00375453000000000
-0.00792970000000000
-0.00578993000000000
-0.000519970000000000
0.00410104000000000
0.00563444000000000
0.00369169000000000
0.000603207000000000
-3.45041000000000e-05
0.00314686000000000
0.00768878000000000
0.00951035000000000
0.00648774000000000
0.000775098000000000
-0.00250809000000000
-0.000485097000000000
0.00473780000000000
0.00974198000000000
0.0130270000000000
0.0129004000000000
0.00697895000000000
-0.00230599000000000
-0.00626884000000000
-0.000192059000000000
0.00889268000000000
0.0105498000000000
0.00307415000000000
-0.00613673000000000
-0.00815275000000000
0.00155213000000000
0.0199830000000000
0.0361548000000000
0.0373101000000000
0.0193324000000000
-0.00931876000000000
-0.0345298000000000
-0.0451311000000000
-0.0379385000000000
-0.0195476000000000
-0.000533125000000000
0.0131285000000000
0.0218810000000000
0.0281114000000000
0.0329277000000000
0.0348737000000000
0.0277089000000000
0.00480165000000000
-0.0273801000000000
-0.0467211000000000
-0.0374795000000000
-0.00813345000000000
0.0223100000000000
0.0440566000000000
0.0538458000000000
0.0471085000000000
0.0260754000000000
0.00516882000000000
-0.00597023000000000
-0.0142823000000000
-0.0265494000000000
-0.0341566000000000
-0.0266702000000000
-0.00778744000000000
0.0139034000000000
0.0361512000000000
0.0557603000000000
0.0624325000000000
0.0507517000000000
0.0301932000000000
0.0133065000000000
0.00215586000000000
-0.00779530000000000
-0.0171269000000000
-0.0212047000000000
-0.0158708000000000
-0.00250395000000000
0.0109237000000000
0.0162505000000000
0.0126102000000000
0.00604286000000000
0.00273407000000000
0.00473473000000000
0.0102746000000000
0.0143109000000000
0.0111668000000000
0.00122534000000000
-0.00719407000000000
-0.00793113000000000
-0.00502226000000000
-0.00525332000000000
-0.00810414000000000
-0.00803193000000000
-0.00253662000000000
0.00601476000000000
0.0134180000000000
0.0162533000000000
0.0135045000000000
0.00715260000000000
0.000854238000000000
-0.00359031000000000
-0.00793399000000000
-0.0151409000000000
-0.0251346000000000
-0.0316702000000000
-0.0255513000000000
-0.00580651000000000
0.0140915000000000
0.0191244000000000
0.00955754000000000
-0.00192974000000000
-0.00619606000000000
-0.00360168000000000
0.00228976000000000
0.00816276000000000
0.0100930000000000
0.00722624000000000
0.00438943000000000
0.00402083000000000
0.00147484000000000
-0.00562057000000000
-0.0126180000000000
-0.0176152000000000
-0.0238749000000000
-0.0270791000000000
-0.0154583000000000
0.00791898000000000
0.0190543000000000
0.00177932000000000
-0.0312391000000000
-0.0571679000000000
-0.0677907000000000
-0.0664645000000000
-0.0553807000000000
-0.0371714000000000
-0.0212312000000000
-0.0164964000000000
-0.0205292000000000
-0.0223550000000000
-0.0160288000000000
-0.00563279000000000
0.00342653000000000
0.0138848000000000
0.0324709000000000
0.0528592000000000
0.0525783000000000
0.0170562000000000
-0.0377783000000000
-0.0805481000000000
-0.0969122000000000
-0.0969480000000000
-0.0953609000000000
-0.0922868000000000
-0.0761801000000000
-0.0395770000000000
0.00936022000000000
0.0513007000000000
0.0700655000000000
0.0631181000000000
0.0396385000000000
0.00832504000000000
-0.0271620000000000
-0.0637786000000000
-0.0945745000000000
-0.108394000000000
-0.0950535000000000
-0.0540560000000000
0.000418225000000000
0.0498030000000000
0.0833791000000000
0.0998147000000000
0.102331000000000
0.0960401000000000
0.0872039000000000
0.0748718000000000
0.0488879000000000
0.00385612000000000
-0.0463507000000000
-0.0793042000000000
-0.0853809000000000
-0.0700662000000000
-0.0439615000000000
-0.0150830000000000
0.0134588000000000
0.0431987000000000
0.0714545000000000
0.0795615000000000
0.0437628000000000
-0.0310590000000000
-0.100787000000000
-0.122134000000000
-0.0926443000000000
-0.0399795000000000
0.0107836000000000
0.0481158000000000
0.0663516000000000
0.0633075000000000
0.0421678000000000
0.00989569000000000
-0.0220140000000000
-0.0343668000000000
-0.0101252000000000
0.0436749000000000
0.0943958000000000
0.112683000000000
0.0958399000000000
0.0617883000000000
0.0312405000000000
0.0162998000000000
0.0179062000000000
0.0280285000000000
0.0345527000000000
0.0278183000000000
0.00818635000000000
-0.0107307000000000
-0.0114835000000000
0.00714846000000000
0.0233552000000000
0.0149336000000000
-0.0165929000000000
-0.0508289000000000
-0.0684648000000000
-0.0604786000000000
-0.0293668000000000
0.00914003000000000
0.0319090000000000
0.0267960000000000
0.00261597000000000
-0.0243732000000000
-0.0458603000000000
-0.0585813000000000
-0.0567461000000000
-0.0382001000000000
-0.0143295000000000
-0.00209853000000000
-0.00515366000000000
-0.00830145000000000
0.00587150000000000
0.0339936000000000
0.0495228000000000
0.0298865000000000
-0.0158980000000000
-0.0540602000000000
-0.0582246000000000
-0.0322128000000000
-0.00209845000000000
0.0101280000000000
0.000657911000000000
-0.0205828000000000
-0.0385583000000000
-0.0396049000000000
-0.0186361000000000
0.0148828000000000
0.0389107000000000
0.0361405000000000
0.0131850000000000
-0.00395005000000000
0.00422708000000000
0.0304713000000000
0.0476897000000000
0.0376396000000000
0.0102953000000000
-0.00850234000000000
-0.00389222000000000
0.0157271000000000
0.0300860000000000
0.0289421000000000
0.0200380000000000
0.0166008000000000
0.0231407000000000
0.0337363000000000
0.0392067000000000
0.0367818000000000
0.0336405000000000
0.0389472000000000
0.0533218000000000
0.0668913000000000
0.0675419000000000
0.0504357000000000
0.0216337000000000
-0.00865033000000000
-0.0350696000000000
-0.0588580000000000
-0.0803551000000000
-0.0892771000000000
-0.0698846000000000
-0.0204720000000000
0.0369119000000000
0.0749790000000000
0.0835579000000000
0.0697788000000000
0.0457652000000000
0.0212348000000000
0.00282251000000000
-0.00826499000000000
-0.0151745000000000
-0.0181500000000000
-0.0123035000000000
0.00271442000000000
0.0166615000000000
0.0202889000000000
0.0168424000000000
0.0162011000000000
0.0217338000000000
0.0283631000000000
0.0310261000000000
0.0290372000000000
0.0233466000000000
0.0132371000000000
-0.00228197000000000
-0.0200209000000000
-0.0306386000000000
-0.0238999000000000
0.000866891000000000
0.0283931000000000
0.0358896000000000
0.0125794000000000
-0.0305664000000000
-0.0718692000000000
-0.0942814000000000
-0.0913789000000000
-0.0689259000000000
-0.0414515000000000
-0.0216451000000000
-0.00837294000000000
0.00935236000000000
0.0339565000000000
0.0517754000000000
0.0490388000000000
0.0287605000000000
0.00478013000000000
-0.0137869000000000
-0.0274916000000000
-0.0381415000000000
-0.0406351000000000
-0.0274244000000000
-0.00122234000000000
0.0219339000000000
0.0286919000000000
0.0225323000000000
0.0149729000000000
0.00867535000000000
-0.000305814000000000
-0.00851306000000000
-0.00887838000000000
-0.00507088000000000
-0.00908356000000000
-0.0261233000000000
-0.0497522000000000
-0.0673746000000000
-0.0631031000000000
-0.0269418000000000
0.0282766000000000
0.0691483000000000
0.0772167000000000
0.0697774000000000
0.0708254000000000
0.0797117000000000
0.0813202000000000
0.0692526000000000
0.0440116000000000
0.00759799000000000
-0.0267896000000000
-0.0357230000000000
-0.0141444000000000
0.0112690000000000
0.0143131000000000
-0.00153268000000000
-0.0185067000000000
-0.0301882000000000
-0.0379156000000000
-0.0382316000000000
-0.0302676000000000
-0.0261054000000000
-0.0388278000000000
-0.0644714000000000
-0.0840654000000000
-0.0809127000000000
-0.0523838000000000
-0.0112333000000000
0.0237148000000000
0.0409975000000000
0.0426604000000000
0.0373737000000000
0.0302719000000000
0.0232343000000000
0.0205349000000000
0.0270205000000000
0.0393990000000000
0.0465631000000000
0.0398859000000000
0.0207879000000000
-0.00339722000000000
-0.0267395000000000
-0.0453227000000000
-0.0545113000000000
-0.0500840000000000
-0.0327947000000000
-0.00987495000000000
0.00768592000000000
0.00950821000000000
-0.00898133000000000
-0.0429120000000000
-0.0801835000000000
-0.107014000000000
-0.111639000000000
-0.0868822000000000
-0.0363621000000000
0.0211969000000000
0.0586178000000000
0.0571472000000000
0.0194482000000000
-0.0329463000000000
-0.0738709000000000
-0.0875971000000000
-0.0733347000000000
-0.0391259000000000
0.00298422000000000
0.0369126000000000
0.0472601000000000
0.0329048000000000
0.0113956000000000
0.00244318000000000
0.00997933000000000
0.0231214000000000
0.0294032000000000
0.0223271000000000
0.00318482000000000
-0.0193574000000000
-0.0340558000000000
-0.0361677000000000
-0.0308195000000000
-0.0245047000000000
-0.0178869000000000
-0.00796402000000000
0.00640896000000000
0.0225602000000000
0.0349244000000000
0.0398094000000000
0.0395477000000000
0.0385018000000000
0.0372100000000000
0.0328148000000000
0.0235096000000000
0.00814346000000000
-0.0136489000000000
-0.0342767000000000
-0.0377733000000000
-0.0160403000000000
0.0192173000000000
0.0499095000000000
0.0680259000000000
0.0715904000000000
0.0574954000000000
0.0292574000000000
0.00221784000000000
-0.0126295000000000
-0.0205892000000000
-0.0298107000000000
-0.0368611000000000
-0.0365380000000000
-0.0344419000000000
-0.0366223000000000
-0.0375317000000000
-0.0284882000000000
-0.0113641000000000
0.00606466000000000
0.0207779000000000
0.0317553000000000
0.0338857000000000
0.0218203000000000
-0.00295641000000000
-0.0339193000000000
-0.0631531000000000
-0.0807483000000000
-0.0776957000000000
-0.0540009000000000
-0.0208094000000000
0.00975628000000000
0.0315587000000000
0.0409604000000000
0.0347221000000000
0.0160817000000000
-0.00317817000000000
-0.0131206000000000
-0.0133708000000000
-0.00779387000000000
0.00221127000000000
0.0142280000000000
0.0215107000000000
0.0197084000000000
0.0123321000000000
0.00457566000000000
-0.00326339000000000
-0.0109573000000000
-0.0130177000000000
-0.00468068000000000
0.0108215000000000
0.0255642000000000
0.0335754000000000
0.0319683000000000
0.0209581000000000
0.00584376000000000
-0.00500089000000000
-0.00792184000000000
-0.00665117000000000
-0.00542754000000000
-0.00372086000000000
-0.000112268000000000
0.00297929000000000
0.00198579000000000
-0.00298093000000000
-0.00811987000000000
-0.00985780000000000
-0.00790397000000000
-0.00497980000000000
-0.00322829000000000
-0.00135567000000000
0.00376018000000000
0.0126817000000000
0.0219747000000000
0.0272342000000000
0.0263778000000000
0.0203068000000000
0.0115786000000000
0.00324716000000000
-0.00228311000000000
-0.00374345000000000
-0.000108043000000000
0.00911859000000000
0.0218574000000000
0.0332273000000000
0.0383267000000000
0.0346871000000000
0.0220626000000000
0.00250302000000000
-0.0180327000000000
-0.0301825000000000
-0.0265465000000000
-0.00773668000000000
0.0173593000000000
0.0367846000000000
0.0430700000000000
0.0373465000000000
0.0262677000000000
0.0158158000000000
0.00791469000000000
0.00182436000000000
-0.00306336000000000
-0.00577720000000000
-0.00482931000000000
-0.000482981000000000
0.00417403000000000
0.00515624000000000
0.00273758000000000
0.00254913000000000
0.00895058000000000
0.0190407000000000
0.0256857000000000
0.0247785000000000
0.0170740000000000
0.00558182000000000
-0.00638666000000000
-0.0155012000000000
-0.0199315000000000
-0.0204620000000000
-0.0184188000000000
-0.0141901000000000
-0.00888124000000000
-0.00509218000000000
-0.00347879000000000
-0.00154083000000000
0.00224508000000000
0.00580959000000000
0.00703650000000000
0.00695215000000000
0.00653729000000000
0.00390530000000000
-0.00241923000000000
-0.00988067000000000
-0.0144132000000000
-0.0144775000000000
-0.0104118000000000
-0.00273343000000000
0.00695429000000000
0.0152753000000000
0.0203483000000000
0.0240601000000000
0.0278862000000000
0.0286883000000000
0.0214750000000000
0.00571007000000000
-0.0128475000000000
-0.0252575000000000
-0.0248836000000000
-0.0122856000000000
0.00398658000000000
0.0128189000000000
0.00946174000000000
-0.00152975000000000
-0.0128375000000000
-0.0208523000000000
-0.0244919000000000
-0.0223900000000000
-0.0145140000000000
-0.00426990000000000
0.00399195000000000
0.00830360000000000
0.00851163000000000
0.00471993000000000
-0.00143567000000000
-0.00613644000000000
-0.00751077000000000
-0.00835936000000000
-0.0122520000000000
-0.0186397000000000
-0.0239271000000000
-0.0254077000000000
-0.0220426000000000
-0.0141158000000000
-0.00385897000000000
0.00496786000000000
0.00987638000000000
0.0107278000000000
0.00767019000000000
0.000906068000000000
-0.00644993000000000
-0.00854595000000000
-0.00257494000000000
0.00767877000000000
0.0158229000000000
0.0185546000000000
0.0161611000000000
0.0100472000000000
0.00201024000000000
-0.00506738000000000
-0.00792112000000000
-0.00482960000000000
0.00270198000000000
0.00995574000000000
0.0114771000000000
0.00496350000000000
-0.00672238000000000
-0.0175444000000000
-0.0228740000000000
-0.0223736000000000
-0.0190043000000000
-0.0161254000000000
-0.0150230000000000
-0.0147241000000000
-0.0139256000000000
-0.0126795000000000
-0.0115128000000000
-0.0101652000000000
-0.00787823000000000
-0.00447872000000000
-0.000609576000000000
0.00291459000000000
0.00516181000000000
0.00490137000000000
0.00149679000000000
-0.00368432000000000
-0.00778958000000000
-0.00867177000000000
-0.00608361000000000
-0.00110717000000000
0.00497065000000000
0.0110982000000000
0.0160060000000000
0.0176610000000000
0.0141265000000000
0.00605923000000000
-0.00205313000000000
-0.00465366000000000
-0.000642969000000000
0.00507066000000000
0.00711500000000000
0.00527098000000000
0.00296106000000000
0.00215057000000000
0.00145290000000000
-0.00169697000000000
-0.00811629000000000
-0.0156499000000000
-0.0201081000000000
-0.0181950000000000
-0.0108000000000000
-0.00294404000000000
0.000887981000000000
0.000212505000000000
-0.00291995000000000
-0.00667555000000000
-0.00968908000000000
-0.0104512000000000
-0.00822996000000000
-0.00419012000000000
-0.000603378000000000
0.000918078000000000
0.000420799000000000
-0.000526848000000000
-1.70054000000000e-05
0.00239014000000000
0.00507545000000000
0.00606710000000000
0.00517347000000000
0.00399173000000000
0.00386941000000000
0.00460455000000000
0.00520621000000000
0.00531745000000000
0.00575261000000000
0.00755867000000000
0.0101202000000000
0.0109809000000000
0.00845015000000000
0.00375403000000000
-0.000737923000000000
-0.00426297000000000
-0.00701470000000000
-0.00802908000000000
-0.00582868000000000
-0.000755652000000000
0.00525189000000000
0.0102760000000000
0.0128861000000000
0.0125337000000000
0.0104941000000000
0.00874469000000000
0.00663752000000000
0.00144160000000000
-0.00630158000000000
-0.0111432000000000
-0.00899848000000000
-0.00219397000000000
0.00441224000000000
0.00906711000000000
0.0126767000000000
0.0153011000000000
0.0157808000000000
0.0137619000000000
0.00996503000000000
0.00522172000000000
0.000105984000000000
-0.00472758000000000
-0.00834864000000000
-0.00948390000000000
-0.00702707000000000
-0.00140507000000000
0.00490252000000000
0.00856311000000000
0.00730202000000000
0.00117973000000000
-0.00699647000000000
-0.0127989000000000
-0.0133301000000000
-0.00941027000000000
-0.00386598000000000
0.00125787000000000
0.00498959000000000
0.00645765000000000
0.00546729000000000
0.00335068000000000
0.00168424000000000
0.000624132000000000
-0.000430600000000000
-0.00122670000000000
-0.000982134000000000
0.000418275000000000
0.00246098000000000
0.00451440000000000
0.00561049000000000
0.00463665000000000
0.00158801000000000
-0.00203333000000000
-0.00494613000000000
-0.00722767000000000
-0.00903923000000000
-0.00955396000000000
-0.00810057000000000
-0.00538751000000000
-0.00244154000000000
0.000520156000000000
0.00322593000000000
0.00447300000000000
0.00343218000000000
0.000997504000000000
-0.00146555000000000
-0.00360626000000000
-0.00546129000000000
-0.00652142000000000
-0.00653707000000000
-0.00613630000000000
-0.00537686000000000
-0.00312520000000000
0.00124193000000000
0.00662036000000000
0.0114821000000000
0.0149014000000000
0.0159545000000000
0.0140564000000000
0.0103053000000000
0.00711958000000000
0.00543870000000000
0.00374030000000000
0.000450746000000000
-0.00371471000000000
-0.00647345000000000
-0.00637672000000000
-0.00397979000000000
-0.000990498000000000
0.00180248000000000
0.00486970000000000
0.00783677000000000
0.00858884000000000
0.00593527000000000
0.00180713000000000
-0.00114828000000000
-0.00260646000000000
-0.00326246000000000
-0.00237755000000000
0.000772024000000000
0.00453785000000000
0.00668956000000000
0.00710950000000000
0.00663430000000000
0.00513114000000000
0.00263284000000000
0.000448208000000000
-0.000953466000000000
-0.00300030000000000
-0.00610591000000000
-0.00796688000000000
-0.00663387000000000
-0.00324680000000000
-6.86836000000000e-06
0.00233108000000000
0.00371914000000000
0.00361762000000000
0.00179190000000000
-0.000960401000000000
-0.00364922000000000
-0.00566032000000000
-0.00621165000000000
-0.00436684000000000
-0.000376418000000000
0.00355221000000000
0.00458403000000000
0.00158551000000000
-0.00347450000000000
-0.00669056000000000
-0.00605416000000000
-0.00371657000000000
-0.00316066000000000
-0.00505765000000000
-0.00745501000000000
-0.00880260000000000
-0.00924227000000000
-0.00973912000000000
-0.0109802000000000
-0.0126781000000000
-0.0129283000000000
-0.00942600000000000
-0.00271499000000000
0.00301146000000000
0.00415473000000000
0.00138462000000000
-0.00230435000000000
-0.00519799000000000
-0.00714124000000000
-0.00790254000000000
-0.00695179000000000
-0.00425911000000000
-0.000397901000000000
0.00357266000000000
0.00619335000000000
0.00649940000000000
0.00549317000000000
0.00562457000000000
0.00802121000000000
0.0112183000000000
0.0128926000000000
0.0120054000000000
0.00905639000000000
0.00545635000000000
0.00264872000000000
0.00134852000000000
0.00119746000000000
0.00110881000000000
0.000118459000000000
-0.00180606000000000
-0.00351918000000000
-0.00357873000000000
-0.00177310000000000
0.000426261000000000
0.00168024000000000
0.00228740000000000
0.00305764000000000
0.00370270000000000
0.00324666000000000
0.00134016000000000
-0.00173600000000000
-0.00551297000000000
-0.00886337000000000
-0.00992857000000000
-0.00769950000000000
-0.00333038000000000
0.00105734000000000
0.00415058000000000
0.00539737000000000
0.00425532000000000
0.000705423000000000
-0.00382916000000000
-0.00722695000000000
-0.00824355000000000
-0.00723839000000000
-0.00570736000000000
-0.00518076000000000
-0.00606066000000000
-0.00706553000000000
-0.00634970000000000
-0.00353083000000000
-0.000232801000000000
0.00176595000000000
0.00210232000000000
0.00117673000000000
-0.000776742000000000
-0.00321964000000000
-0.00482431000000000
-0.00454907000000000
-0.00275495000000000
-0.000546350000000000
0.00136017000000000
0.00250395000000000
0.00231014000000000
0.00100079000000000
0.000151166000000000
0.000948247000000000
0.00247056000000000
0.00275331000000000
0.00103890000000000
-0.00192180000000000
-0.00489930000000000
-0.00666368000000000
-0.00631674000000000
-0.00433231000000000
-0.00267645000000000
-0.00261933000000000
-0.00329020000000000
-0.00344090000000000
-0.00329985000000000
-0.00337098000000000
-0.00307494000000000
-0.00197885000000000
-0.000872396000000000
-2.11697000000000e-05
0.00192466000000000
0.00536813000000000
0.00798118000000000
0.00750076000000000
0.00459740000000000
0.00107593000000000
-0.00250945000000000
-0.00548230000000000
-0.00569699000000000
-0.00214764000000000
0.00280385000000000
0.00618420000000000
0.00753222000000000
0.00781174000000000
0.00744500000000000
0.00717119000000000
0.00856883000000000
0.0115199000000000
0.0131485000000000
0.0111110000000000
0.00648138000000000
0.00175895000000000
-0.00189092000000000
-0.00411305000000000
-0.00419655000000000
-0.00193045000000000
0.00149994000000000
0.00477505000000000
0.00752078000000000
0.00945459000000000
0.00969408000000000
0.00762087000000000
0.00365273000000000
-0.00126316000000000
-0.00598803000000000
-0.00897704000000000
-0.00874684000000000
-0.00519742000000000
-0.000204376000000000
0.00370977000000000
0.00509325000000000
0.00439694000000000
0.00344083000000000
0.00352276000000000
0.00396614000000000
0.00295048000000000
-0.000222242000000000
-0.00433696000000000
-0.00742498000000000
-0.00832290000000000
-0.00728057000000000
-0.00533961000000000
-0.00333381000000000
-0.00103983000000000
0.00226596000000000
0.00617826000000000
0.00887695000000000
0.00924727000000000
0.00830574000000000
0.00745644000000000
0.00664002000000000
0.00492661000000000
0.00209431000000000
-0.00117165000000000
-0.00376589000000000
-0.00448166000000000
-0.00278290000000000
0.000161818000000000
0.00191966000000000
0.00121205000000000
-0.000755867000000000
-0.00191766000000000
-0.00157043000000000
-0.000771452000000000
-0.00108651000000000
-0.00316916000000000
-0.00632932000000000
-0.00938167000000000
-0.0114742000000000
-0.0118974000000000
-0.0100723000000000
-0.00634383000000000
-0.00235553000000000
0.000505093000000000
0.00240908000000000
0.00419140000000000
0.00596329000000000
0.00739496000000000
0.00847089000000000
0.00879617000000000
0.00728844000000000
0.00359811000000000
-0.000703050000000000
-0.00338557000000000
-0.00340179000000000
-0.00108587000000000
0.00247163000000000
0.00563408000000000
0.00658511000000000
0.00429299000000000
-0.000745644000000000
-0.00674375000000000
-0.0114735000000000
-0.0132221000000000
-0.0115328000000000
-0.00713044000000000
-0.00150087000000000
0.00351411000000000
0.00625326000000000
0.00615274000000000
0.00399188000000000
0.000893557000000000
-0.00235296000000000
-0.00497866000000000
-0.00611271000000000
-0.00571887000000000
-0.00488836000000000
-0.00468026000000000
-0.00517554000000000
-0.00596644000000000
-0.00704673000000000
-0.00833577000000000
-0.00878830000000000
-0.00663737000000000
-0.00113913000000000
0.00603199000000000
0.0116072000000000
0.0134030000000000
0.0118259000000000
0.00857669000000000
0.00508446000000000
0.00244497000000000
0.00170669000000000
0.00291466000000000
0.00450553000000000
0.00483239000000000
0.00404206000000000
0.00369927000000000
0.00481373000000000
0.00681710000000000
0.00822496000000000
0.00800334000000000
0.00630766000000000
0.00398530000000000
0.00183501000000000
0.000391402000000000
-2.98694000000000e-05
0.000341395000000000
0.000625197000000000
7.02442000000000e-05
-0.00125401000000000
-0.00292796000000000
-0.00479550000000000
-0.00639938000000000
-0.00660728000000000
-0.00486935000000000
-0.00243639000000000
-0.00120604000000000
-0.00172463000000000
-0.00281943000000000
-0.00286311000000000
-0.00102010000000000
0.00222942000000000
0.00544434000000000
0.00728057000000000
0.00744857000000000
0.00664717000000000
0.00541968000000000
0.00366180000000000
0.00131263000000000
-0.000983492000000000
-0.00230478000000000
-0.00225044000000000
-0.00124515000000000
-0.000209953000000000
0.000251867000000000
0.000304248000000000
0.000640560000000000
0.00181192000000000
0.00371149000000000
0.00554078000000000
0.00625619000000000
0.00525783000000000
0.00286118000000000
0.000255163000000000
-0.00134774000000000
-0.00157658000000000
-0.00110681000000000
-0.00112576000000000
-0.00233337000000000
-0.00425653000000000
-0.00559304000000000
-0.00534433000000000
-0.00344090000000000
-0.000588837000000000
0.00233051000000000
0.00469048000000000
0.00609483000000000
0.00611549000000000
0.00419183000000000
0.000336455000000000
-0.00408345000000000
-0.00689159000000000
-0.00721695000000000
-0.00645593000000000
-0.00631610000000000
-0.00669814000000000
-0.00627234000000000
-0.00453063000000000
-0.00232000000000000
-0.000891984000000000
-0.000744643000000000
-0.00117988000000000
-0.000737780000000000
0.00155227000000000
0.00474960000000000
0.00636364000000000
0.00463214000000000
0.000171770000000000
-0.00496414000000000
-0.00897775000000000
-0.0109323000000000
-0.0106056000000000
-0.00828501000000000
-0.00475997000000000
-0.00110195000000000
0.00165965000000000
0.00285997000000000
0.00234088000000000
0.000461806000000000
-0.00197714000000000
-0.00388400000000000
-0.00417954000000000
-0.00245626000000000
0.000576991000000000
0.00359718000000000
0.00560920000000000
0.00626620000000000
0.00557925000000000
0.00383438000000000
0.00179612000000000
0.000422658000000000
0.000243503000000000
0.000959114000000000
0.00161904000000000
0.00129240000000000
-0.000112862000000000
-0.00161404000000000
-0.00203397000000000
-0.00120118000000000
-4.16881000000000e-05
0.000615775000000000
0.000805195000000000
0.000875613000000000
0.000808913000000000
0.000296435000000000
-0.000792255000000000
-0.00231228000000000
-0.00407244000000000
-0.00581495000000000
-0.00691883000000000
-0.00644914000000000
-0.00397972000000000
-0.000380857000000000
0.00249265000000000
0.00331808000000000
0.00231521000000000
0.000691018000000000
-0.000449288000000000
-0.000523409000000000
0.000598695000000000
0.00254856000000000
0.00450067000000000
0.00551755000000000
0.00505715000000000
0.00318403000000000
0.000489737000000000
-0.00217574000000000
-0.00396228000000000
-0.00422944000000000
-0.00289121000000000
-0.000731346000000000
0.000950035000000000
0.00154483000000000
0.00162097000000000
0.00180627000000000
0.00180127000000000
0.00122256000000000
0.000667183000000000
0.000948247000000000
0.00189228000000000
0.00259453000000000
0.00241959000000000
0.00108358000000000
-0.00150580000000000
-0.00470485000000000
-0.00701970000000000
-0.00729987000000000
-0.00571043000000000
-0.00309188000000000
-0.000197714000000000
0.00212591000000000
0.00288292000000000
0.00173857000000000
-0.000534483000000000
-0.00275652000000000
-0.00409496000000000
-0.00418919000000000
-0.00310661000000000
-0.00145733000000000
-0.000217845000000000
-7.88038000000000e-05
-0.000931662000000000
-0.00187891000000000
-0.00185803000000000
-0.000644585000000000
0.000776170000000000
0.00124272000000000
0.000649289000000000
-0.000410447000000000
-0.00168374000000000
-0.00314965000000000
-0.00429314000000000
-0.00447822000000000
-0.00382094000000000
-0.00299037000000000
-0.00254055000000000
-0.00279091000000000
-0.00367818000000000
-0.00411577000000000
-0.00255742000000000
0.000761372000000000
0.00317939000000000
0.00251882000000000
-0.000348951000000000
-0.00294962000000000
-0.00390609000000000
-0.00327233000000000
-0.00156213000000000
0.000412049000000000
0.00159845000000000
0.00179820000000000
0.00206686000000000
0.00303998000000000
0.00374673000000000
0.00305085000000000
0.00129283000000000
-0.000312613000000000
-0.000926085000000000
-0.000200680000000000
0.00185617000000000
0.00441403000000000
0.00589852000000000
0.00546901000000000
0.00400839000000000
0.00302104000000000
0.00309574000000000
0.00378813000000000
0.00436527000000000
0.00429678000000000
0.00354592000000000
0.00275138000000000
0.00281200000000000
0.00379628000000000
0.00458975000000000
0.00408017000000000
0.00233094000000000
0.000205656000000000
-0.00155763000000000
-0.00246070000000000
-0.00210703000000000
-0.000580151000000000
0.00133172000000000
0.00277225000000000
0.00329456000000000
0.00271920000000000
0.00130184000000000
0.000226588000000000
0.000896131000000000
0.00306422000000000
0.00459518000000000
0.00396814000000000
0.00219389000000000
0.00133744000000000
0.00202103000000000
0.00317488000000000
0.00359024000000000
0.00285396000000000
0.00114091000000000
-0.00134194000000000
-0.00443676000000000
-0.00776599000000000
-0.0105084000000000
-0.0115879000000000
-0.0104733000000000
-0.00772310000000000
-0.00466760000000000
-0.00224279000000000
-0.000412871000000000
0.00129176000000000
0.00290251000000000
0.00378377000000000
0.00324301000000000
0.00130055000000000
-0.00105770000000000
-0.00262341000000000
-0.00288649000000000
-0.00225523000000000
-0.00144754000000000
-0.000613558000000000
0.000682232000000000
0.00256643000000000
0.00434475000000000
0.00519334000000000
0.00494355000000000
0.00398272000000000
0.00285747000000000
0.00217538000000000
0.00247599000000000
0.00367567000000000
0.00490881000000000
0.00535162000000000
0.00499889000000000
0.00435805000000000
0.00377719000000000
0.00337391000000000
0.00326539000000000
0.00352304000000000
0.00401754000000000
0.00446643000000000
0.00462707000000000
0.00435962000000000
0.00359446000000000
0.00246584000000000
0.00149779000000000
0.00137783000000000
0.00231579000000000
0.00358617000000000
0.00395570000000000
0.00267731000000000
6.63752000000000e-05
-0.00299902000000000
-0.00585034000000000
-0.00822925000000000
-0.00994287000000000
-0.0104462000000000
-0.00915791000000000
-0.00622216000000000
-0.00274208000000000
5.10805000000000e-05
0.00143896000000000
0.00103368000000000
-0.00123214000000000
-0.00445585000000000
-0.00677606000000000
-0.00686922000000000
-0.00505672000000000
-0.00232858000000000
0.000915290000000000
0.00437092000000000
0.00689052000000000
0.00720050000000000
0.00529200000000000
0.00237112000000000
-0.000166687000000000
-0.00144360000000000
-0.00126080000000000
-0.000121519000000000
0.00115300000000000
0.00228526000000000
0.00369969000000000
0.00550089000000000
0.00679036000000000
0.00646530000000000
0.00436077000000000
0.00129133000000000
-0.00154533000000000
-0.00325796000000000
-0.00373630000000000
-0.00362985000000000
-0.00366323000000000
-0.00386133000000000
-0.00373844000000000
-0.00330106000000000
-0.00337470000000000
-0.00454592000000000
-0.00629472000000000
-0.00744285000000000
-0.00719121000000000
-0.00555637000000000
-0.00317095000000000
-0.000856668000000000
0.000680781000000000
0.00108837000000000
0.000530186000000000
-0.000542504000000000
-0.00179455000000000
-0.00311326000000000
-0.00429828000000000
-0.00487857000000000
-0.00439916000000000
-0.00297535000000000
-0.00145111000000000
-0.000710599000000000
-0.000879331000000000
-0.00118817000000000
-0.000704615000000000
0.000756868000000000
0.00251624000000000
0.00377219000000000
0.00417196000000000
0.00367138000000000
0.00246620000000000
0.00115886000000000
0.000515395000000000
0.000660971000000000
0.000894487000000000
0.000684591000000000
0.000426175000000000
0.000810200000000000
0.00183416000000000
0.00296728000000000
0.00391688000000000
0.00480601000000000
0.00569806000000000
0.00628793000000000
0.00620857000000000
0.00541153000000000
0.00418440000000000
0.00277046000000000
0.00122985000000000
-0.000329084000000000
-0.00156113000000000
-0.00212512000000000
-0.00203833000000000
-0.00152038000000000
-0.000662358000000000
0.000520621000000000
0.00171284000000000
0.00224258000000000
0.00156549000000000
-0.000353384000000000
-0.00310168000000000
-0.00613444000000000
-0.00881547000000000
-0.0103782000000000
-0.0102810000000000
-0.00876471000000000
-0.00692805000000000
-0.00580108000000000
-0.00550840000000000
-0.00531559000000000
-0.00442990000000000
-0.00265694000000000
-0.000484697000000000
0.00129869000000000
0.00205356000000000
0.00149929000000000
-0.000102245000000000
-0.00202082000000000
-0.00346406000000000
-0.00418833000000000
-0.00457338000000000
-0.00484790000000000
-0.00457674000000000
-0.00329599000000000
-0.00136897000000000
0.000322564000000000
0.00120097000000000
0.00129562000000000
0.00102710000000000
0.00107707000000000
0.00213978000000000
0.00416252000000000
0.00604458000000000
0.00647295000000000
0.00499481000000000
0.00217123000000000
-0.000775527000000000
-0.00262083000000000
-0.00294962000000000
-0.00259524000000000
-0.00297728000000000
-0.00453985000000000
-0.00606731000000000
-0.00594778000000000
-0.00400053000000000
-0.00163663000000000
-0.000450074000000000
-0.000785678000000000
-0.00171941000000000
-0.00225616000000000
-0.00219268000000000
-0.00181628000000000
-0.00123035000000000
-0.000264843000000000
0.00102481000000000
0.00209881000000000
0.00244347000000000
0.00236647000000000
0.00287091000000000
0.00437478000000000
0.00594885000000000
0.00621386000000000
0.00475482000000000
0.00230256000000000
2.06214000000000e-05
-0.00110402000000000
-0.000652542000000000
0.000818850000000000
0.00202754000000000
0.00220533000000000
0.00172420000000000
0.00117351000000000
0.000574439000000000
-2.90572000000000e-05
-0.000136725000000000
0.000402755000000000
0.000903280000000000
0.000670500000000000
-0.000227625000000000
-0.00136225000000000
-0.00248450000000000
-0.00333552000000000
-0.00349359000000000
-0.00270383000000000
-0.00120397000000000
0.000475175000000000
0.00191179000000000
0.00301367000000000
0.00379328000000000
0.00390123000000000
0.00284324000000000
0.000875971000000000
-0.000853451000000000
-0.00166901000000000
-0.00212319000000000
-0.00267409000000000
-0.00256007000000000
-0.000918793000000000
0.00168596000000000
0.00399616000000000
0.00558003000000000
0.00664388000000000
0.00697781000000000
0.00610148000000000
0.00420556000000000
0.00208087000000000
0.000442646000000000
-0.000380986000000000
-0.000459175000000000
-0.000273007000000000
-0.000336176000000000
-0.000497794000000000
-0.000103025000000000
0.00110395000000000
0.00264864000000000
0.00396249000000000
0.00478499000000000
0.00489072000000000
0.00403148000000000
0.00238599000000000
0.000799476000000000
0.000198107000000000
0.000795901000000000
0.00194489000000000
0.00273057000000000
0.00274909000000000
0.00231443000000000
0.00183787000000000
0.00124293000000000
0.000228497000000000
-0.00110453000000000
-0.00216072000000000
-0.00233559000000000
-0.00146541000000000
7.07010000000000e-05
0.00153468000000000
0.00217845000000000
0.00178111000000000
0.000863031000000000
9.75342000000000e-05
-0.000352361000000000
-0.000753365000000000
-0.00128254000000000
-0.00179712000000000
-0.00197027000000000
-0.00159109000000000
-0.000842728000000000
-0.000334439000000000
-0.000702099000000000
-0.00190229000000000
-0.00306286000000000
-0.00322557000000000
-0.00213735000000000
-0.000222042000000000
0.00185460000000000
0.00339915000000000
0.00380042000000000
0.00289743000000000
0.00128254000000000
-8.86408000000000e-05
-0.000588937000000000
-0.000137004000000000
0.000998362000000000
0.00234567000000000
0.00340179000000000
0.00390194000000000
0.00382609000000000
0.00309782000000000
0.00166501000000000
4.46550000000000e-05
-0.000731489000000000
-0.000200845000000000
0.000932448000000000
0.00162762000000000
0.00149043000000000
0.000675855000000000
-0.000589802000000000
-0.00188234000000000
-0.00245712000000000
-0.00174694000000000
8.95058000000000e-05
0.00243875000000000
0.00473816000000000
0.00653207000000000
0.00739925000000000
0.00711836000000000
0.00585477000000000
0.00401826000000000
0.00211969000000000
0.000701863000000000
0.000241809000000000
0.000829502000000000
0.00194139000000000
0.00273829000000000
0.00269061000000000
0.00201209000000000
0.00142023000000000
0.00137998000000000
0.00164549000000000
0.00159867000000000
0.000922082000000000
-0.000148092000000000
-0.00109752000000000
-0.00168474000000000
-0.00214900000000000
-0.00266287000000000
-0.00284946000000000
-0.00217802000000000
-0.000716047000000000
0.000872611000000000
0.00186575000000000
0.00188827000000000
0.00112490000000000
0.000409454000000000
0.000669614000000000
0.00172199000000000
0.00219011000000000
0.00123800000000000
-0.000290808000000000
-0.00122813000000000
-0.00160510000000000
-0.00202475000000000
-0.00246727000000000
-0.00262891000000000
-0.00271234000000000
-0.00300574000000000
-0.00327447000000000
-0.00333552000000000
-0.00363628000000000
-0.00443919000000000
-0.00509862000000000
-0.00479943000000000
-0.00350438000000000
-0.00169789000000000
0.000138562000000000
0.00143102000000000
0.00154919000000000
0.000421164000000000
-0.00120104000000000
-0.00253433000000000
-0.00344383000000000
-0.00411713000000000
-0.00449417000000000
-0.00427004000000000
-0.00322893000000000
-0.00155863000000000
-4.61377000000000e-05
0.000377655000000000
-0.000448502000000000
-0.00166108000000000
-0.00223693000000000
-0.00206149000000000
-0.00191308000000000
-0.00241580000000000
-0.00324087000000000
-0.00344290000000000
-0.00252146000000000
-0.00112647000000000
-0.000507603000000000
-0.00113169000000000
-0.00229420000000000
-0.00319061000000000
-0.00365101000000000
-0.00355500000000000
-0.00244819000000000
-0.000301239000000000
0.00192152000000000
0.00311061000000000
0.00308702000000000
0.00238327000000000
0.00142294000000000
0.000258745000000000
-0.00107107000000000
-0.00241137000000000
-0.00364014000000000
-0.00475804000000000
-0.00571594000000000
-0.00606974000000000
-0.00512979000000000
-0.00280013000000000
-0.000161854000000000
0.00141980000000000
0.00155413000000000
0.000776099000000000
-0.000286698000000000
-0.00119089000000000
-0.00156128000000000
-0.00140450000000000
-0.00119167000000000
-0.00108558000000000
-0.000582153000000000
0.000538451000000000
0.00157636000000000
0.00193210000000000
0.00200366000000000
0.00227225000000000
0.00227246000000000
0.00123421000000000
-0.000730702000000000
-0.00280142000000000
-0.00430579000000000
-0.00500003000000000
-0.00496043000000000
-0.00455693000000000
-0.00423766000000000
-0.00399752000000000
-0.00345813000000000
-0.00259796000000000
-0.00195976000000000
-0.00198457000000000
-0.00261004000000000
-0.00357380000000000
-0.00460598000000000
-0.00536377000000000
-0.00555866000000000
-0.00523781000000000
-0.00477248000000000
-0.00456444000000000
-0.00479042000000000
-0.00522787000000000
-0.00539966000000000
-0.00497165000000000
-0.00392510000000000
-0.00224072000000000
5.37435000000000e-05
0.00230499000000000
0.00336934000000000
0.00299380000000000
0.00244676000000000
0.00301975000000000
0.00454600000000000
0.00598138000000000
0.00674146000000000
0.00676248000000000
0.00602277000000000
0.00470821000000000
0.00349652000000000
0.00285797000000000
0.00238806000000000
0.00148328000000000
0.000369347000000000
-0.000113291000000000
0.000486241000000000
0.00175680000000000
0.00272535000000000
0.00261662000000000
0.00149608000000000
0.000238056000000000
-0.000258173000000000
0.000108994000000000
0.000716690000000000
0.00104841000000000
0.00110438000000000
0.000994787000000000
0.000627978000000000
5.12228000000000e-05
-0.000279727000000000
0.000110524000000000
0.00116379000000000
0.00237634000000000
0.00329048000000000
0.00370277000000000
0.00358938000000000
0.00311512000000000
0.00262948000000000
0.00229605000000000
0.00188270000000000
0.00115321000000000
0.000280864000000000
-0.000441653000000000
-0.000982134000000000
-0.00133322000000000
-0.00128654000000000
-0.000770665000000000
-0.000116572000000000
0.000438414000000000
0.00107779000000000
0.00187076000000000
0.00239471000000000
0.00233573000000000
0.00196827000000000
0.00159602000000000
0.00110517000000000
0.000577706000000000
0.000710635000000000
0.00191251000000000
0.00347857000000000
0.00438765000000000
0.00447222000000000
0.00416402000000000
0.00363149000000000
0.00273836000000000
0.00151702000000000
0.000152467000000000
-0.00115464000000000
-0.00197928000000000
-0.00179598000000000
-0.000653050000000000
0.000705266000000000
0.00171212000000000
0.00235889000000000
0.00258688000000000
0.00209445000000000
0.000988639000000000
-6.23546000000000e-05
-0.000678679000000000
-0.00115142000000000
-0.00174494000000000
-0.00215393000000000
-0.00203826000000000
-0.00170554000000000
-0.00178704000000000
-0.00239442000000000
-0.00279162000000000
-0.00208837000000000
-0.000342553000000000
0.00127238000000000
0.00167366000000000
0.000892056000000000
-0.000389465000000000
-0.00168596000000000
-0.00261697000000000
-0.00259310000000000
-0.00135360000000000
0.000472022000000000
0.00200352000000000
0.00297064000000000
0.00342682000000000
0.00317317000000000
0.00207115000000000
0.000543219000000000
-0.000753722000000000
-0.00142888000000000
-0.00130184000000000
-0.000283666000000000
0.00133258000000000
0.00275023000000000
0.00321234000000000
0.00258230000000000
0.00133765000000000
0.000163849000000000
-0.000542633000000000
-0.000867249000000000
-0.00117230000000000
-0.00174972000000000
-0.00262527000000000
-0.00350567000000000
-0.00383381000000000
-0.00316302000000000
-0.00164678000000000
-0.000109895000000000
0.000676484000000000
0.000693227000000000
0.000490917000000000
0.000477934000000000
0.000556845000000000
0.000440359000000000
0.000118645000000000
-0.000142494000000000
-0.000224894000000000
-0.000268518000000000
-0.000261118000000000
0.000121455000000000
0.00107114000000000
0.00227525000000000
0.00320791000000000
0.00358081000000000
0.00334317000000000
0.00254777000000000
0.00143610000000000
0.000499324000000000
0.000153197000000000
0.000389293000000000
0.000849734000000000
0.00119575000000000
0.00136718000000000
0.00148142000000000
0.00150559000000000
0.00120097000000000
0.000582403000000000
0.000147370000000000
0.000304184000000000
0.000833505000000000
0.00130970000000000
0.00170812000000000
0.00216944000000000
0.00253233000000000
0.00258638000000000
0.00245941000000000
0.00224737000000000
0.00168152000000000
0.000645443000000000
-0.000376933000000000
-0.000838724000000000
-0.000699561000000000
-0.000137762000000000
0.000743499000000000
0.00167580000000000
0.00219411000000000
0.00219818000000000
0.00212140000000000
0.00226488000000000
0.00236576000000000
0.00207057000000000
0.00151838000000000
0.00115178000000000
0.00116422000000000
0.00123321000000000
0.000832576000000000
-0.000143903000000000
-0.00118774000000000
-0.00176417000000000
-0.00186096000000000
-0.00174672000000000
-0.00154891000000000
-0.00138677000000000
-0.00157457000000000
-0.00223858000000000
-0.00299895000000000
-0.00341952000000000
-0.00351289000000000
-0.00338828000000000
-0.00282930000000000
-0.00168095000000000
-0.000358974000000000
0.000446929000000000
0.000390745000000000
-0.000392889000000000
-0.00149129000000000
-0.00237348000000000
-0.00256100000000000
-0.00189092000000000
-0.000634491000000000
0.000717262000000000
0.00175709000000000
0.00227775000000000
0.00221498000000000
0.00158708000000000
0.000575854000000000
-0.000363800000000000
-0.000649654000000000
-9.04281000000000e-05
0.000821352000000000
0.00134559000000000
0.00119553000000000
0.000711200000000000
0.000397400000000000
0.000465595000000000
0.000845945000000000
0.00138369000000000
0.00180677000000000
0.00177139000000000
0.00125630000000000
0.000762515000000000
0.000869393000000000
0.00156785000000000
0.00218596000000000
0.00205427000000000
0.00120240000000000
0.000242567000000000
-0.000400925000000000
-0.00101702000000000
-0.00210167000000000
-0.00333009000000000
-0.00363006000000000
-0.00262398000000000
-0.00135467000000000
-0.000946889000000000
-0.00125172000000000
-0.00148936000000000
-0.00155377000000000
-0.00184109000000000
-0.00231779000000000
-0.00258931000000000
-0.00255020000000000
-0.00225516000000000
-0.00154541000000000
-0.000454600000000000
0.000436727000000000
0.000696280000000000
0.000603971000000000
0.000561056000000000
0.000537929000000000
0.000540395000000000
0.000949820000000000
0.00184238000000000
0.00257801000000000
0.00257229000000000
0.00200316000000000
0.00134924000000000
0.000798046000000000
0.000412020000000000
0.000341323000000000
0.000473516000000000
0.000331193000000000
-0.000298429000000000
-0.000981133000000000
-0.00126952000000000
-0.00135646000000000
-0.00170990000000000
-0.00237812000000000
-0.00298586000000000
-0.00322100000000000
-0.00307001000000000
-0.00272557000000000
-0.00242559000000000
-0.00232386000000000
-0.00235446000000000
-0.00232093000000000
-0.00220455000000000
-0.00219926000000000
-0.00235503000000000
-0.00247171000000000
-0.00246227000000000
-0.00247607000000000
-0.00252933000000000
-0.00239585000000000
-0.00207029000000000
-0.00194160000000000
-0.00220848000000000
-0.00251474000000000
-0.00248414000000000
-0.00223550000000000
-0.00206528000000000
-0.00199994000000000
-0.00196570000000000
-0.00205813000000000
-0.00236769000000000
-0.00276617000000000
-0.00308445000000000
-0.00331265000000000
-0.00349237000000000
-0.00358052000000000
-0.00346421000000000
-0.00305657000000000
-0.00237941000000000
-0.00159838000000000
-0.000887624000000000
-0.000336348000000000
-6.08154000000000e-05
-0.000193381000000000
-0.000589437000000000
-0.000802693000000000
-0.000649718000000000
-0.000471693000000000
-0.000538694000000000
-0.000582839000000000
-0.000319011000000000
-2.66745000000000e-06
-1.65915000000000e-05
-0.000258344000000000
-0.000390837000000000
-0.000411241000000000
-0.000542661000000000
-0.000765876000000000
-0.000808126000000000
-0.000501097000000000
5.19956000000000e-05
0.000578585000000000
0.000792827000000000
0.000548724000000000
-4.54078000000000e-05
-0.000666254000000000
-0.00111232000000000
-0.00154798000000000
-0.00225895000000000
-0.00319311000000000
-0.00386584000000000
-0.00375503000000000
-0.00275674000000000
-0.00135102000000000
-0.000252918000000000
0.000158344000000000
0.000211197000000000
0.000575547000000000
0.00146062000000000
0.00247006000000000
0.00335790000000000
0.00434368000000000
0.00539401000000000
0.00591318000000000
0.00561220000000000
0.00511492000000000
0.00505930000000000
0.00517897000000000
0.00489287000000000
0.00433260000000000
0.00405922000000000
0.00416281000000000
0.00423630000000000
0.00400875000000000
0.00352576000000000
0.00289536000000000
0.00223986000000000
0.00175988000000000
0.00159595000000000
0.00172735000000000
0.00210489000000000
0.00264192000000000
0.00305550000000000
0.00301324000000000
0.00255421000000000
0.00209996000000000
0.00192967000000000
0.00190214000000000
0.00184266000000000
0.00189764000000000
0.00225745000000000
0.00276725000000000
0.00305936000000000
0.00292102000000000
0.00240901000000000
0.00178354000000000
0.00144225000000000
0.00168889000000000
0.00235625000000000
0.00285525000000000
0.00285375000000000
0.00266516000000000
0.00270934000000000
0.00291659000000000
0.00292688000000000
0.00258959000000000
0.00202954000000000
0.00146913000000000
0.00113369000000000
0.00114392000000000
0.00131878000000000
0.00126109000000000
0.000811486000000000
0.000242774000000000
-0.000128068000000000
-0.000298243000000000
-0.000413693000000000
-0.000489115000000000
-0.000395606000000000
-3.86462000000000e-05
0.000535455000000000
0.00115278000000000
0.00162226000000000
0.00183230000000000
0.00172928000000000
0.00129061000000000
0.000590167000000000
-0.000129047000000000
-0.000642862000000000
-0.000967121000000000
-0.00121705000000000
-0.00132900000000000
-0.00112919000000000
-0.000631610000000000
-8.10485000000000e-05
0.000221241000000000
5.75890000000000e-05
-0.000584633000000000
-0.00137068000000000
-0.00175981000000000
-0.00158258000000000
-0.00130484000000000
-0.00145626000000000
-0.00201016000000000
-0.00257479000000000
-0.00290780000000000
-0.00298887000000000
-0.00286712000000000
-0.00267781000000000
-0.00262098000000000
-0.00271041000000000
-0.00275838000000000
-0.00272464000000000
-0.00277961000000000
-0.00289428000000000
-0.00276589000000000
-0.00236054000000000
-0.00214056000000000
-0.00245483000000000
-0.00299873000000000
-0.00320255000000000
-0.00294447000000000
-0.00262941000000000
-0.00266838000000000
-0.00302962000000000
-0.00331179000000000
-0.00324752000000000
-0.00302754000000000
-0.00302061000000000
-0.00329320000000000
-0.00360361000000000
-0.00379134000000000
-0.00394970000000000
-0.00420799000000000
-0.00452841000000000
-0.00475418000000000
-0.00471336000000000
-0.00432659000000000
-0.00378941000000000
-0.00354921000000000
-0.00380571000000000
-0.00418175000000000
-0.00413557000000000
-0.00354971000000000
-0.00265937000000000
-0.00167509000000000
-0.000747646000000000
-9.21867000000000e-05
0.000169218000000000
0.000164513000000000
-1.70311000000000e-06
-0.000410369000000000
-0.00103168000000000
-0.00157758000000000
-0.00189263000000000
-0.00208473000000000
-0.00207965000000000
-0.00156893000000000
-0.000604701000000000
0.000248622000000000
0.000642204000000000
0.000806554000000000
0.000972054000000000
0.000957970000000000
0.000616111000000000
0.000261519000000000
0.000327361000000000
0.000825927000000000
0.00135052000000000
0.00154469000000000
0.00151495000000000
0.00168159000000000
0.00216809000000000
0.00260332000000000
0.00276703000000000
0.00299201000000000
0.00350310000000000
0.00388171000000000
0.00373658000000000
0.00339414000000000
0.00330714000000000
0.00334632000000000
0.00327347000000000
0.00332137000000000
0.00365201000000000
0.00383545000000000
0.00350924000000000
0.00302840000000000
0.00284674000000000
0.00277354000000000
0.00240636000000000
0.00185982000000000
0.00160789000000000
0.00188155000000000
0.00249451000000000
0.00305378000000000
0.00329513000000000
0.00330664000000000
0.00335211000000000
0.00347386000000000
0.00340408000000000
0.00289722000000000
0.00200380000000000
0.00107128000000000
0.000598081000000000
0.000934307000000000
0.00186990000000000
0.00267359000000000
0.00289536000000000
0.00285275000000000
0.00300981000000000
0.00326039000000000
0.00325517000000000
0.00306365000000000
0.00304127000000000
0.00327912000000000
0.00351832000000000
0.00350074000000000
0.00317331000000000
0.00267095000000000
0.00226531000000000
0.00221806000000000
0.00251639000000000
0.00284260000000000
0.00291130000000000
0.00271584000000000
0.00242567000000000
0.00221098000000000
0.00215808000000000
0.00220991000000000
0.00216380000000000
0.00183394000000000
0.00123678000000000
0.000585827000000000
8.97847000000000e-05
-0.000184259000000000
-0.000278848000000000
-0.000286526000000000
-0.000340237000000000
-0.000579350000000000
-0.00105069000000000
-0.00164278000000000
-0.00216251000000000
-0.00249337000000000
-0.00266394000000000
-0.00278240000000000
-0.00290551000000000
-0.00299273000000000
-0.00297064000000000
-0.00283144000000000
-0.00266473000000000
-0.00261333000000000
-0.00273915000000000
-0.00293432000000000
-0.00301432000000000
-0.00289907000000000
-0.00264428000000000
-0.00233773000000000
-0.00202175000000000
-0.00170383000000000
-0.00137590000000000
-0.00104740000000000
-0.000831432000000000
-0.000903137000000000
-0.00124994000000000
-0.00158108000000000
-0.00162354000000000
-0.00135474000000000
-0.000876328000000000
-0.000307709000000000
0.000101673000000000
5.78306000000000e-05
-0.000387141000000000
-0.000772739000000000
-0.000786894000000000
-0.000634612000000000
-0.000634341000000000
-0.000726627000000000
-0.000637400000000000
-0.000313163000000000
2.12483000000000e-05
0.000131885000000000
-5.04521000000000e-06
-0.000219039000000000
-0.000322721000000000
-0.000252489000000000
-6.24403000000000e-05
0.000155570000000000
0.000258659000000000
5.69556000000000e-05
-0.000482760000000000
-0.00107571000000000
-0.00137226000000000
-0.00131056000000000
-0.00107207000000000
-0.000843300000000000
-0.000776528000000000
-0.000996432000000000
-0.00139084000000000
-0.00156864000000000
-0.00128347000000000
-0.000767377000000000
-0.000411655000000000
-0.000323415000000000
-0.000373287000000000
-0.000447858000000000
-0.000461606000000000
-0.000311154000000000
-1.97206000000000e-05
0.000207308000000000
0.000180792000000000
-0.000119925000000000
-0.000627528000000000
-0.00120997000000000
-0.00166029000000000
-0.00187305000000000
-0.00193446000000000
-0.00187991000000000
-0.00160782000000000
-0.00123013000000000
-0.00111103000000000
-0.00134116000000000
-0.00161418000000000
-0.00178061000000000
-0.00198414000000000
-0.00218667000000000
-0.00228025000000000
-0.00256393000000000