-0.000881425000000000
-0.00239894000000000
-0.00342013000000000
-0.00332994000000000
-0.00333100000000000
-0.00396051000000000
-0.00444886000000000
-0.00366470000000000
-0.00188366000000000
-0.000202628000000000
0.00119114000000000
0.00239022000000000
0.00261947000000000
0.00162298000000000
0.000654750000000000
0.000598137000000000
0.000580085000000000
-0.000512895000000000
-0.00198230000000000
-0.00232037000000000
-0.00162720000000000
-0.00155100000000000
-0.00231086000000000
-0.00177669000000000
0.00108462000000000
0.00364120000000000
0.00294315000000000
9.01300000000000e-05
-0.00167501000000000
-0.00175662000000000
-0.00161386000000000
-0.00106378000000000
0.00100099000000000
0.00323459000000000
0.00339372000000000
0.00201149000000000
0.00127248000000000
0.00132374000000000
0.00123841000000000
0.00138461000000000
0.00187652000000000
0.00103745000000000
-0.00173245000000000
-0.00397385000000000
-0.00354849000000000
-0.00107322000000000
0.00205995000000000
0.00503096000000000
0.00596156000000000
0.00322905000000000
-0.00127490000000000
-0.00389488000000000
-0.00411277000000000
-0.00387282000000000
-0.00327395000000000
-0.00112494000000000
0.00148075000000000
0.00235351000000000
0.00181697000000000
0.00166365000000000
0.00201188000000000
0.00201201000000000
0.00192948000000000
0.00203803000000000
0.00141710000000000
-0.000401584000000000
-0.00230399000000000
-0.00341208000000000
-0.00371053000000000
-0.00281122000000000
-0.000381564000000000
0.00212730000000000
0.00273357000000000
0.00151244000000000
7.95932000000000e-05
-0.000624535000000000
-0.000705063000000000
-0.000414314000000000
-0.000280198000000000
-0.000649692000000000
-0.000610339000000000
0.000714915000000000
0.00190703000000000
0.00100836000000000
-0.000601042000000000
9.08708000000000e-06
0.00223057000000000
0.00237055000000000
-0.000208042000000000
-0.00234982000000000
-0.00220125000000000
-0.00136296000000000
-0.00100953000000000
-0.000512261000000000
0.000536810000000000
0.00152776000000000
0.00237306000000000
0.00297907000000000
0.00251370000000000
0.00123114000000000
0.00137933000000000
0.00341789000000000
0.00453469000000000
0.00321558000000000
0.00218989000000000
0.00334579000000000
0.00429276000000000
0.00270597000000000
0.000604067000000000
0.000436672000000000
0.00105215000000000
0.000558322000000000
-0.000237860000000000
-0.000138646000000000
0.000145289000000000
-4.10485000000000e-05
1.64701000000000e-05
0.000249217000000000
-0.000520514000000000
-0.00212624000000000
-0.00295503000000000
-0.00285044000000000
-0.00280396000000000
-0.00235219000000000
-0.000220482000000000
0.00270558000000000
0.00418804000000000
0.00387269000000000
0.00309910000000000
0.00226794000000000
0.000700745000000000
-0.00102461000000000
-0.00145764000000000
-0.000271522000000000
0.00112166000000000
0.00151825000000000
0.000865803000000000
8.09692000000000e-05
-0.000271324000000000
-8.17444000000000e-05
0.000689917000000000
0.00222991000000000
0.00368953000000000
0.00329019000000000
0.000300099000000000
-0.00313278000000000
-0.00439815000000000
-0.00352103000000000
-0.00239128000000000
-0.00140125000000000
-6.20151000000000e-05
0.000600118000000000
-0.000906450000000000
-0.00338105000000000
-0.00382951000000000
-0.00148656000000000
0.00168610000000000
0.00389118000000000
0.00474057000000000
0.00431984000000000
0.00346569000000000
0.00383783000000000
0.00592063000000000
0.00801161000000000
0.00815846000000000
0.00609005000000000
0.00244107000000000
-0.00190122000000000
-0.00531832000000000
-0.00615503000000000
-0.00453614000000000
-0.00165361000000000
0.00177299000000000
0.00487025000000000
0.00580706000000000
0.00403895000000000
0.00148828000000000
9.25202000000000e-06
-0.000622911000000000
-0.000607289000000000
0.000682495000000000
0.00215569000000000
0.00100141000000000
-0.00264179000000000
-0.00488728000000000
-0.00346820000000000
-0.000815674000000000
9.63630000000000e-05
-0.000417299000000000
-0.000766694000000000
-0.000956077000000000
-0.00171726000000000
-0.00244582000000000
-0.00194519000000000
-0.000146609000000000
0.00155880000000000
0.00210710000000000
0.00198415000000000
0.00220020000000000
0.00237068000000000
0.00140297000000000
-0.000287038000000000
-0.000860428000000000
0.000257193000000000
0.00161360000000000
0.00176467000000000
0.000471601000000000
-0.00192208000000000
-0.00435377000000000
-0.00476355000000000
-0.00239009000000000
0.000636341000000000
0.00207712000000000
0.00255609000000000
0.00359828000000000
0.00469065000000000
0.00477121000000000
0.00422238000000000
0.00356843000000000
0.00238243000000000
0.00139240000000000
0.00236236000000000
0.00466252000000000
0.00491620000000000
0.00210828000000000
-0.000593066000000000
-0.000922006000000000
-0.000877067000000000
-0.00252836000000000
-0.00438851000000000
-0.00464852000000000
-0.00430544000000000
-0.00460812000000000
-0.00433951000000000
-0.00222753000000000
0.000556222000000000
0.00230294000000000
0.00305156000000000
0.00322852000000000
0.00199326000000000
-0.000806892000000000
-0.00326880000000000
-0.00338897000000000
-0.00183189000000000
-0.000539187000000000
-6.06721000000000e-05
0.000936255000000000
0.00321796000000000
0.00566391000000000
0.00619174000000000
0.00417405000000000
0.00117014000000000
-0.000782924000000000
-0.00161439000000000
-0.00252756000000000
-0.00350478000000000
-0.00309897000000000
-0.000968371000000000
0.00105763000000000
0.00138395000000000
0.000424139000000000
-0.000484885000000000
-0.000972148000000000
-0.00113725000000000
-0.000886126000000000
-0.000630636000000000
-0.00151641000000000
-0.00378910000000000
-0.00611369000000000
-0.00730432000000000
-0.00725123000000000
-0.00602852000000000
-0.00356262000000000
-0.000809850000000000
0.000780415000000000
0.00103984000000000
0.00136560000000000
0.00253298000000000
0.00372954000000000
0.00378606000000000
0.00255331000000000
0.000821960000000000
-0.000886285000000000
-0.00300350000000000
-0.00629342000000000
-0.0100817000000000
-0.0129780000000000
-0.0148049000000000
-0.0164146000000000
-0.0168372000000000
-0.0137246000000000
-0.00711376000000000
-6.19385000000000e-05
0.00472736000000000
0.00602006000000000
0.00247870000000000
-0.00495556000000000
-0.0108837000000000
-0.0112420000000000
-0.0112127000000000
-0.0200237000000000
-0.0381895000000000
-0.0558362000000000
-0.0646906000000000
-0.0647460000000000
-0.0595589000000000
-0.0516302000000000
-0.0443935000000000
-0.0417457000000000
-0.0426266000000000
-0.0407342000000000
-0.0327923000000000
-0.0224087000000000
-0.0124157000000000
0.00151495000000000
0.0246867000000000
0.0540415000000000
0.0793898000000000
0.0925426000000000
0.0928332000000000
0.0862118000000000
0.0809494000000000
0.0815833000000000
0.0850735000000000
0.0843181000000000
0.0745948000000000
0.0547929000000000
0.0256005000000000
-0.00899741000000000
-0.0417193000000000
-0.0666992000000000
-0.0805083000000000
-0.0769560000000000
-0.0510610000000000
-0.0105817000000000
0.0254592000000000
0.0436909000000000
0.0426318000000000
0.0249957000000000
-0.00370498000000000
-0.0308894000000000
-0.0452373000000000
-0.0472353000000000
-0.0403142000000000
-0.0204014000000000
0.0132215000000000
0.0459887000000000
0.0626741000000000
0.0632115000000000
0.0522627000000000
0.0295437000000000
0.00376929000000000
-0.00581591000000000
0.00257920000000000
0.00578421000000000
-0.00987955000000000
-0.0298923000000000
-0.0404120000000000
-0.0489785000000000
-0.0576467000000000
-0.0440673000000000
0.00488160000000000
0.0606589000000000
0.0815199000000000
0.0598018000000000
0.0208293000000000
-0.0134552000000000
-0.0382079000000000
-0.0535965000000000
-0.0594400000000000
-0.0616321000000000
-0.0670293000000000
-0.0700111000000000
-0.0541538000000000
-0.0130563000000000
0.0356447000000000
0.0631112000000000
0.0562139000000000
0.0304285000000000
0.0122600000000000
0.0117866000000000
0.0161479000000000
0.0105422000000000
-0.00373694000000000
-0.0155312000000000
-0.0196725000000000
-0.0187085000000000
-0.0154374000000000
-0.0129079000000000
-0.0176745000000000
-0.0333522000000000
-0.0524727000000000
-0.0621907000000000
-0.0594532000000000
-0.0528609000000000
-0.0485783000000000
-0.0415622000000000
-0.0242786000000000
0.00161466000000000
0.0271720000000000
0.0451264000000000
0.0537933000000000
0.0541115000000000
0.0486048000000000
0.0419980000000000
0.0386965000000000
0.0390874000000000
0.0408161000000000
0.0429263000000000
0.0452492000000000
0.0448702000000000
0.0367936000000000
0.0205823000000000
0.00441980000000000
-0.000560065000000000
0.00907057000000000
0.0252704000000000
0.0374248000000000
0.0430280000000000
0.0444714000000000
0.0392155000000000
0.0220838000000000
-0.00201215000000000
-0.0197742000000000
-0.0241386000000000
-0.0208808000000000
-0.0168002000000000
-0.0117775000000000
-0.00423981000000000
0.00291792000000000
0.00739530000000000
0.0106699000000000
0.0133245000000000
0.0129132000000000
0.00866423000000000
0.00356936000000000
0.000229765000000000
-0.00161347000000000
-0.00323499000000000
-0.00500362000000000
-0.00625975000000000
-0.00508312000000000
-2.32050000000000e-05
0.00649520000000000
0.00862581000000000
0.00323842000000000
-0.00637596000000000
-0.0147758000000000
-0.0194480000000000
-0.0200990000000000
-0.0163024000000000
-0.00883261000000000
-0.000459914000000000
0.00668933000000000
0.0129130000000000
0.0182714000000000
0.0203367000000000
0.0167712000000000
0.00870372000000000
-0.000268088000000000
-0.00713740000000000
-0.0103462000000000
-0.00962957000000000
-0.00559062000000000
0.00112450000000000
0.00940837000000000
0.0152076000000000
0.0129343000000000
0.00196183000000000
-0.0112556000000000
-0.0205163000000000
-0.0255807000000000
-0.0279141000000000
-0.0265513000000000
-0.0217880000000000
-0.0176124000000000
-0.0162918000000000
-0.0160343000000000
-0.0159960000000000
-0.0160951000000000
-0.0115200000000000
0.00382687000000000
0.0260587000000000
0.0427150000000000
0.0464509000000000
0.0414050000000000
0.0336427000000000
0.0246682000000000
0.0155285000000000
0.0106391000000000
0.0119659000000000
0.0161492000000000
0.0201096000000000
0.0260653000000000
0.0349910000000000
0.0394717000000000
0.0332598000000000
0.0242760000000000
0.0240977000000000
0.0269712000000000
0.0201809000000000
0.0105480000000000
0.0173773000000000
0.0344985000000000
0.0330855000000000
0.00663783000000000
-0.0174354000000000
-0.0267124000000000
-0.0450471000000000
-0.0897391000000000
-0.138210000000000
-0.156949000000000
-0.141987000000000
-0.114216000000000
-0.0923419000000000
-0.0815053000000000
-0.0772795000000000
-0.0722336000000000
-0.0659213000000000
-0.0676988000000000
-0.0804344000000000
-0.0914069000000000
-0.0896083000000000
-0.0833594000000000
-0.0849890000000000
-0.0866701000000000
-0.0640448000000000
-0.00598481000000000
0.0724912000000000
0.141327000000000
0.174539000000000
0.160554000000000
0.114230000000000
0.0708919000000000
0.0550253000000000
0.0549144000000000
0.0473595000000000
0.0413020000000000
0.0704430000000000
0.137524000000000
0.195153000000000
0.197979000000000
0.150175000000000
0.0875443000000000
0.0357055000000000
0.00269937000000000
-0.00898606000000000
-0.00182793000000000
0.0124854000000000
0.0210234000000000
0.0166008000000000
-0.00159762000000000
-0.0267679000000000
-0.0446404000000000
-0.0463532000000000
-0.0387480000000000
-0.0340336000000000
-0.0338593000000000
-0.0323895000000000
-0.0279247000000000
-0.0223361000000000
-0.0148418000000000
-0.00521518000000000
0.00208240000000000
0.00408993000000000
0.00351812000000000
-0.00306411000000000
-0.0290828000000000
-0.0768358000000000
-0.122069000000000
-0.138884000000000
-0.128664000000000
-0.109707000000000
-0.0838890000000000
-0.0377550000000000
0.0275615000000000
0.0896664000000000
0.130163000000000
0.140495000000000
0.110214000000000
0.0412849000000000
-0.0318085000000000
-0.0691409000000000
-0.0705922000000000
-0.0660072000000000
-0.0671363000000000
-0.0583479000000000
-0.0318322000000000
-0.00265156000000000
0.0147283000000000
0.0184140000000000
0.00862396000000000
-0.0142621000000000
-0.0387150000000000
-0.0485176000000000
-0.0387480000000000
-0.0162773000000000
0.00925294000000000
0.0280832000000000
0.0320884000000000
0.0210208000000000
0.00387652000000000
-0.00923129000000000
-0.0144523000000000
-0.0136533000000000
-0.0102658000000000
-0.00789263000000000
-0.00834677000000000
-0.00965862000000000
-0.00826648000000000
-0.00325242000000000
0.00354295000000000
0.00962693000000000
0.0127252000000000
0.0114332000000000
0.00680263000000000
0.00233846000000000
0.000819438000000000
0.00234797000000000
0.00685968000000000
0.0167487000000000
0.0326867000000000
0.0496176000000000
0.0620547000000000
0.0711521000000000
0.0787638000000000
0.0770722000000000
0.0550372000000000
0.0166233000000000
-0.0183862000000000
-0.0360475000000000
-0.0410696000000000
-0.0447170000000000
-0.0496995000000000
-0.0529970000000000
-0.0546741000000000
-0.0562456000000000
-0.0557345000000000
-0.0512538000000000
-0.0452967000000000
-0.0396130000000000
-0.0307877000000000
-0.0161849000000000
0.000213113000000000
0.0150214000000000
0.0327183000000000
0.0581023000000000
0.0845215000000000
0.100568000000000
0.104683000000000
0.103753000000000
0.0986146000000000
0.0833053000000000
0.0593172000000000
0.0402812000000000
0.0384562000000000
0.0513066000000000
0.0644357000000000
0.0643393000000000
0.0483472000000000
0.0244239000000000
0.00345170000000000
-0.00871666000000000
-0.0132175000000000
-0.0150835000000000
-0.0188392000000000
-0.0247038000000000
-0.0288253000000000
-0.0293932000000000
-0.0335014000000000
-0.0501379000000000
-0.0766840000000000
-0.0995324000000000
-0.112479000000000
-0.121367000000000
-0.129970000000000
-0.132453000000000
-0.126291000000000
-0.118921000000000
-0.114534000000000
-0.102455000000000
-0.0716935000000000
-0.0293998000000000
0.00518600000000000
0.0237094000000000
0.0324635000000000
0.0393265000000000
0.0451449000000000
0.0486193000000000
0.0497246000000000
0.0479828000000000
0.0414182000000000
0.0293918000000000
0.0141525000000000
-0.000521056000000000
-0.0104000000000000
-0.0121335000000000
-0.00540706000000000
0.00665196000000000
0.0199973000000000
0.0314255000000000
0.0385328000000000
0.0406708000000000
0.0398283000000000
0.0387639000000000
0.0388867000000000
0.0410670000000000
0.0454116000000000
0.0492307000000000
0.0488834000000000
0.0446840000000000
0.0405374000000000
0.0385605000000000
0.0382766000000000
0.0393859000000000
0.0409732000000000
0.0385288000000000
0.0276764000000000
0.0102053000000000
-0.00736282000000000
-0.0208346000000000
-0.0300165000000000
-0.0352525000000000
-0.0366946000000000
-0.0359075000000000
-0.0352380000000000
-0.0355985000000000
-0.0362244000000000
-0.0361043000000000
-0.0351046000000000
-0.0335279000000000
-0.0313119000000000
-0.0279907000000000
-0.0231429000000000
-0.0156355000000000
-0.00250234000000000
0.0192024000000000
0.0468788000000000
0.0713396000000000
0.0845466000000000
0.0873317000000000
0.0869896000000000
0.0870583000000000
0.0809283000000000
0.0579266000000000
0.0177841000000000
-0.0243935000000000
-0.0513000000000000
-0.0594770000000000
-0.0578236000000000
-0.0538316000000000
-0.0487434000000000
-0.0436526000000000
-0.0415094000000000
-0.0430174000000000
-0.0465935000000000
-0.0508682000000000
-0.0540045000000000
-0.0552974000000000
-0.0583360000000000
-0.0662079000000000
-0.0740996000000000
-0.0759827000000000
-0.0754915000000000
-0.0775885000000000
-0.0728503000000000
-0.0463004000000000
-0.00196249000000000
0.0386477000000000
0.0615978000000000
0.0708022000000000
0.0746569000000000
0.0771739000000000
0.0793053000000000
0.0802746000000000
0.0789870000000000
0.0773086000000000
0.0746714000000000
0.0612280000000000
0.0292822000000000
-0.00822990000000000
-0.0278956000000000
-0.0245837000000000
-0.0141353000000000
-0.00696242000000000
0.000729058000000000
0.0105479000000000
0.0152063000000000
0.0120185000000000
0.00714123000000000
0.00513370000000000
0.00470055000000000
0.00503505000000000
0.00714215000000000
0.00994267000000000
0.0114427000000000
0.0122138000000000
0.0137035000000000
0.0147362000000000
0.0113405000000000
-0.000711481000000000
-0.0208491000000000
-0.0399696000000000
-0.0473304000000000
-0.0431812000000000
-0.0382925000000000
-0.0382449000000000
-0.0367659000000000
-0.0276196000000000
-0.0137999000000000
-0.000565189000000000
0.0113785000000000
0.0214500000000000
0.0270742000000000
0.0286510000000000
0.0300614000000000
0.0324437000000000
0.0336243000000000
0.0331937000000000
0.0328372000000000
0.0323024000000000
0.0302185000000000
0.0278217000000000
0.0267362000000000
0.0252149000000000
0.0207725000000000
0.0145381000000000
0.00914492000000000
0.00478811000000000
0.000144457000000000
-0.00471442000000000
-0.00871745000000000
-0.0115569000000000
-0.0137629000000000
-0.0162522000000000
-0.0200647000000000
-0.0251158000000000
-0.0291673000000000
-0.0301393000000000
-0.0291436000000000
-0.0290841000000000
-0.0299491000000000
-0.0286550000000000
-0.0235774000000000
-0.0166299000000000
-0.00988681000000000
-0.00342291000000000
0.00253575000000000
0.00613667000000000
0.00667507000000000
0.00566589000000000
0.00395787000000000
0.000542977000000000
-0.00424034000000000
-0.00796882000000000
-0.00941722000000000
-0.00991336000000000
-0.0101801000000000
-0.00934485000000000
-0.00740811000000000
-0.00557754000000000
-0.00324529000000000
0.00114559000000000
0.00734420000000000
0.0136560000000000
0.0197372000000000
0.0253681000000000
0.0293813000000000
0.0311838000000000
0.0322073000000000
0.0331475000000000
0.0327725000000000
0.0305407000000000
0.0280158000000000
0.0257920000000000
0.0224338000000000
0.0176850000000000
0.0132545000000000
0.00864746000000000
0.000538910000000000
-0.0116010000000000
-0.0227850000000000
-0.0285361000000000
-0.0301855000000000
-0.0316659000000000
-0.0333377000000000
-0.0328966000000000
-0.0302304000000000
-0.0276923000000000
-0.0255807000000000
-0.0220165000000000
-0.0170894000000000
-0.0133509000000000
-0.0111308000000000
-0.00813971000000000
-0.00383228000000000
-0.000125270000000000
0.00265117000000000
0.00554796000000000
0.00672049000000000
0.00296652000000000
-0.00430122000000000
-0.0103301000000000
-0.0147349000000000
-0.0209534000000000
-0.0285546000000000
-0.0326959000000000
-0.0317332000000000
-0.0286299000000000
-0.0248253000000000
-0.0183717000000000
-0.00824720000000000
0.00421287000000000
0.0178712000000000
0.0315642000000000
0.0435826000000000
0.0534143000000000
0.0618500000000000
0.0683102000000000
0.0718005000000000
0.0722336000000000
0.0671746000000000
0.0502449000000000
0.0207765000000000
-0.00980718000000000
-0.0282628000000000
-0.0343651000000000
-0.0368240000000000
-0.0409547000000000
-0.0462304000000000
-0.0517041000000000
-0.0563697000000000
-0.0584971000000000
-0.0569745000000000
-0.0492175000000000
-0.0283460000000000
0.00798652000000000
0.0473555000000000
0.0720606000000000
0.0786450000000000
0.0765110000000000
0.0705697000000000
0.0575278000000000
0.0377471000000000
0.0185447000000000
0.00444991000000000
-0.00639471000000000
-0.0161228000000000
-0.0238072000000000
-0.0284384000000000
-0.0294024000000000
-0.0256678000000000
-0.0176296000000000
-0.00849731000000000
-0.00135807000000000
0.00304641000000000
0.00547005000000000
0.00685229000000000
0.00853878000000000
0.0115853000000000
0.0158257000000000
0.0201822000000000
0.0229950000000000
0.0218422000000000
0.0144047000000000
0.00114842000000000
-0.0143255000000000
-0.0274981000000000
-0.0349039000000000
-0.0343981000000000
-0.0264958000000000
-0.0159089000000000
-0.00943571000000000
-0.0106529000000000
-0.0173879000000000
-0.0251502000000000
-0.0316038000000000
-0.0363578000000000
-0.0385420000000000
-0.0375767000000000
-0.0353423000000000
-0.0350095000000000
-0.0376480000000000
-0.0417761000000000
-0.0454301000000000
-0.0470452000000000
-0.0449125000000000
-0.0381142000000000
-0.0277425000000000
-0.0156619000000000
-0.00307916000000000
0.00880052000000000
0.0184576000000000
0.0256758000000000
0.0315470000000000
0.0360092000000000
0.0371132000000000
0.0336810000000000
0.0271654000000000
0.0202033000000000
0.0143638000000000
0.00982250000000000
0.00632736000000000
0.00413443000000000
0.00383004000000000
0.00528517000000000
0.00727487000000000
0.00876565000000000
0.00968437000000000
0.0100038000000000
0.00925439000000000
0.00775001000000000
0.00690049000000000
0.00741379000000000
0.00879589000000000
0.0108588000000000
0.0143070000000000
0.0191984000000000
0.0248332000000000
0.0305843000000000
0.0359075000000000
0.0397953000000000
0.0417972000000000
0.0416427000000000
0.0372122000000000
0.0255067000000000
0.00774116000000000
-0.00987202000000000
-0.0223162000000000
-0.0298171000000000
-0.0342225000000000
-0.0352433000000000
-0.0324978000000000
-0.0279934000000000
-0.0238877000000000
-0.0203631000000000
-0.0177603000000000
-0.0179742000000000
-0.0211423000000000
-0.0239419000000000
-0.0234163000000000
-0.0204199000000000
-0.0169112000000000
-0.0123926000000000
-0.00563116000000000
0.00215345000000000
0.00831798000000000
0.0120005000000000
0.0135028000000000
0.0126018000000000
0.00926588000000000
0.00500811000000000
0.000961385000000000
-0.00341617000000000
-0.00811712000000000
-0.0111520000000000
-0.0111480000000000
-0.00936862000000000
-0.00710861000000000
-0.00356421000000000
0.00199379000000000
0.00808728000000000
0.0130552000000000
0.0165441000000000
0.0180746000000000
0.0166339000000000
0.0129759000000000
0.00941550000000000
0.00695753000000000
0.00458633000000000
0.00240779000000000
0.00230505000000000
0.00501115000000000
0.00858130000000000
0.0108864000000000
0.0115630000000000
0.0113537000000000
0.0107213000000000
0.00972518000000000
0.00855516000000000
0.00765308000000000
0.00746516000000000
0.00827189000000000
0.00957608000000000
0.0100908000000000
0.00894763000000000
0.00656044000000000
0.00365982000000000
0.000295807000000000
-0.00391680000000000
-0.00871600000000000
-0.0130935000000000
-0.0165599000000000
-0.0197623000000000
-0.0230333000000000
-0.0252717000000000
-0.0251145000000000
-0.0227032000000000
-0.0195827000000000
-0.0170472000000000
-0.0151588000000000
-0.0133100000000000
-0.0112356000000000
-0.00894512000000000
-0.00631983000000000
-0.00300825000000000
0.000802812000000000
0.00436764000000000
0.00673766000000000
0.00782264000000000
0.00813218000000000
0.00822330000000000
0.00822871000000000
0.00822250000000000
0.00797754000000000
0.00704469000000000
0.00568689000000000
0.00510452000000000
0.00554492000000000
0.00526866000000000
0.00280792000000000
-0.000856915000000000
-0.00422581000000000
-0.00781617000000000
-0.0123593000000000
-0.0160422000000000
-0.0164952000000000
-0.0145408000000000
-0.0123444000000000
-0.00967935000000000
-0.00495186000000000
0.00106514000000000
0.00631402000000000
0.0103221000000000
0.0137999000000000
0.0169415000000000
0.0202707000000000
0.0247963000000000
0.0297273000000000
0.0326999000000000
0.0333311000000000
0.0335411000000000
0.0335160000000000
0.0313542000000000
0.0270505000000000
0.0226952000000000
0.0186055000000000
0.0136348000000000
0.00873594000000000
0.00577827000000000
0.00361096000000000
-7.12221000000000e-05
-0.00444093000000000
-0.00713832000000000
-0.00877820000000000
-0.0111567000000000
-0.0132466000000000
-0.0129104000000000
-0.0112333000000000
-0.0106249000000000
-0.0104656000000000
-0.00865697000000000
-0.00575780000000000
-0.00388128000000000
-0.00290855000000000
-0.00130103000000000
0.000909223000000000
0.00247646000000000
0.00309237000000000
0.00302806000000000
0.00201373000000000
0.000355483000000000
-0.000251938000000000
0.00101629000000000
0.00261023000000000
0.00299121000000000
0.00326021000000000
0.00510478000000000
0.00778342000000000
0.00907414000000000
0.00851699000000000
0.00725427000000000
0.00577827000000000
0.00389527000000000
0.00270452000000000
0.00364040000000000
0.00560435000000000
0.00510161000000000
0.000382462000000000
-0.00662832000000000
-0.0130994000000000
-0.0185526000000000
-0.0237715000000000
-0.0283644000000000
-0.0311799000000000
-0.0321809000000000
-0.0321069000000000
-0.0309290000000000
-0.0280356000000000
-0.0237266000000000
-0.0193555000000000
-0.0159326000000000
-0.0137682000000000
-0.0130601000000000
-0.0135622000000000
-0.0139478000000000
-0.0128632000000000
-0.0104850000000000
-0.00831098000000000
-0.00748338000000000
-0.00789038000000000
-0.00832485000000000
-0.00737087000000000
-0.00484476000000000
-0.00223466000000000
-0.000573245000000000
0.00164490000000000
0.00675760000000000
0.0147124000000000
0.0230558000000000
0.0299082000000000
0.0350848000000000
0.0388643000000000
0.0414539000000000
0.0425724000000000
0.0403856000000000
0.0326708000000000
0.0203895000000000
0.00798546000000000
-0.00129897000000000
-0.00786476000000000
-0.0131090000000000
-0.0160951000000000
-0.0155853000000000
-0.0122514000000000
-0.00791864000000000
-0.00328913000000000
0.00138620000000000
0.00569177000000000
0.00902528000000000
0.0108518000000000
0.0107189000000000
0.00905750000000000
0.00697338000000000
0.00522218000000000
0.00383479000000000
0.00300785000000000
0.00298355000000000
0.00323644000000000
0.00309818000000000
0.00338157000000000
0.00566747000000000
0.00979530000000000
0.0139505000000000
0.0169772000000000
0.0190016000000000
0.0199538000000000
0.0197451000000000
0.0193186000000000
0.0197134000000000
0.0201466000000000
0.0190412000000000
0.0166325000000000
0.0146807000000000
0.0135715000000000
0.0121050000000000
0.00986635000000000
0.00769903000000000
0.00566787000000000
0.00297048000000000
-0.000213522000000000
-0.00236249000000000
-0.00275496000000000
-0.00250709000000000
-0.00319036000000000
-0.00541525000000000
-0.00889335000000000
-0.0129129000000000
-0.0166299000000000
-0.0196064000000000
-0.0219174000000000
-0.0236236000000000
-0.0245705000000000
-0.0248293000000000
-0.0247989000000000
-0.0246669000000000
-0.0246061000000000
-0.0251581000000000
-0.0265368000000000
-0.0277240000000000
-0.0276910000000000
-0.0271706000000000
-0.0278375000000000
-0.0294631000000000
-0.0299438000000000
-0.0283618000000000
-0.0260429000000000
-0.0238468000000000
-0.0208795000000000
-0.0164054000000000
-0.0111587000000000
-0.00578474000000000
-9.10095000000000e-05
0.00555140000000000
0.00998533000000000
0.0135160000000000
0.0174843000000000
0.0213905000000000
0.0228392000000000
0.0213866000000000
0.0187058000000000
0.0156012000000000
0.0113563000000000
0.00691937000000000
0.00428101000000000
0.00290115000000000
-9.22468000000000e-05
-0.00511231000000000
-0.00930867000000000
-0.0109911000000000
-0.0112135000000000
-0.0107679000000000
-0.00879788000000000
-0.00508695000000000
-0.000690207000000000
0.00369494000000000
0.00776110000000000
0.0104864000000000
0.0111514000000000
0.0108737000000000
0.0109797000000000
0.0111526000000000
0.0107750000000000
0.0107433000000000
0.0119136000000000
0.0133139000000000
0.0135147000000000
0.0124532000000000
0.0106121000000000
0.00796328000000000
0.00486325000000000
0.00196051000000000
-0.000947599000000000
-0.00395985000000000
-0.00537233000000000
-0.00384205000000000
-0.00125130000000000
-0.000355840000000000
-0.000598018000000000
0.000408504000000000
0.00228669000000000
0.00260191000000000
0.00131583000000000
0.000275285000000000
-0.000642521000000000
-0.00283909000000000
-0.00536255000000000
-0.00615674000000000
-0.00565202000000000
-0.00570207000000000
-0.00605268000000000
-0.00521227000000000
-0.00357226000000000
-0.00279075000000000
-0.00289891000000000
-0.00304219000000000
-0.00354163000000000
-0.00503413000000000
-0.00638150000000000
-0.00588603000000000
-0.00360290000000000
-0.00128269000000000
-7.15786000000000e-05
0.000540825000000000
0.00162020000000000
0.00317055000000000
0.00427441000000000
0.00475140000000000
0.00591349000000000
0.00850048000000000
0.0108067000000000
0.0105991000000000
0.00823413000000000
0.00575239000000000
0.00385037000000000
0.00173179000000000
-0.000519999000000000
-0.00217986000000000
-0.00365282000000000
-0.00593647000000000
-0.00840382000000000
-0.00941049000000000
-0.00839880000000000
-0.00615899000000000
-0.00376758000000000
-0.00265394000000000
-0.00437609000000000
-0.00886628000000000
-0.0136058000000000
-0.0165110000000000
-0.0179689000000000
-0.0188801000000000
-0.0180944000000000
-0.0143136000000000
-0.00883630000000000
-0.00441386000000000
-0.00201386000000000
-0.000462753000000000
0.000924726000000000
0.00192406000000000
0.00295014000000000
0.00492967000000000
0.00736546000000000
0.00876341000000000
0.00880514000000000
0.00848715000000000
0.00816981000000000
0.00694697000000000
0.00435721000000000
0.000889705000000000
-0.00296031000000000
-0.00700851000000000
-0.0105826000000000
-0.0133311000000000
-0.0156051000000000
-0.0173668000000000
-0.0170842000000000
-0.0138831000000000
-0.00891118000000000
-0.00367883000000000
0.00195180000000000
0.00778711000000000
0.0120621000000000
0.0136348000000000
0.0136216000000000
0.0129266000000000
0.0106954000000000
0.00681835000000000
0.00335437000000000
0.00201809000000000
0.00194889000000000
0.00219808000000000
0.00335160000000000
0.00574948000000000
0.00817787000000000
0.0100845000000000
0.0121379000000000
0.0138831000000000
0.0134249000000000
0.0105598000000000
0.00786701000000000
0.00728662000000000
0.00737364000000000
0.00592578000000000
0.00347401000000000
0.00225434000000000
0.00216837000000000
0.000991428000000000
-0.00183189000000000
-0.00374499000000000
-0.00294315000000000
-0.000833871000000000
0.000562852000000000
0.00191244000000000
0.00448094000000000
0.00704680000000000
0.00774446000000000
0.00788404000000000
0.00989302000000000
0.0128543000000000
0.0138276000000000
0.0129468000000000
0.0128453000000000
0.0137471000000000
0.0131889000000000
0.0107052000000000
0.00860388000000000
0.00775516000000000
0.00650035000000000
0.00414235000000000
0.00196064000000000
0.000357398000000000
-0.00137880000000000
-0.00293628000000000
-0.00338976000000000
-0.00363090000000000
-0.00537510000000000
-0.00843604000000000
-0.0112235000000000
-0.0132677000000000
-0.0151958000000000
-0.0168927000000000
-0.0177405000000000
-0.0176203000000000
-0.0164925000000000
-0.0137326000000000
-0.00946370000000000
-0.00505526000000000
-0.00180508000000000
0.000428880000000000
0.00223017000000000
0.00374882000000000
0.00447078000000000
0.00408596000000000
0.00294460000000000
0.00194678000000000
0.00141538000000000
0.000870478000000000
-0.000249930000000000
-0.00172466000000000
-0.00295411000000000
-0.00366853000000000
-0.00392750000000000
-0.00331845000000000
-0.00147719000000000
0.00105747000000000
0.00309805000000000
0.00411158000000000
0.00454301000000000
0.00524146000000000
0.00645427000000000
0.00750398000000000
0.00754175000000000
0.00643301000000000
0.00458567000000000
0.00238164000000000
4.72697000000000e-05
-0.00197094000000000
-0.00323407000000000
-0.00369151000000000
-0.00376242000000000
-0.00371277000000000
-0.00363459000000000
-0.00358415000000000
-0.00368398000000000
-0.00404503000000000
-0.00500455000000000
-0.00685083000000000
-0.00946450000000000
-0.0124845000000000
-0.0159128000000000
-0.0195299000000000
-0.0222938000000000
-0.0231891000000000
-0.0224351000000000
-0.0205097000000000
-0.0172413000000000
-0.0128803000000000
-0.00909197000000000
-0.00706424000000000
-0.00612505000000000
-0.00513568000000000
-0.00392274000000000
-0.00185157000000000
0.00229145000000000
0.00790187000000000
0.0126494000000000
0.0161017000000000
0.0199405000000000
0.0240105000000000
0.0261921000000000
0.0266530000000000
0.0281333000000000
0.0308907000000000
0.0318098000000000
0.0296678000000000
0.0270624000000000
0.0257101000000000
0.0239022000000000
0.0199313000000000
0.0147481000000000
0.0101257000000000
0.00674466000000000
0.00428524000000000
0.00217893000000000
8.11884000000000e-05
-0.00139029000000000
-0.00151139000000000
-0.000958612000000000
-0.00109607000000000
-0.00156923000000000
-0.00116807000000000
-0.000950715000000000
-0.00302462000000000
-0.00644251000000000
-0.00763670000000000
-0.00566404000000000
-0.00291132000000000
-0.000987691000000000
0.000994848000000000
0.00323710000000000
0.00440779000000000
0.00419055000000000
0.00393423000000000
0.00411924000000000
0.00359009000000000
0.00144826000000000
-0.00184008000000000
-0.00483406000000000
-0.00579015000000000
-0.00411277000000000
-0.00174790000000000
-0.00122930000000000
-0.00205084000000000
-0.00134579000000000
0.00148168000000000
0.00377391000000000
0.00395800000000000
0.00359537000000000
0.00386662000000000
0.00326484000000000
0.000375054000000000
-0.00352525000000000
-0.00630227000000000
-0.00739860000000000
-0.00755826000000000
-0.00743030000000000
-0.00737549000000000
-0.00750346000000000
-0.00757490000000000
-0.00745644000000000
-0.00745803000000000
-0.00765519000000000
-0.00763538000000000
-0.00742462000000000
-0.00757965000000000
-0.00792511000000000
-0.00751376000000000
-0.00628444000000000
-0.00534948000000000
-0.00507441000000000
-0.00434678000000000
-0.00233252000000000
0.000276196000000000
0.00226794000000000
0.00320145000000000
0.00323076000000000
0.00259993000000000
0.00146451000000000
-2.45652000000000e-05
-0.00179201000000000
-0.00357873000000000
-0.00512142000000000
-0.00634479000000000
-0.00730775000000000
-0.00794268000000000
-0.00821207000000000
-0.00812782000000000
-0.00784297000000000
-0.00780006000000000
-0.00844753000000000
-0.00958361000000000
-0.0105309000000000
-0.0110177000000000
-0.0111523000000000
-0.0107009000000000
-0.00950596000000000
-0.00838480000000000
-0.00819028000000000
-0.00822079000000000
-0.00732716000000000
-0.00600224000000000
-0.00545830000000000
-0.00506028000000000
-0.00329164000000000
-0.000486351000000000
0.00160039000000000
0.00234599000000000
0.00225830000000000
0.00133932000000000
-0.000717860000000000
-0.00333733000000000
-0.00541353000000000
-0.00613601000000000
-0.00500362000000000
-0.00191112000000000
0.00174420000000000
0.00421406000000000
0.00555958000000000
0.00749236000000000
0.00987506000000000
0.0105517000000000
0.00870055000000000
0.00636883000000000
0.00535424000000000
0.00526404000000000
0.00512182000000000
0.00503677000000000
0.00521029000000000
0.00521954000000000
0.00498831000000000
0.00502660000000000
0.00523089000000000
0.00505988000000000
0.00482258000000000
0.00513317000000000
0.00533971000000000
0.00440369000000000
0.00263545000000000
0.00121176000000000
6.30544000000000e-05
-0.00170327000000000
-0.00417074000000000
-0.00612941000000000
-0.00667176000000000
-0.00611184000000000
-0.00576163000000000
-0.00635549000000000
-0.00680646000000000
-0.00544773000000000
-0.00276170000000000
-0.00107653000000000
-0.000920593000000000
-0.000269145000000000
0.00189264000000000
0.00401637000000000
0.00513859000000000
0.00647896000000000
0.00866727000000000
0.0102900000000000
0.0104684000000000
0.0101184000000000
0.00972359000000000
0.00848424000000000
0.00601016000000000
0.00306635000000000
0.000138435000000000
-0.00258250000000000
-0.00486312000000000
-0.00678507000000000
-0.00907863000000000
-0.0116520000000000
-0.0134883000000000
-0.0143572000000000
-0.0150188000000000
-0.0153595000000000
-0.0143295000000000
-0.0120383000000000
-0.00964806000000000
-0.00755205000000000
-0.00540785000000000
-0.00332690000000000
-0.00132519000000000
0.00108162000000000
0.00367012000000000
0.00534776000000000
0.00634664000000000
0.00844132000000000
0.0121236000000000
0.0158164000000000
0.0187296000000000
0.0214909000000000
0.0235391000000000
0.0231178000000000
0.0204107000000000
0.0179755000000000
0.0174447000000000
0.0180310000000000
0.0183004000000000
0.0175437000000000
0.0157345000000000
0.0133470000000000
0.0111138000000000
0.00867123000000000
0.00541010000000000
0.00217431000000000
0.000776070000000000
0.000774235000000000
-8.56281000000000e-05
-0.00234493000000000
-0.00413879000000000
-0.00445836000000000
-0.00435470000000000
-0.00452069000000000
-0.00450656000000000
-0.00430333000000000
-0.00449996000000000
-0.00474176000000000
-0.00428854000000000
-0.00410590000000000
-0.00581696000000000
-0.00884859000000000
-0.0106488000000000
-0.0103863000000000
-0.00971659000000000
-0.0100643000000000
-0.0106300000000000
-0.00988140000000000
-0.00771580000000000
-0.00539398000000000
-0.00380283000000000
-0.00265777000000000
-0.00180231000000000
-0.00182291000000000
-0.00319683000000000
-0.00516249000000000
-0.00661194000000000
-0.00748972000000000
-0.00850854000000000
-0.00979530000000000
-0.0107960000000000
-0.0114803000000000
-0.0119087000000000
-0.0116082000000000
-0.00997595000000000
-0.00769956000000000
-0.00573997000000000
-0.00421670000000000
-0.00275945000000000
-0.00181670000000000
-0.00183308000000000
-0.00225381000000000
-0.00222529000000000
-0.00192446000000000
-0.00194704000000000
-0.00224840000000000
-0.00246220000000000
-0.00284674000000000
-0.00363724000000000
-0.00442350000000000
-0.00466569000000000
-0.00480145000000000
-0.00534460000000000
-0.00593977000000000
-0.00566206000000000
-0.00427362000000000
-0.00203275000000000
0.000655727000000000
0.00349527000000000
0.00616731000000000
0.00852452000000000
0.0103038000000000
0.0114151000000000
0.0122143000000000
0.0135226000000000
0.0153767000000000
0.0169336000000000
0.0176309000000000
0.0177973000000000
0.0171924000000000
0.0151403000000000
0.0125196000000000
0.0115281000000000
0.0122630000000000
0.0121236000000000
0.00974393000000000
0.00712828000000000
0.00639577000000000
0.00671785000000000
0.00628167000000000
0.00509989000000000
0.00404648000000000
0.00301842000000000
0.00178857000000000
0.000963630000000000
0.000663188000000000
-0.000208253000000000
-0.00217576000000000
-0.00406959000000000
-0.00462343000000000
-0.00428933000000000
-0.00419821000000000
-0.00444608000000000
-0.00440673000000000
-0.00415252000000000
-0.00420746000000000
-0.00450485000000000
-0.00439669000000000
-0.00357887000000000
-0.00215648000000000
-0.000394810000000000
0.00120734000000000
0.00166035000000000
0.000660640000000000
-0.000794004000000000
-0.00148775000000000
-0.00155853000000000
-0.00147851000000000
-0.000877767000000000
0.000525031000000000
0.00164028000000000
0.00158270000000000
0.00119291000000000
0.00154810000000000
0.00179518000000000
0.000712776000000000
-0.000692043000000000
-0.000414473000000000
0.00117495000000000
0.00198177000000000
0.00151707000000000
0.00122957000000000
0.00188933000000000
0.00287382000000000
0.00392010000000000
0.00518903000000000
0.00600593000000000
0.00534195000000000
0.00384721000000000
0.00291423000000000
0.00242350000000000
0.00101777000000000
-0.00133470000000000
-0.00319247000000000
-0.00397411000000000
-0.00440990000000000
-0.00476658000000000
-0.00447104000000000
-0.00374460000000000
-0.00344073000000000
-0.00366853000000000
-0.00376969000000000
-0.00359854000000000
-0.00353555000000000
-0.00363433000000000
-0.00362139000000000
-0.00352842000000000
-0.00353674000000000
-0.00355628000000000
-0.00350307000000000
-0.00349263000000000
-0.00350914000000000
-0.00344430000000000
-0.00341195000000000
-0.00348313000000000
-0.00344734000000000
-0.00329336000000000
-0.00335212000000000
-0.00358243000000000
-0.00331647000000000
-0.00237121000000000
-0.00149237000000000
-0.00129713000000000
-0.00131009000000000
-0.000931646000000000
-0.000369679000000000
-0.000223942000000000
-0.000497206000000000
-0.000694684000000000
-0.000397358000000000
0.000387071000000000
0.00149079000000000
0.00276843000000000
0.00410590000000000
0.00498659000000000
0.00477147000000000
0.00328636000000000
0.00132241000000000
-5.07256000000000e-05
-0.000326827000000000
-3.30881000000000e-05
-0.000105521000000000
-0.000943610000000000
-0.00218620000000000
-0.00338065000000000
-0.00451224000000000
-0.00544760000000000
-0.00571805000000000
-0.00539676000000000
-0.00560316000000000
-0.00693073000000000
-0.00824667000000000
-0.00836275000000000
-0.00794228000000000
-0.00816770000000000
-0.00846206000000000
-0.00759748000000000
-0.00604502000000000
-0.00530036000000000
-0.00536084000000000
-0.00496810000000000
-0.00377008000000000
-0.00270188000000000
-0.00219676000000000
-0.00166101000000000
-0.000500310000000000
0.00103363000000000
0.00230307000000000
0.00290841000000000
0.00317807000000000
0.00366457000000000
0.00424602000000000
0.00423717000000000
0.00365110000000000
0.00330657000000000
0.00341749000000000
0.00320884000000000
0.00225751000000000
0.00102685000000000
-0.000132215000000000
-0.00130394000000000
-0.00212677000000000
-0.00216229000000000
-0.00182304000000000
-0.00184272000000000
-0.00202680000000000
-0.00187837000000000
-0.00170089000000000
-0.00195365000000000
-0.00201915000000000
-0.00110362000000000
0.000291726000000000
0.00109475000000000
0.00145289000000000
0.00223004000000000
0.00356553000000000
0.00484582000000000
0.00586952000000000
0.00692505000000000
0.00817127000000000
0.00920210000000000
0.00960936000000000
0.00953119000000000
0.00945578000000000
0.00955113000000000
0.00960567000000000
0.00953739000000000
0.00955126000000000
0.00968081000000000
0.00965598000000000
0.00951943000000000
0.00971369000000000
0.00996446000000000
0.00906397000000000
0.00666252000000000
0.00438573000000000
0.00382198000000000
0.00437028000000000
0.00446391000000000
0.00404978000000000
0.00418923000000000
0.00470478000000000
0.00406946000000000
0.00181908000000000
-0.000518111000000000
-0.00144549000000000
-0.00123308000000000
-0.000988298000000000
-0.00110597000000000
-0.00121089000000000
-0.00109186000000000
-0.000988721000000000
-0.00108160000000000
-0.00115313000000000
-0.00102329000000000
-0.000925215000000000
-0.00106489000000000
-0.00115822000000000
-0.000879299000000000
-0.000693944000000000
-0.00160620000000000
-0.00381762000000000
-0.00608411000000000
-0.00696070000000000
-0.00641293000000000
-0.00594545000000000
-0.00706278000000000
-0.00957199000000000
-0.0116774000000000
-0.0121567000000000
-0.0117839000000000
-0.0118740000000000
-0.0120367000000000
-0.0107824000000000
-0.00815859000000000
-0.00620045000000000
-0.00610696000000000
-0.00649137000000000
-0.00556354000000000
-0.00380574000000000
-0.00306767000000000
-0.00360845000000000
-0.00377035000000000
-0.00258105000000000
-0.00107966000000000
-0.000505077000000000
-0.000595813000000000
-0.000671323000000000
-0.000602389000000000
-1.63143000000000e-05
0.00179399000000000
0.00404872000000000
0.00491818000000000
0.00461617000000000
0.00556619000000000
0.00834492000000000
0.0105281000000000
0.0105698000000000
0.00986040000000000
0.00954571000000000
0.00881465000000000
0.00710465000000000
0.00556988000000000
0.00479233000000000
0.00409600000000000
0.00315655000000000
0.00238824000000000
0.00156751000000000
0.000631561000000000
0.000500891000000000
0.00132017000000000
0.00149937000000000
0.000303664000000000
-0.000806721000000000
-0.000733495000000000
-0.000316144000000000
-0.000410366000000000
-0.000593132000000000
-0.000516751000000000
-0.000490194000000000
-0.000497814000000000
-0.000362205000000000
-0.000614459000000000
-0.00158877000000000
-0.00274995000000000
-0.00384905000000000
-0.00521558000000000
-0.00622858000000000
-0.00599273000000000
-0.00556737000000000
-0.00688820000000000
-0.00956671000000000
-0.0114197000000000
-0.0118527000000000
-0.0117875000000000
-0.0111922000000000
-0.00945618000000000
-0.00734803000000000
-0.00574988000000000
-0.00399722000000000
-0.00163512000000000
-5.84615000000000e-05
-0.000200409000000000
-0.000834426000000000
-0.000667956000000000
-0.000292136000000000
-0.000490986000000000
-0.000739134000000000
-0.000519115000000000
-0.000375807000000000
-0.000609322000000000
-0.000657695000000000
-0.000426886000000000
-0.000528596000000000
-0.000739425000000000
2.15741000000000e-05
0.00193886000000000
0.00382977000000000
0.00479418000000000
0.00500653000000000
0.00498791000000000
0.00492479000000000
0.00490022000000000
0.00494816000000000
0.00495991000000000
0.00488649000000000
0.00488570000000000
0.00496691000000000
0.00491079000000000
0.00479669000000000
0.00498051000000000
0.00506714000000000
0.00390597000000000
0.00137775000000000
-0.000725743000000000
-0.000905142000000000
-0.000299782000000000
-0.00129882000000000
-0.00406695000000000
-0.00623901000000000
-0.00643776000000000
-0.00595787000000000
-0.00623492000000000
-0.00659953000000000
-0.00590003000000000
-0.00460561000000000
-0.00386081000000000
-0.00347811000000000
-0.00259980000000000
-0.00142793000000000
-0.000704390000000000
-0.000140495000000000
0.000860151000000000
0.00186807000000000
0.00237015000000000
0.00297207000000000
0.00421049000000000
0.00519511000000000
0.00485414000000000
0.00365282000000000
0.00260310000000000
0.00160290000000000
0.000188788000000000
-0.000903294000000000
-0.000915033000000000
-0.000633383000000000
-0.00121064000000000
-0.00234268000000000
-0.00332862000000000
-0.00445929000000000
-0.00591812000000000
-0.00672142000000000
-0.00646272000000000
-0.00624496000000000
-0.00668510000000000
-0.00663254000000000
-0.00542172000000000
-0.00420785000000000
-0.00378527000000000
-0.00316144000000000
-0.00181301000000000
-0.000941233000000000
-0.00103147000000000
-0.000785935000000000
0.000428114000000000
0.00162350000000000
0.00247210000000000
0.00392763000000000
0.00589884000000000
0.00701128000000000
0.00715403000000000
0.00782700000000000
0.00934036000000000
0.0102563000000000
0.0100292000000000
0.00973033000000000
0.00994598000000000
0.0100605000000000
0.00984865000000000
0.00981088000000000
0.00999021000000000
0.00993871000000000
0.00976849000000000
0.00991441000000000
0.0100156000000000
0.00951481000000000
0.00876645000000000
0.00840897000000000
0.00784258000000000
0.00629171000000000
0.00450432000000000
0.00405348000000000
0.00455476000000000
0.00387480000000000
0.00130444000000000
-0.00109888000000000
-0.00158943000000000
-0.00110057000000000
-0.00119083000000000
-0.00154282000000000
-0.00127250000000000
-0.00101048000000000
-0.00157847000000000
-0.00174790000000000
7.86199000000000e-05
0.00297814000000000
0.00451607000000000
0.00432802000000000
0.00394493000000000
0.00410894000000000
0.00422027000000000
0.00407619000000000
0.00405427000000000
0.00413099000000000
0.00404159000000000
0.00406008000000000
0.00430135000000000
0.00376942000000000
0.00163433000000000
-0.000986397000000000
-0.00209798000000000
-0.00146847000000000
-0.000910887000000000
-0.00202747000000000
-0.00446470000000000
-0.00658698000000000
-0.00737272000000000
-0.00719167000000000
-0.00687473000000000
-0.00691739000000000
-0.00753832000000000
-0.00875892000000000
-0.00994228000000000
-0.0100240000000000
-0.00874994000000000
-0.00730841000000000
-0.00690022000000000
-0.00719814000000000
-0.00722574000000000
-0.00698144000000000
-0.00707335000000000
-0.00737576000000000
-0.00717292000000000
-0.00631310000000000
-0.00517688000000000
-0.00397755000000000
-0.00278309000000000
-0.00201294000000000
-0.00162298000000000
-0.000829949000000000
0.000554426000000000
0.00141195000000000
0.00119709000000000
0.000903545000000000
0.00124321000000000
0.00121557000000000
-1.43783000000000e-05
-0.00143044000000000
-0.00179174000000000
-0.00158521000000000
-0.00167118000000000
-0.00169785000000000
-0.00143585000000000
-0.00189752000000000
-0.00348392000000000
-0.00455265000000000
-0.00373205000000000
-0.00204595000000000
-0.00132466000000000
-0.00161030000000000
-0.00185592000000000
-0.00159670000000000
-0.000791957000000000
0.000823518000000000
0.00284754000000000
0.00400488000000000
0.00381498000000000
0.00369138000000000
0.00514506000000000
0.00768464000000000
0.00945063000000000
0.00966839000000000
0.00926126000000000
0.00927935000000000
0.00963921000000000
0.00956341000000000
0.00871970000000000
0.00756882000000000
0.00673938000000000
0.00620745000000000
0.00550253000000000
0.00433317000000000
0.00297801000000000
0.00187732000000000
0.00108277000000000
1.04867000000000e-05
-0.00168108000000000
-0.00344470000000000
-0.00439458000000000
-0.00445968000000000
-0.00429778000000000
-0.00432842000000000
-0.00438520000000000
-0.00432274000000000
-0.00429171000000000
-0.00433502000000000
-0.00431455000000000
-0.00426001000000000
-0.00428775000000000
-0.00430491000000000
-0.00423096000000000
-0.00421644000000000
-0.00429052000000000
-0.00424298000000000
-0.00411607000000000
-0.00422581000000000
-0.00438996000000000
-0.00391350000000000
-0.00267996000000000
-0.00154295000000000
-0.00119074000000000
-0.00135516000000000
-0.00144219000000000
-0.00133258000000000
-0.00125653000000000
-0.00130957000000000
-0.00135649000000000
-0.00128161000000000
-0.00119115000000000
-0.00124665000000000
-0.00133826000000000
-0.00119763000000000
-0.000995958000000000
-0.00137656000000000
-0.00251858000000000
-0.00366391000000000
-0.00407223000000000
-0.00392274000000000
-0.00378804000000000
-0.00382330000000000
-0.00386411000000000
-0.00383902000000000
-0.00376216000000000
-0.00370775000000000
-0.00382581000000000
-0.00390254000000000
-0.00330379000000000
-0.00194797000000000
-0.000849745000000000
-0.000735106000000000
-0.00101335000000000
-0.000910689000000000
-0.000711693000000000
-0.000848411000000000
-0.000937906000000000
-0.000693416000000000
-0.000646113000000000
-0.000967367000000000
-0.000766166000000000
0.000157279000000000
0.000692492000000000
0.000286985000000000
9.16314000000000e-05
0.000775463000000000
0.00162456000000000
0.00199749000000000
0.00226094000000000
0.00241479000000000
0.00209957000000000
0.00199934000000000
0.00312618000000000
0.00472419000000000
0.00517939000000000
0.00494063000000000
0.00562574000000000
0.00707203000000000
0.00783941000000000
0.00815951000000000
0.00926747000000000
0.0105898000000000
0.0104158000000000
0.00891580000000000
0.00780917000000000
0.00760923000000000
0.00737140000000000
0.00666094000000000
0.00591508000000000
0.00548827000000000
0.00535120000000000
0.00547309000000000
0.00551019000000000
0.00491568000000000
0.00369059000000000
0.00246523000000000
0.00147600000000000
0.000533852000000000
-0.000147019000000000
-0.000152407000000000
0.000211555000000000
0.000237940000000000
-2.61881000000000e-05
1.89792000000000e-05
0.000315074000000000
0.000252387000000000
-3.56196000000000e-05
0.000183136000000000
0.000616255000000000
-0.000107337000000000
-0.00234995000000000
-0.00460732000000000
-0.00546529000000000
-0.00527394000000000
-0.00508405000000000
-0.00511825000000000
-0.00512829000000000
-0.00527579000000000
-0.00579993000000000
-0.00647064000000000
-0.00697853000000000
-0.00755086000000000
-0.00860270000000000
-0.00997186000000000
-0.0107983000000000
-0.0106205000000000
-0.0101265000000000
-0.0103651000000000
-0.0108931000000000
-0.0100148000000000
-0.00739187000000000
-0.00510584000000000
-0.00472657000000000
-0.00474744000000000
-0.00297497000000000
-5.95206000000000e-05
0.00143968000000000
0.00100772000000000
0.000476024000000000
0.000900124000000000
0.00126840000000000
0.000873000000000000
0.000634783000000000
0.00122648000000000
0.00141591000000000
-0.000144166000000000
-0.00265170000000000
-0.00422409000000000
-0.00452862000000000
-0.00452426000000000
-0.00429673000000000
-0.00315893000000000
-0.00174169000000000
-0.00171700000000000
-0.00320184000000000
-0.00441677000000000
-0.00435602000000000
-0.00394664000000000
-0.00413601000000000
-0.00432591000000000
-0.00351812000000000
-0.00174513000000000
5.03637000000000e-05
0.00113507000000000
0.00156976000000000
0.00214037000000000
0.00353119000000000
0.00543532000000000
0.00687275000000000
0.00731937000000000
0.00722006000000000
0.00715985000000000
0.00725532000000000
0.00731013000000000
0.00728226000000000
0.00727526000000000
0.00734895000000000
0.00741353000000000
0.00736268000000000
0.00731554000000000
0.00751112000000000
0.00765625000000000
0.00679814000000000
0.00456744000000000
0.00225421000000000
0.00152539000000000
0.00220006000000000
0.00239815000000000
0.00117100000000000
-0.000326946000000000
-0.000762733000000000
-0.000560831000000000
-0.000679603000000000
-0.000707269000000000
0.000285335000000000
0.00179623000000000
0.00248465000000000
0.00227639000000000
0.00214526000000000
0.00235483000000000
0.00237160000000000
0.00222661000000000
0.00233621000000000
0.00248214000000000
0.00231046000000000
0.00228511000000000
0.00267732000000000
0.00237557000000000
0.000424919000000000
-0.00205269000000000
-0.00322627000000000
-0.00308563000000000
-0.00287897000000000
-0.00300323000000000
-0.00300799000000000
-0.00289019000000000
-0.00292439000000000
-0.00294407000000000
-0.00283275000000000
-0.00292004000000000
-0.00297365000000000
-0.00212717000000000
-0.000538117000000000
0.000307388000000000
-8.24020000000000e-05
-0.000303413000000000
0.000738368000000000
0.00222595000000000
0.00291462000000000
0.00287131000000000
0.00277953000000000
0.00281928000000000
0.00285559000000000
0.00289534000000000
0.00289402000000000
0.00284173000000000
0.00289877000000000
0.00301763000000000
0.00293100000000000
0.00280528000000000
0.00306028000000000
0.00323367000000000
0.00237279000000000
0.000825473000000000
0.000270214000000000
0.00132334000000000
0.00275457000000000
0.00330960000000000
0.00313251000000000
0.00292928000000000
0.00301934000000000
0.00328346000000000
0.00325308000000000
0.00245493000000000
0.00116282000000000
0.000323024000000000
0.000261657000000000
0.000431125000000000
0.000432406000000000
0.000457787000000000
0.000517662000000000
0.000205124000000000
-0.000665156000000000
-0.00189250000000000
-0.00319286000000000
-0.00424879000000000
-0.00483538000000000
-0.00538751000000000
-0.00642931000000000
-0.00754730000000000
-0.00793634000000000
-0.00776268000000000
-0.00770524000000000
-0.00777523000000000
-0.00771739000000000
-0.00777893000000000
-0.00785724000000000
-0.00703835000000000
-0.00512591000000000
-0.00339636000000000
-0.00249495000000000
-0.00152010000000000
-7.06767000000000e-05
0.000675668000000000
0.000445427000000000
0.000751508000000000
0.00227401000000000
0.00343875000000000
0.00329693000000000
0.00328478000000000
0.00469356000000000
0.00613495000000000
0.00566312000000000
0.00385777000000000
0.00291700000000000
0.00336599000000000
0.00363275000000000
0.00263770000000000
0.00119415000000000
0.000503175000000000
0.000488530000000000
0.000489890000000000
0.000462740000000000
0.000594374000000000
0.000541062000000000
0.000272169000000000
0.000677622000000000
0.00215411000000000
0.00329072000000000
0.00265698000000000
0.00100989000000000
0.000198151000000000
0.000436434000000000
0.000612426000000000
0.000395681000000000
0.000377484000000000
0.000555417000000000
0.000412637000000000
0.000256890000000000
0.000932861000000000
0.00233133000000000
0.00336824000000000
0.00341630000000000
0.00270531000000000
0.00164886000000000
0.000443433000000000
-0.000593951000000000
-0.000996856000000000
-0.000421987000000000
0.000864865000000000
0.00221815000000000
0.00301168000000000
0.00319458000000000
0.00309950000000000
0.00303677000000000
0.00303955000000000
0.00307018000000000
0.00307388000000000
0.00301419000000000
0.00297959000000000
0.00303981000000000
0.00305619000000000
0.00294579000000000
0.00291568000000000
0.00304298000000000
0.00302898000000000
0.00281782000000000
0.00286021000000000
0.00320118000000000
0.00292981000000000
0.00132545000000000
-0.000993924000000000
-0.00266332000000000
-0.00304338000000000
-0.00257326000000000
-0.00225143000000000
-0.00297431000000000
-0.00486246000000000
-0.00701934000000000
-0.00840105000000000
-0.00871521000000000
-0.00802389000000000
-0.00632446000000000
-0.00411462000000000
-0.00262317000000000
-0.00249679000000000
-0.00297035000000000
-0.00299570000000000
-0.00268049000000000
-0.00271918000000000
-0.00303017000000000
-0.00299055000000000
-0.00264364000000000
-0.00273067000000000
-0.00357860000000000
-0.00474889000000000
-0.00562125000000000
-0.00599339000000000
-0.00583505000000000
-0.00515668000000000
-0.00413047000000000
-0.00302238000000000
-0.00185764000000000
-0.000727764000000000
-9.13726000000000e-05
-0.000155259000000000
-0.000408715000000000
-0.000323182000000000
-0.000174235000000000
-0.000400792000000000
-0.000523050000000000
0.000263783000000000
0.00166405000000000
0.00252017000000000
0.00249574000000000
0.00226781000000000
0.00231799000000000
0.00241479000000000
0.00233951000000000
0.00225394000000000
0.00230148000000000
0.00234493000000000
0.00227362000000000
0.00221300000000000
0.00226002000000000
0.00228999000000000
0.00220759000000000
0.00215807000000000
0.00224008000000000
0.00221974000000000
0.00203644000000000
0.00229607000000000
0.00366616000000000
0.00553344000000000
0.00636090000000000
0.00537853000000000
0.00355404000000000
0.00224417000000000
0.00190320000000000
0.00203248000000000
0.00210789000000000
0.00199049000000000
0.00189845000000000
0.00200436000000000
0.00213509000000000
0.00185196000000000
0.00101282000000000
-0.000163697000000000
-0.00143862000000000
-0.00267784000000000
-0.00351944000000000
-0.00376731000000000
-0.00371092000000000
-0.00369125000000000
-0.00361941000000000
-0.00365929000000000
-0.00443710000000000
-0.00596104000000000
-0.00692901000000000
-0.00630504000000000
-0.00475628000000000
-0.00377788000000000
-0.00373007000000000
-0.00390650000000000
-0.00386015000000000
-0.00380429000000000
-0.00388326000000000
-0.00393740000000000
-0.00389052000000000
-0.00387124000000000
-0.00393951000000000
-0.00398190000000000
-0.00393661000000000
-0.00391772000000000
-0.00399498000000000
-0.00403803000000000
-0.00396857000000000
-0.00395100000000000
-0.00406748000000000
-0.00409838000000000
-0.00396064000000000
-0.00397464000000000
-0.00424681000000000
-0.00414697000000000
-0.00316355000000000
-0.00183268000000000
-0.00115123000000000
-0.00123609000000000
-0.00145923000000000
-0.00143255000000000
-0.00132690000000000
-0.00134552000000000
-0.00144774000000000
-0.00146926000000000
-0.00137246000000000
-0.00133773000000000
-0.00153595000000000
-0.00164146000000000
-0.00103460000000000
0.000259808000000000
0.00129751000000000
0.00146292000000000
0.00120646000000000
0.00118368000000000
0.00131695000000000
0.00128359000000000
0.00118127000000000
0.00121768000000000
0.00127225000000000
0.00121198000000000
0.00117068000000000
0.00121804000000000
0.00121897000000000
0.00116162000000000
0.00117229000000000
0.00120045000000000
0.00114014000000000
0.00115803000000000
0.00127740000000000
0.000931210000000000
-0.000308273000000000
-0.00169046000000000
-0.00187732000000000
-0.000654129000000000
0.000766734000000000
0.00128688000000000
0.00112981000000000
0.00102869000000000
0.00112168000000000
0.00111905000000000
0.00104230000000000
0.00106831000000000
0.00111744000000000
0.00105957000000000
0.00101950000000000
0.00108697000000000
0.00109553000000000
0.00100310000000000
0.00101611000000000
0.00111517000000000
0.00104801000000000
0.000927420000000000
0.00109779000000000
0.00120560000000000
0.000399881000000000
-0.00132083000000000
-0.00273978000000000
-0.00296269000000000
-0.00217603000000000
-0.000974261000000000
0.000293720000000000
0.00109775000000000
0.00114300000000000
0.000951032000000000
0.00102328000000000
0.000583703000000000
-0.00123947000000000
-0.00312631000000000
-0.00271931000000000
-0.000145474000000000
0.00132334000000000
-0.000414354000000000
-0.00357847000000000
-0.00504139000000000
-0.00456467000000000
-0.00414763000000000
-0.00459504000000000
-0.00477583000000000
-0.00428260000000000
-0.00421181000000000
-0.00489323000000000
-0.00472644000000000
-0.00265856000000000
-1.28352000000000e-05
0.00130282000000000
0.00129435000000000
0.00100421000000000
0.000854631000000000
0.00105068000000000
0.00233529000000000
0.00471601000000000
0.00665579000000000
0.00696744000000000
0.00645229000000000
0.00646549000000000
0.00683591000000000
0.00668140000000000
0.00640448000000000
0.00715324000000000
0.00894235000000000
0.0106690000000000
0.0117665000000000
0.0123312000000000
0.0124037000000000
0.0121046000000000
0.0120359000000000
0.0123503000000000
0.0123992000000000
0.0120354000000000
0.0120490000000000
0.0125418000000000