0.000655157000000000
0.00176557000000000
0.00254627000000000
0.00177921000000000
0.00128931000000000
0.00329399000000000
0.00478137000000000
-0.00253223000000000
-0.0204628000000000
-0.0387250000000000
-0.0445749000000000
-0.0336682000000000
-0.0123586000000000
0.00972851000000000
0.0254375000000000
0.0322673000000000
0.0291900000000000
0.0169102000000000
0.00110329000000000
-0.00704374000000000
-0.00203701000000000
0.00642167000000000
0.00480758000000000
-0.00512868000000000
-0.0112328000000000
-0.0116356000000000
-0.0141759000000000
-0.0186130000000000
-0.0181522000000000
-0.0146301000000000
-0.0138886000000000
-0.00988727000000000
0.00545216000000000
0.0224821000000000
0.0241266000000000
0.0137880000000000
0.00936623000000000
0.0138965000000000
0.0138409000000000
0.00670146000000000
0.00554697000000000
0.0140276000000000
0.0182529000000000
0.00991521000000000
-0.000729943000000000
-0.00272860000000000
-0.000611183000000000
-0.00417982000000000
-0.0120694000000000
-0.0144990000000000
-0.00705897000000000
0.00498885000000000
0.0140078000000000
0.0166070000000000
0.0137165000000000
0.00615540000000000
-0.00702692000000000
-0.0242246000000000
-0.0373585000000000
-0.0383198000000000
-0.0282592000000000
-0.0152418000000000
-0.00335331000000000
0.00868299000000000
0.0192208000000000
0.0229561000000000
0.0192076000000000
0.0130968000000000
0.00751579000000000
0.000951599000000000
-0.00654283000000000
-0.0112674000000000
-0.0107663000000000
-0.00684115000000000
-0.00329174000000000
-0.00263141000000000
-0.00373201000000000
-0.00249423000000000
0.00289014000000000
0.00809813000000000
0.00881752000000000
0.00793447000000000
0.0103802000000000
0.0131519000000000
0.00915212000000000
-0.000258175000000000
-0.00560298000000000
-0.00284167000000000
0.00147956000000000
0.000991296000000000
-0.00215473000000000
-0.00233375000000000
0.00161052000000000
0.00641479000000000
0.00873503000000000
0.00686883000000000
0.00115489000000000
-0.00526069000000000
-0.00785661000000000
-0.00582225000000000
-0.00361125000000000
-0.00491033000000000
-0.00741913000000000
-0.00687108000000000
-0.00433938000000000
-0.00492146000000000
-0.00953704000000000
-0.0126067000000000
-0.00941099000000000
-0.00184846000000000
0.00522388000000000
0.00955902000000000
0.0113937000000000
0.0104215000000000
0.00625311000000000
0.000244444000000000
-0.00530810000000000
-0.00972560000000000
-0.0139628000000000
-0.0181191000000000
-0.0204085000000000
-0.0189123000000000
-0.0136754000000000
-0.00656256000000000
0.000387355000000000
0.00603119000000000
0.00957981000000000
0.00987310000000000
0.00643717000000000
0.000922296000000000
-0.00361191000000000
-0.00490437000000000
-0.00272939000000000
0.00125118000000000
0.00454435000000000
0.00606721000000000
0.00735994000000000
0.0100296000000000
0.0117654000000000
0.00842572000000000
0.000737927000000000
-0.00472575000000000
-0.00375756000000000
0.000566627000000000
0.00314503000000000
0.00347950000000000
0.00419187000000000
0.00625762000000000
0.00896436000000000
0.0129818000000000
0.0188593000000000
0.0230740000000000
0.0199491000000000
0.00927964000000000
-0.00188779000000000
-0.00672794000000000
-0.00513146000000000
-0.000677323000000000
0.00511689000000000
0.0111701000000000
0.0139561000000000
0.0117059000000000
0.00867531000000000
0.00910538000000000
0.0108021000000000
0.00979564000000000
0.00728830000000000
0.00649556000000000
0.00678355000000000
0.00596062000000000
0.00408118000000000
0.000768554000000000
-0.00564429000000000
-0.0120609000000000
-0.00973341000000000
0.00475740000000000
0.0226860000000000
0.0322448000000000
0.0302639000000000
0.0212864000000000
0.00967832000000000
-0.00159820000000000
-0.00870762000000000
-0.00908737000000000
-0.00598856000000000
-0.00569063000000000
-0.0103507000000000
-0.0155530000000000
-0.0160681000000000
-0.0108539000000000
-0.00176914000000000
0.00999704000000000
0.0235347000000000
0.0363257000000000
0.0454686000000000
0.0502328000000000
0.0519025000000000
0.0518111000000000
0.0503295000000000
0.0465372000000000
0.0377372000000000
0.0213447000000000
-0.000932399000000000
-0.0225562000000000
-0.0382483000000000
-0.0487074000000000
-0.0573115000000000
-0.0651833000000000
-0.0723958000000000
-0.0801246000000000
-0.0869080000000000
-0.0871146000000000
-0.0781954000000000
-0.0658348000000000
-0.0559662000000000
-0.0469093000000000
-0.0354186000000000
-0.0248364000000000
-0.0189944000000000
-0.0132345000000000
-0.000688670000000000
0.0172929000000000
0.0352359000000000
0.0514470000000000
0.0637811000000000
0.0641929000000000
0.0504195000000000
0.0358662000000000
0.0370923000000000
0.0519939000000000
0.0646683000000000
0.0667723000000000
0.0631707000000000
0.0566269000000000
0.0435686000000000
0.0247476000000000
0.00677177000000000
-0.0122750000000000
-0.0429489000000000
-0.0851297000000000
-0.120183000000000
-0.132006000000000
-0.123092000000000
-0.103723000000000
-0.0769534000000000
-0.0446398000000000
-0.0148367000000000
0.00769216000000000
0.0282102000000000
0.0512550000000000
0.0718860000000000
0.0844915000000000
0.0914855000000000
0.0977750000000000
0.101974000000000
0.0976704000000000
0.0793209000000000
0.0465134000000000
0.00825967000000000
-0.0200179000000000
-0.0300414000000000
-0.0281890000000000
-0.0243358000000000
-0.0212983000000000
-0.0189242000000000
-0.0200404000000000
-0.0263392000000000
-0.0344904000000000
-0.0409733000000000
-0.0450449000000000
-0.0451840000000000
-0.0387753000000000
-0.0283916000000000
-0.0211911000000000
-0.0206071000000000
-0.0233798000000000
-0.0256494000000000
-0.0271151000000000
-0.0286644000000000
-0.0284803000000000
-0.0217419000000000
-0.00623312000000000
0.0124236000000000
0.0236486000000000
0.0221815000000000
0.0103641000000000
-0.00813070000000000
-0.0309074000000000
-0.0501944000000000
-0.0547732000000000
-0.0430071000000000
-0.0263366000000000
-0.0142090000000000
-0.00592129000000000
0.000331306000000000
0.00158231000000000
-0.00107834000000000
0.000243358000000000
0.00943363000000000
0.0210891000000000
0.0302242000000000
0.0365812000000000
0.0381622000000000
0.0314529000000000
0.0202867000000000
0.0121082000000000
0.00535444000000000
-0.00673324000000000
-0.0189957000000000
-0.0162402000000000
0.00433223000000000
0.0269245000000000
0.0372115000000000
0.0358199000000000
0.0283254000000000
0.0159622000000000
0.00179444000000000
-0.00493668000000000
0.000996645000000000
0.0130628000000000
0.0211818000000000
0.0231997000000000
0.0229654000000000
0.0222623000000000
0.0196551000000000
0.0150975000000000
0.0106591000000000
0.00746719000000000
0.00503149000000000
0.00316754000000000
0.00193982000000000
0.000208137000000000
-0.00274435000000000
-0.00485287000000000
-0.00387395000000000
-0.00163726000000000
-0.00186766000000000
-0.00475409000000000
-0.00815110000000000
-0.0124198000000000
-0.0182582000000000
-0.0205224000000000
-0.0129370000000000
0.00119911000000000
0.0101917000000000
0.00849523000000000
0.00117903000000000
-0.00585760000000000
-0.0136635000000000
-0.0241743000000000
-0.0339211000000000
-0.0372856000000000
-0.0333557000000000
-0.0257010000000000
-0.0179417000000000
-0.0113974000000000
-0.00584039000000000
-0.000717814000000000
0.00413586000000000
0.00842797000000000
0.0112291000000000
0.0111168000000000
0.00783887000000000
0.00442465000000000
0.00553637000000000
0.0127162000000000
0.0228065000000000
0.0320673000000000
0.0390705000000000
0.0424735000000000
0.0398518000000000
0.0314741000000000
0.0224768000000000
0.0175087000000000
0.0152683000000000
0.0108801000000000
0.00315549000000000
-0.00401484000000000
-0.00732948000000000
-0.00818552000000000
-0.00971355000000000
-0.0120759000000000
-0.0127636000000000
-0.0109146000000000
-0.00901852000000000
-0.00968971000000000
-0.0128222000000000
-0.0173723000000000
-0.0230263000000000
-0.0287398000000000
-0.0312000000000000
-0.0279944000000000
-0.0210335000000000
-0.0148830000000000
-0.0105586000000000
-0.00434745000000000
0.00646590000000000
0.0183257000000000
0.0246298000000000
0.0233070000000000
0.0187918000000000
0.0151889000000000
0.0105313000000000
0.00158403000000000
-0.00868061000000000
-0.0129641000000000
-0.00910220000000000
-0.00149294000000000
0.00547361000000000
0.0109010000000000
0.0140753000000000
0.0145599000000000
0.0151995000000000
0.0192883000000000
0.0233917000000000
0.0201318000000000
0.00854700000000000
-0.00355246000000000
-0.00950354000000000
-0.00876747000000000
-0.00391659000000000
0.00229415000000000
0.00615288000000000
0.00569553000000000
0.00348440000000000
0.00331637000000000
0.00457666000000000
0.00326089000000000
-0.00211500000000000
-0.00943442000000000
-0.0160906000000000
-0.0207170000000000
-0.0228926000000000
-0.0232977000000000
-0.0224622000000000
-0.0196789000000000
-0.0143401000000000
-0.00785449000000000
-0.00241915000000000
0.00223801000000000
0.00884030000000000
0.0181959000000000
0.0259036000000000
0.0262492000000000
0.0185190000000000
0.00754664000000000
-0.00253302000000000
-0.0114333000000000
-0.0190381000000000
-0.0232249000000000
-0.0235043000000000
-0.0220968000000000
-0.0182952000000000
-0.00869001000000000
0.00484360000000000
0.0133629000000000
0.0116788000000000
0.00383132000000000
-0.00412567000000000
-0.0104116000000000
-0.0143891000000000
-0.0146592000000000
-0.0124772000000000
-0.0107072000000000
-0.00891908000000000
-0.00473184000000000
0.000721932000000000
0.00462817000000000
0.00734220000000000
0.00990541000000000
0.00972202000000000
0.00484055000000000
-0.00122589000000000
-0.00422789000000000
-0.00521898000000000
-0.00670570000000000
-0.00725904000000000
-0.00445312000000000
0.000337754000000000
0.00422087000000000
0.00684433000000000
0.00951652000000000
0.0128290000000000
0.0166692000000000
0.0201622000000000
0.0209302000000000
0.0174716000000000
0.0122794000000000
0.00968508000000000
0.0104223000000000
0.0115247000000000
0.0108176000000000
0.00889975000000000
0.00649860000000000
0.00314172000000000
-0.000323520000000000
-0.000361601000000000
0.00549427000000000
0.0140488000000000
0.0187785000000000
0.0166004000000000
0.0103581000000000
0.00384032000000000
-0.00170585000000000
-0.00564257000000000
-0.00621935000000000
-0.00366752000000000
-0.00142342000000000
-0.00217525000000000
-0.00471715000000000
-0.00666637000000000
-0.00752982000000000
-0.00805205000000000
-0.00875211000000000
-0.00992382000000000
-0.0111489000000000
-0.0111864000000000
-0.00977671000000000
-0.00889445000000000
-0.0104020000000000
-0.0137403000000000
-0.0168506000000000
-0.0179933000000000
-0.0158324000000000
-0.0103538000000000
-0.00397180000000000
0.000616731000000000
0.00347698000000000
0.00652429000000000
0.0102047000000000
0.0130432000000000
0.0135099000000000
0.0109675000000000
0.00564018000000000
-0.000747315000000000
-0.00555531000000000
-0.00737384000000000
-0.00679772000000000
-0.00489670000000000
-0.00231362000000000
0.000278090000000000
0.00188752000000000
0.00189494000000000
0.000704070000000000
-9.82927000000000e-05
0.00132848000000000
0.00540674000000000
0.0104242000000000
0.0143997000000000
0.0167871000000000
0.0178080000000000
0.0172320000000000
0.0150114000000000
0.0119134000000000
0.00892067000000000
0.00665657000000000
0.00549797000000000
0.00520746000000000
0.00482533000000000
0.00364515000000000
0.00173061000000000
-0.000671165000000000
-0.00290815000000000
-0.00335159000000000
-0.00113260000000000
0.00177709000000000
0.00257235000000000
0.00119073000000000
-0.000556643000000000
-0.00238353000000000
-0.00464617000000000
-0.00547295000000000
-0.00287465000000000
0.00138965000000000
0.00393208000000000
0.00449642000000000
0.00475700000000000
0.00450900000000000
0.00251555000000000
-0.000528175000000000
-0.00342044000000000
-0.00677654000000000
-0.0108533000000000
-0.0132393000000000
-0.0117982000000000
-0.00816526000000000
-0.00528479000000000
-0.00382814000000000
-0.00315218000000000
-0.00373823000000000
-0.00604854000000000
-0.00871623000000000
-0.00976850000000000
-0.00888200000000000
-0.00735769000000000
-0.00641969000000000
-0.00633455000000000
-0.00671629000000000
-0.00735345000000000
-0.00854065000000000
-0.0103343000000000
-0.0116898000000000
-0.0114047000000000
-0.00992646000000000
-0.00899932000000000
-0.00951069000000000
-0.0107963000000000
-0.0120186000000000
-0.0130998000000000
-0.0143229000000000
-0.0156616000000000
-0.0162972000000000
-0.0147427000000000
-0.0102881000000000
-0.00442796000000000
0.000474945000000000
0.00392546000000000
0.00716715000000000
0.0103808000000000
0.0121915000000000
0.0122186000000000
0.0118946000000000
0.0121012000000000
0.0120127000000000
0.0110555000000000
0.0102121000000000
0.0104860000000000
0.0115247000000000
0.0125042000000000
0.0131405000000000
0.0133206000000000
0.0128290000000000
0.0119815000000000
0.0116698000000000
0.0122750000000000
0.0130586000000000
0.0131091000000000
0.0124302000000000
0.0116687000000000
0.0111068000000000
0.0105027000000000
0.00973235000000000
0.00903163000000000
0.00857918000000000
0.00804106000000000
0.00669563000000000
0.00394757000000000
-5.09346000000000e-05
-0.00421306000000000
-0.00707234000000000
-0.00784377000000000
-0.00685611000000000
-0.00484889000000000
-0.00241491000000000
-0.000302069000000000
0.000538370000000000
-0.000171870000000000
-0.00164706000000000
-0.00298362000000000
-0.00402967000000000
-0.00508975000000000
-0.00623007000000000
-0.00725626000000000
-0.00803259000000000
-0.00861400000000000
-0.00911214000000000
-0.00944634000000000
-0.00929566000000000
-0.00855548000000000
-0.00775558000000000
-0.00755935000000000
-0.00797565000000000
-0.00859560000000000
-0.00939351000000000
-0.0103091000000000
-0.0104875000000000
-0.00906500000000000
-0.00664373000000000
-0.00468338000000000
-0.00369917000000000
-0.00299593000000000
-0.00202496000000000
-0.000907797000000000
0.000126290000000000
0.000958008000000000
0.00134265000000000
0.00118474000000000
0.000832296000000000
0.000625232000000000
0.000466524000000000
0.000212401000000000
2.80606000000000e-05
5.43230000000000e-05
0.000222371000000000
0.000636712000000000
0.00159860000000000
0.00294668000000000
0.00388971000000000
0.00380166000000000
0.00291172000000000
0.00186435000000000
0.000888386000000000
-0.000286485000000000
-0.00182542000000000
-0.00340376000000000
-0.00445034000000000
-0.00464088000000000
-0.00418975000000000
-0.00358503000000000
-0.00307591000000000
-0.00243372000000000
-0.00137218000000000
-0.000194538000000000
0.000298508000000000
-0.000281440000000000
-0.00143256000000000
-0.00255686000000000
-0.00370619000000000
-0.00515212000000000
-0.00654667000000000
-0.00717681000000000
-0.00686936000000000
-0.00619896000000000
-0.00580371000000000
-0.00591136000000000
-0.00645862000000000
-0.00716291000000000
-0.00745355000000000
-0.00680328000000000
-0.00544805000000000
-0.00433646000000000
-0.00412209000000000
-0.00445828000000000
-0.00473449000000000
-0.00502103000000000
-0.00557583000000000
-0.00580623000000000
-0.00478507000000000
-0.00262095000000000
-0.000297488000000000
0.00165130000000000
0.00330789000000000
0.00454660000000000
0.00506287000000000
0.00497985000000000
0.00455534000000000
0.00385144000000000
0.00349499000000000
0.00474124000000000
0.00765879000000000
0.0104394000000000
0.0116434000000000
0.0118989000000000
0.0123130000000000
0.0127763000000000
0.0128370000000000
0.0127646000000000
0.0127276000000000
0.0123288000000000
0.0115796000000000
0.0109981000000000
0.0105594000000000
0.00989773000000000
0.00925289000000000
0.00885168000000000
0.00817241000000000
0.00708916000000000
0.00639943000000000
0.00608482000000000
0.00493245000000000
0.00342283000000000
0.00430137000000000
0.00828867000000000
0.0118589000000000
0.0118734000000000
0.00962854000000000
0.00795486000000000
0.00705513000000000
0.00564641000000000
0.00393592000000000
0.00296707000000000
0.00259221000000000
0.00201821000000000
0.00130294000000000
0.000840493000000000
0.000415347000000000
-0.000226992000000000
-0.000840811000000000
-0.00129151000000000
-0.00181072000000000
-0.00242418000000000
-0.00290881000000000
-0.00330326000000000
-0.00379927000000000
-0.00431647000000000
-0.00472615000000000
-0.00519992000000000
-0.00579060000000000
-0.00604338000000000
-0.00550989000000000
-0.00440664000000000
-0.00328406000000000
-0.00233282000000000
-0.00133881000000000
-0.000194989000000000
0.000826801000000000
0.00132967000000000
0.00123378000000000
0.000874363000000000
0.000589163000000000
0.000380629000000000
9.55333000000000e-05
-0.000214268000000000
-0.000378550000000000
-0.000403417000000000
-0.000415519000000000
-0.000411163000000000
-0.000348969000000000
-0.000367851000000000
-0.000655634000000000
-0.00120633000000000
-0.00189083000000000
-0.00266517000000000
-0.00341382000000000
-0.00372724000000000
-0.00310636000000000
-0.00153610000000000
0.000261790000000000
0.00127819000000000
0.00108216000000000
0.000166679000000000
-0.000773943000000000
-0.00161965000000000
-0.00258625000000000
-0.00344971000000000
-0.00361641000000000
-0.00289676000000000
-0.00176941000000000
-0.000742045000000000
0.000141812000000000
0.00108606000000000
0.00212718000000000
0.00312252000000000
0.00401537000000000
0.00496224000000000
0.00606575000000000
0.00701911000000000
0.00730949000000000
0.00684367000000000
0.00607264000000000
0.00537311000000000
0.00471384000000000
0.00400848000000000
0.00339979000000000
0.00282181000000000
0.00171512000000000
-0.000460751000000000
-0.00351247000000000
-0.00657765000000000
-0.00874271000000000
-0.00963820000000000
-0.00964019000000000
-0.00945270000000000
-0.00947004000000000
-0.00957213000000000
-0.00950407000000000
-0.00920270000000000
-0.00875979000000000
-0.00824921000000000
-0.00772076000000000
-0.00722130000000000
-0.00673244000000000
-0.00621617000000000
-0.00572241000000000
-0.00532902000000000
-0.00501216000000000
-0.00469450000000000
-0.00435818000000000
-0.00402715000000000
-0.00370725000000000
-0.00340363000000000
-0.00313364000000000
-0.00289080000000000
-0.00264478000000000
-0.00238684000000000
-0.00213235000000000
-0.00188474000000000
-0.00163303000000000
-0.00136847000000000
-0.00108804000000000
-0.000796651000000000
-0.000507452000000000
-0.000225523000000000
5.55928000000000e-05
0.000350174000000000
0.000700362000000000
0.00116342000000000
0.00171658000000000
0.00224582000000000
0.00270873000000000
0.00322355000000000
0.00382893000000000
0.00424709000000000
0.00411838000000000
0.00345540000000000
0.00261975000000000
0.00186832000000000
0.00116179000000000
0.000403232000000000
-0.000381622000000000
-0.00111555000000000
-0.00174001000000000
-0.00220862000000000
-0.00255169000000000
-0.00291530000000000
-0.00337807000000000
-0.00372618000000000
-0.00361178000000000
-0.00297382000000000
-0.00213301000000000
-0.00138820000000000
-0.000707089000000000
7.43727000000000e-05
0.000866538000000000
0.00138555000000000
0.00155835000000000
0.00162018000000000
0.00173962000000000
0.00185442000000000
0.00192327000000000
0.00203304000000000
0.00218055000000000
0.00226304000000000
0.00230660000000000
0.00244418000000000
0.00271668000000000
0.00314821000000000
0.00380285000000000
0.00455243000000000
0.00511544000000000
0.00556484000000000
0.00630436000000000
0.00720369000000000
0.00734498000000000
0.00601093000000000
0.00343845000000000
0.000254600000000000
-0.00289186000000000
-0.00502580000000000
-0.00526056000000000
-0.00401828000000000
-0.00264226000000000
-0.00169063000000000
-0.000599690000000000
0.000722276000000000
0.00137257000000000
0.000853270000000000
-0.000135073000000000
-0.000897403000000000
-0.00159807000000000
-0.00248416000000000
-0.00322381000000000
-0.00351883000000000
-0.00359960000000000
-0.00375121000000000
-0.00392149000000000
-0.00402040000000000
-0.00413944000000000
-0.00431144000000000
-0.00444186000000000
-0.00453323000000000
-0.00467173000000000
-0.00482837000000000
-0.00493046000000000
-0.00502937000000000
-0.00519277000000000
-0.00538370000000000
-0.00561119000000000
-0.00598127000000000
-0.00640168000000000
-0.00651648000000000
-0.00612891000000000
-0.00547626000000000
-0.00483552000000000
-0.00415374000000000
-0.00324182000000000
-0.00214268000000000
-0.00104864000000000
-2.39240000000000e-05
0.00101432000000000
0.00207104000000000
0.00301301000000000
0.00377544000000000
0.00449920000000000
0.00535431000000000
0.00623709000000000
0.00680911000000000
0.00686326000000000
0.00654045000000000
0.00612785000000000
0.00585509000000000
0.00585853000000000
0.00612070000000000
0.00644339000000000
0.00669325000000000
0.00697595000000000
0.00735199000000000
0.00755498000000000
0.00728288000000000
0.00661049000000000
0.00581642000000000
0.00499150000000000
0.00418485000000000
0.00367361000000000
0.00371095000000000
0.00412341000000000
0.00454183000000000
0.00481606000000000
0.00500276000000000
0.00508392000000000
0.00500713000000000
0.00485604000000000
0.00478891000000000
0.00480904000000000
0.00473251000000000
0.00438506000000000
0.00375836000000000
0.00297740000000000
0.00214718000000000
0.00134463000000000
0.000729479000000000
0.000517039000000000
0.000699435000000000
0.000986502000000000
0.00114712000000000
0.00126927000000000
0.00151558000000000
0.00177762000000000
0.00179616000000000
0.00150551000000000
0.00106843000000000
0.000619591000000000
0.000192605000000000
-0.000179417000000000
-0.000431952000000000
-0.000548844000000000
-0.000588144000000000
-0.000643836000000000
-0.000765972000000000
-0.000857865000000000
-0.000718754000000000
-0.000270066000000000
0.000321269000000000
0.000868021000000000
0.00138939000000000
0.00196763000000000
0.00247543000000000
0.00267894000000000
0.00257209000000000
0.00238433000000000
0.00226092000000000
0.00214718000000000
0.00198961000000000
0.00183932000000000
0.00172413000000000
0.00159224000000000
0.00142885000000000
0.00129440000000000
0.00119114000000000
0.00101569000000000
0.000699687000000000
0.000299580000000000
-0.000107682000000000
-0.000513239000000000
-0.000924375000000000
-0.00132215000000000
-0.00171618000000000
-0.00214307000000000
-0.00255620000000000
-0.00282075000000000
-0.00287888000000000
-0.00283770000000000
-0.00281943000000000
-0.00283068000000000
-0.00282446000000000
-0.00280606000000000
-0.00280222000000000
-0.00280341000000000
-0.00279242000000000
-0.00278090000000000
-0.00277918000000000
-0.00277494000000000
-0.00276368000000000
-0.00275746000000000
-0.00275495000000000
-0.00274647000000000
-0.00273747000000000
-0.00273522000000000
-0.00272926000000000
-0.00271761000000000
-0.00271681000000000
-0.00271628000000000
-0.00266663000000000
-0.00254666000000000
-0.00239876000000000
-0.00226211000000000
-0.00212957000000000
-0.00198855000000000
-0.00185097000000000
-0.00171976000000000
-0.00158072000000000
-0.00143838000000000
-0.00130859000000000
-0.00117871000000000
-0.00102672000000000
-0.000883089000000000
-0.000817082000000000
-0.000860460000000000
-0.000971871000000000
-0.00108545000000000
-0.00117002000000000
-0.00124952000000000
-0.00135430000000000
-0.00146513000000000
-0.00154696000000000
-0.00162482000000000
-0.00173869000000000
-0.00185177000000000
-0.00192023000000000
-0.00199914000000000
-0.00213380000000000
-0.00223920000000000
-0.00227284000000000
-0.00238976000000000
-0.00260439000000000
-0.00250773000000000
-0.00171724000000000
-0.000468338000000000
0.000740867000000000
0.00186382000000000
0.00314516000000000
0.00431912000000000
0.00466339000000000
0.00393658000000000
0.00274250000000000
0.00171658000000000
0.000854899000000000
-0.000164296000000000
-0.00131219000000000
-0.00216598000000000
-0.00238049000000000
-0.00203198000000000
-0.00147215000000000
-0.000965118000000000
-0.000529525000000000
-6.91636000000000e-05
0.000435633000000000
0.000920231000000000
0.00136542000000000
0.00183310000000000
0.00235003000000000
0.00282486000000000
0.00312345000000000
0.00320369000000000
0.00316251000000000
0.00312901000000000
0.00314119000000000
0.00314741000000000
0.00312053000000000
0.00310266000000000
0.00312133000000000
0.00311166000000000
0.00298349000000000
0.00273230000000000
0.00243305000000000
0.00214175000000000
0.00185932000000000
0.00157371000000000
0.00128746000000000
0.00100116000000000
0.000711922000000000
0.000425516000000000
0.000144063000000000
-0.000146513000000000
-0.000444411000000000
-0.000712928000000000
-0.000926865000000000
-0.00110961000000000
-0.00129106000000000
-0.00147294000000000
-0.00165434000000000
-0.00184330000000000
-0.00202920000000000
-0.00220160000000000
-0.00238737000000000
-0.00259618000000000
-0.00274793000000000
-0.00274859000000000
-0.00262267000000000
-0.00247264000000000
-0.00234156000000000
-0.00220822000000000
-0.00207064000000000
-0.00194075000000000
-0.00180516000000000
-0.00166229000000000
-0.00153610000000000
-0.00140978000000000
-0.00124808000000000
-0.00112485000000000
-0.00118562000000000
-0.00144341000000000
-0.00175815000000000
-0.00204337000000000
-0.00232977000000000
-0.00262942000000000
-0.00291106000000000
-0.00319270000000000
-0.00350174000000000
-0.00379159000000000
-0.00404516000000000
-0.00436586000000000
-0.00472920000000000
-0.00481447000000000
-0.00436030000000000
-0.00358344000000000
-0.00287743000000000
-0.00229429000000000
-0.00161979000000000
-0.000814778000000000
6.22226000000000e-06
0.000853879000000000
0.00178186000000000
0.00267947000000000
0.00347976000000000
0.00436268000000000
0.00537271000000000
0.00609859000000000
0.00613951000000000
0.00566958000000000
0.00510233000000000
0.00448476000000000
0.00362701000000000
0.00258294000000000
0.00155239000000000
0.000549811000000000
-0.000452383000000000
-0.00126333000000000
-0.00171287000000000
-0.00196697000000000
-0.00229177000000000
-0.00269668000000000
-0.00301884000000000
-0.00318899000000000
-0.00323057000000000
-0.00318091000000000
-0.00311590000000000
-0.00312795000000000
-0.00315787000000000
-0.00297170000000000
-0.00236923000000000
-0.00138793000000000
-0.000309220000000000
0.000466551000000000
0.000678077000000000
0.000425265000000000
3.68262000000000e-05
-0.000290709000000000
-0.000579140000000000
-0.000847511000000000
-0.00102857000000000
-0.00112030000000000
-0.00121898000000000
-0.00136383000000000
-0.00149519000000000
-0.00159436000000000
-0.00171274000000000
-0.00185376000000000
-0.00196948000000000
-0.00207144000000000
-0.00220941000000000
-0.00234354000000000
-0.00236632000000000
-0.00225072000000000
-0.00208005000000000
-0.00192393000000000
-0.00177855000000000
-0.00162429000000000
-0.00146778000000000
-0.00131695000000000
-0.00116556000000000
-0.00101016000000000
-0.000856091000000000
-0.000704189000000000
-0.000550446000000000
-0.000395896000000000
-0.000242418000000000
-8.78601000000000e-05
6.48987000000000e-05
0.000207078000000000
0.000339092000000000
0.000470801000000000
0.000605013000000000
0.000737172000000000
0.000868776000000000
0.00100352000000000
0.00113732000000000
0.00126770000000000
0.00140104000000000
0.00153809000000000
0.00166944000000000
0.00179775000000000
0.00193823000000000
0.00207872000000000
0.00217287000000000
0.00219644000000000
0.00218293000000000
0.00217604000000000
0.00218068000000000
0.00217988000000000
0.00217406000000000
0.00217300000000000
0.00217459000000000
0.00217207000000000
0.00216850000000000
0.00216863000000000
0.00216876000000000
0.00216598000000000
0.00216439000000000
0.00216479000000000
0.00216373000000000
0.00216161000000000
0.00216148000000000
0.00216161000000000
0.00215976000000000
0.00215910000000000
0.00216042000000000
0.00215790000000000
0.00214758000000000
0.00213420000000000
0.00212229000000000
0.00210971000000000
0.00209647000000000
0.00208481000000000
0.00207382000000000
0.00206032000000000
0.00204734000000000
0.00203767000000000
0.00202642000000000
0.00201159000000000
0.00200033000000000
0.00199279000000000
0.00197955000000000
0.00196247000000000
0.00195743000000000
0.00195624000000000
0.00191665000000000
0.00181297000000000
0.00167341000000000
0.00153835000000000
0.00141442000000000
0.00128682000000000
0.00115445000000000
0.00102521000000000
0.000898661000000000
0.000769891000000000
0.000640049000000000
0.000511862000000000
0.000384217000000000
0.000256255000000000
0.000128306000000000
-2.04125000000000e-07
-0.000128019000000000
-0.000253395000000000
-0.000381145000000000
-0.000513848000000000
-0.000634051000000000
-0.000715920000000000
-0.000759311000000000
-0.000790878000000000
-0.000828907000000000
-0.000869107000000000
-0.000905242000000000
-0.000941099000000000
-0.000979193000000000
-0.00101635000000000
-0.00105198000000000
-0.00108853000000000
-0.00112515000000000
-0.00116045000000000
-0.00119643000000000
-0.00123303000000000
-0.00126678000000000
-0.00130058000000000
-0.00134424000000000
-0.00140157000000000
-0.00146592000000000
-0.00153014000000000
-0.00159211000000000
-0.00165289000000000
-0.00171459000000000
-0.00177802000000000
-0.00183959000000000
-0.00189851000000000
-0.00195968000000000
-0.00202351000000000
-0.00208336000000000
-0.00213976000000000
-0.00220173000000000
-0.00226635000000000
-0.00232249000000000
-0.00237665000000000
-0.00244193000000000
-0.00250601000000000
-0.00255342000000000
-0.00260929000000000
-0.00269443000000000
-0.00273363000000000
-0.00259923000000000
-0.00227231000000000
-0.00187322000000000
-0.00150459000000000
-0.00115493000000000
-0.000783119000000000
-0.000405297000000000
-4.59798000000000e-05
0.000313947000000000
0.000690828000000000
0.00106247000000000
0.00141918000000000
0.00178609000000000
0.00216625000000000
0.00252998000000000
0.00288325000000000
0.00326764000000000
0.00365402000000000
0.00392930000000000
0.00403576000000000
0.00405615000000000
0.00409481000000000
0.00415956000000000
0.00420802000000000
0.00424510000000000
0.00429793000000000
0.00435540000000000
0.00439698000000000
0.00443908000000000
0.00449734000000000
0.00454912000000000
0.00458354000000000
0.00463558000000000
0.00470973000000000
0.00472324000000000
0.00458924000000000
0.00432905000000000
0.00403748000000000
0.00376868000000000
0.00350744000000000
0.00323295000000000
0.00295502000000000
0.00268795000000000
0.00242299000000000
0.00214784000000000
0.00187084000000000
0.00160535000000000
0.00134199000000000
0.00106114000000000
0.000778365000000000
0.000544633000000000
0.000386918000000000
0.000271191000000000
0.000151690000000000
2.07276000000000e-05
-0.000106858000000000
-0.000230409000000000
-0.000356305000000000
-0.000482718000000000
-0.000607727000000000
-0.000734273000000000
-0.000860209000000000
-0.000982821000000000
-0.00110848000000000
-0.00123815000000000
-0.00136026000000000
-0.00147837000000000
-0.00161343000000000
-0.00174809000000000
-0.00181363000000000
-0.00177298000000000
-0.00167699000000000
-0.00159132000000000
-0.00152193000000000
-0.00144381000000000
-0.00135920000000000
-0.00128177000000000
-0.00120617000000000
-0.00112467000000000
-0.00104410000000000
-0.000967488000000000
-0.000887671000000000
-0.000806066000000000
-0.000729029000000000
-0.000650827000000000
-0.000567064000000000
-0.000488292000000000
-0.000415718000000000
-0.000329823000000000
-0.000236897000000000
-0.000189176000000000
-0.000224649000000000
-0.000312623000000000
-0.000399590000000000
-0.000471476000000000
-0.000545799000000000
-0.000627893000000000
-0.000708055000000000
-0.000782801000000000
-0.000858726000000000
-0.000939179000000000
-0.00101922000000000
-0.00109463000000000
-0.00116968000000000
-0.00125036000000000
-0.00133179000000000
-0.00140501000000000
-0.00147758000000000
-0.00156603000000000
-0.00165130000000000
-0.00167527000000000
-0.00160707000000000
-0.00148817000000000
-0.00137668000000000
-0.00128167000000000
-0.00118064000000000
-0.00107105000000000
-0.000967012000000000
-0.000868431000000000
-0.000764528000000000
-0.000657130000000000
-0.000554882000000000
-0.000454779000000000
-0.000349936000000000
-0.000244020000000000
-0.000142726000000000
-4.18287000000000e-05
6.35348000000000e-05
0.000168414000000000
0.000268172000000000
0.000369586000000000
0.000478481000000000
0.000579616000000000
0.000645597000000000
0.000669232000000000
0.000674092000000000
0.000684393000000000
0.000700415000000000
0.000711763000000000
0.000720303000000000
0.000733253000000000
0.000747249000000000
0.000756319000000000
0.000765442000000000
0.000779517000000000
0.000791805000000000
0.000798664000000000
0.000808860000000000
0.000824339000000000
0.000833607000000000
0.000836878000000000
0.000852344000000000
0.000874655000000000
0.000858805000000000
0.000770196000000000
0.000631243000000000
0.000487683000000000
0.000355868000000000
0.000223841000000000
8.57256000000000e-05
-5.20389000000000e-05
-0.000186038000000000
-0.000320329000000000
-0.000457758000000000
-0.000595731000000000
-0.000731002000000000
-0.000865280000000000
-0.00100289000000000
-0.00114234000000000
-0.00127761000000000
-0.00141097000000000
-0.00155027000000000
-0.00169155000000000
-0.00182476000000000
-0.00195704000000000
-0.00210083000000000
-0.00224424000000000
-0.00236936000000000
-0.00249741000000000
-0.00267365000000000
-0.00291225000000000
-0.00318740000000000
-0.00347050000000000
-0.00374286000000000
-0.00400292000000000
-0.00427052000000000
-0.00455587000000000
-0.00482956000000000
-0.00507757000000000
-0.00535325000000000
-0.00567209000000000
-0.00588978000000000
-0.00582039000000000
-0.00547493000000000
-0.00504420000000000
-0.00465571000000000
-0.00428628000000000
-0.00389474000000000
-0.00349870000000000
-0.00311524000000000
-0.00273204000000000
-0.00234341000000000
-0.00195505000000000
-0.00156576000000000
-0.00117958000000000
-0.000801921000000000
-0.000409071000000000
3.65653000000000e-06
0.000345050000000000
0.000497667000000000
0.000477832000000000
0.000417400000000000
0.000393129000000000
0.000375121000000000
0.000335477000000000
0.000297382000000000
0.000273800000000000
0.000245186000000000
0.000206416000000000
0.000173710000000000
0.000146937000000000
0.000113533000000000
7.71758000000000e-05
4.65822000000000e-05
1.58814000000000e-05
-1.96683000000000e-05
-5.31856000000000e-05
-8.39129000000000e-05
-0.000118752000000000
-0.000154113000000000
-0.000183893000000000
-0.000218650000000000
-0.000261737000000000
-0.000280712000000000
-0.000240379000000000
-0.000154140000000000
-6.33269000000000e-05
1.71539000000000e-05
9.96036000000000e-05
0.000186779000000000
0.000270317000000000
0.000351565000000000
0.000436559000000000
0.000521355000000000
0.000602073000000000
0.000685572000000000
0.000773003000000000
0.000849391000000000
0.000903083000000000
0.000941258000000000
0.000976320000000000
0.00101301000000000
0.00105121000000000
0.00108919000000000
0.00112449000000000
0.00115951000000000
0.00119820000000000
0.00123628000000000
0.00126899000000000
0.00130345000000000
0.00134411000000000
0.00137986000000000
0.00141018000000000
0.00145030000000000
0.00148314000000000
0.00145785000000000
0.00137363000000000
0.00129260000000000
0.00123517000000000
0.00115829000000000
0.00106247000000000