-0.00175784000000000
-0.00475946000000000
-0.00696333000000000
-0.00666432000000000
-0.00520194000000000
-0.00527998000000000
-0.0104734000000000
-0.0142552000000000
0.00429090000000000
0.0609120000000000
0.138876000000000
0.199034000000000
0.218921000000000
0.206989000000000
0.171267000000000
0.102266000000000
-0.000190292000000000
-0.107175000000000
-0.189009000000000
-0.242764000000000
-0.278540000000000
-0.294072000000000
-0.276254000000000
-0.212766000000000
-0.100296000000000
0.0444450000000000
0.179912000000000
0.264807000000000
0.289782000000000
0.270229000000000
0.215062000000000
0.124088000000000
0.0129800000000000
-0.0826338000000000
-0.135750000000000
-0.151369000000000
-0.155066000000000
-0.158311000000000
-0.143177000000000
-0.0880427000000000
-0.00523492000000000
0.0635604000000000
0.0895324000000000
0.0801115000000000
0.0563773000000000
0.0282388000000000
-0.00243443000000000
-0.0309863000000000
-0.0511775000000000
-0.0550278000000000
-0.0340950000000000
0.00614477000000000
0.0401442000000000
0.0479104000000000
0.0365397000000000
0.0245092000000000
0.0167160000000000
0.00605455000000000
-0.0142520000000000
-0.0455832000000000
-0.0769220000000000
-0.0816842000000000
-0.0446843000000000
0.00984660000000000
0.0409267000000000
0.0409343000000000
0.0337846000000000
0.0327239000000000
0.0278766000000000
0.0119442000000000
-0.00998845000000000
-0.0320157000000000
-0.0502807000000000
-0.0590710000000000
-0.0569604000000000
-0.0478942000000000
-0.0295420000000000
0.00324070000000000
0.0396375000000000
0.0597899000000000
0.0635615000000000
0.0660019000000000
0.0625030000000000
0.0314207000000000
-0.0219104000000000
-0.0584889000000000
-0.0569507000000000
-0.0406971000000000
-0.0387397000000000
-0.0458710000000000
-0.0394974000000000
-0.0141021000000000
0.0185161000000000
0.0483189000000000
0.0702897000000000
0.0802980000000000
0.0795025000000000
0.0737282000000000
0.0592262000000000
0.0208616000000000
-0.0442973000000000
-0.110420000000000
-0.142865000000000
-0.132183000000000
-0.0974549000000000
-0.0576298000000000
-0.0104615000000000
0.0522479000000000
0.117254000000000
0.151380000000000
0.135319000000000
0.0831631000000000
0.0225539000000000
-0.0330117000000000
-0.0804543000000000
-0.111088000000000
-0.114311000000000
-0.0897630000000000
-0.0439243000000000
0.0133261000000000
0.0603353000000000
0.0710971000000000
0.0462806000000000
0.0177756000000000
0.00594967000000000
-0.00488719000000000
-0.0292401000000000
-0.0454970000000000
-0.0278443000000000
0.00863504000000000
0.0267017000000000
0.0182337000000000
0.00593792000000000
0.00351772000000000
0.00233052000000000
-0.00521660000000000
-0.0127709000000000
-0.0121414000000000
-0.00282086000000000
0.00999955000000000
0.0169435000000000
0.00860852000000000
-0.0108997000000000
-0.0201276000000000
-0.00333642000000000
0.0256992000000000
0.0370700000000000
0.0222715000000000
0.00338902000000000
0.000356579000000000
0.00447091000000000
-0.00461782000000000
-0.0249490000000000
-0.0331702000000000
-0.0184105000000000
0.00312504000000000
0.0140849000000000
0.0180203000000000
0.0244985000000000
0.0273139000000000
0.0148588000000000
-0.00747317000000000
-0.0218005000000000
-0.0212928000000000
-0.0141841000000000
-0.00848500000000000
-0.00403296000000000
0.00202979000000000
0.0107030000000000
0.0187091000000000
0.0181001000000000
0.00470783000000000
-0.0117771000000000
-0.0171041000000000
-0.0118569000000000
-0.00796556000000000
-0.00676985000000000
0.00209339000000000
0.0182305000000000
0.0254459000000000
0.0147338000000000
-0.00231037000000000
-0.00998845000000000
-0.00786262000000000
-0.00695794000000000
-0.0134166000000000
-0.0209371000000000
-0.0176517000000000
0.000245157000000000
0.0221476000000000
0.0332920000000000
0.0303245000000000
0.0203475000000000
0.00806354000000000
-0.00650932000000000
-0.0186735000000000
-0.0199540000000000
-0.0104294000000000
-0.000778447000000000
0.00145398000000000
0.000207172000000000
0.00235273000000000
0.00781961000000000
0.0119550000000000
0.0122352000000000
0.00851367000000000
0.00133088000000000
-0.00643494000000000
-0.00963059000000000
-0.00614865000000000
-1.05494000000000e-05
0.00389962000000000
0.00600292000000000
0.00921258000000000
0.0119226000000000
0.00995676000000000
0.00466870000000000
0.00218630000000000
0.00306306000000000
0.000371228000000000
-0.00879231000000000
-0.0166147000000000
-0.0146907000000000
-0.00497450000000000
0.00486984000000000
0.0120293000000000
0.0179201000000000
0.0207301000000000
0.0158742000000000
0.00321160000000000
-0.0108932000000000
-0.0194151000000000
-0.0207959000000000
-0.0194830000000000
-0.0199745000000000
-0.0197320000000000
-0.0111347000000000
0.00678537000000000
0.0239919000000000
0.0316827000000000
0.0327336000000000
0.0328317000000000
0.0287055000000000
0.0146055000000000
-0.00491263000000000
-0.0186315000000000
-0.0217293000000000
-0.0181874000000000
-0.0140482000000000
-0.0138068000000000
-0.0183879000000000
-0.0208315000000000
-0.0107477000000000
0.0113233000000000
0.0301801000000000
0.0334633000000000
0.0254233000000000
0.0177497000000000
0.0127806000000000
0.00397669000000000
-0.0106266000000000
-0.0232416000000000
-0.0252692000000000
-0.0169456000000000
-0.00581849000000000
0.00168260000000000
0.00554773000000000
0.00896024000000000
0.0122352000000000
0.0115400000000000
0.00414527000000000
-0.00701162000000000
-0.0150011000000000
-0.0152318000000000
-0.00905370000000000
-0.00181852000000000
0.00226499000000000
0.00319834000000000
0.00373998000000000
0.00520625000000000
0.00623747000000000
0.00557812000000000
0.00440785000000000
0.00457072000000000
0.00558060000000000
0.00501406000000000
0.00204639000000000
-0.00128184000000000
-0.00275263000000000
-0.00246461000000000
-0.00203098000000000
-0.00273150000000000
-0.00433897000000000
-0.00496372000000000
-0.00232018000000000
0.00328910000000000
0.00792945000000000
0.00767205000000000
0.00362206000000000
0.000502592000000000
-0.000123118000000000
-0.00169672000000000
-0.00608614000000000
-0.00939485000000000
-0.00756329000000000
-0.00262748000000000
0.000787890000000000
0.00283358000000000
0.00684713000000000
0.0115712000000000
0.0110937000000000
0.00416769000000000
-0.00223416000000000
-0.00188945000000000
0.00165220000000000
3.79054000000000e-05
-0.00787749000000000
-0.0135610000000000
-0.00971617000000000
0.000674387000000000
0.00862394000000000
0.00983895000000000
0.00728120000000000
0.00478447000000000
0.00269151000000000
-9.65948000000000e-05
-0.00325008000000000
-0.00556756000000000
-0.00626733000000000
-0.00518674000000000
-0.00281008000000000
-0.000374106000000000
0.00144880000000000
0.00346307000000000
0.00603310000000000
0.00701722000000000
0.00400687000000000
-0.00150647000000000
-0.00521864000000000
-0.00551097000000000
-0.00530488000000000
-0.00689758000000000
-0.00819235000000000
-0.00595948000000000
-0.00122385000000000
0.00206946000000000
0.00237838000000000
0.00144007000000000
0.000206148000000000
-0.00208250000000000
-0.00460403000000000
-0.00467517000000000
-0.00167990000000000
0.00184008000000000
0.00424433000000000
0.00669623000000000
0.00970108000000000
0.0106096000000000
0.00711499000000000
0.00126082000000000
-0.00251668000000000
-0.00295570000000000
-0.00315091000000000
-0.00573938000000000
-0.00872397000000000
-0.00827006000000000
-0.00450066000000000
-0.00160639000000000
-0.00122557000000000
0.000254373000000000
0.00552035000000000
0.0106083000000000
0.00973935000000000
0.00339872000000000
-0.00256594000000000
-0.00477282000000000
-0.00486164000000000
-0.00494529000000000
-0.00475827000000000
-0.00381274000000000
-0.00318012000000000
-0.00375335000000000
-0.00454550000000000
-0.00385047000000000
-0.00140235000000000
0.00162978000000000
0.00420768000000000
0.00606016000000000
0.00654424000000000
0.00433531000000000
-0.000720542000000000
-0.00598018000000000
-0.00830337000000000
-0.00755186000000000
-0.00611955000000000
-0.00512433000000000
-0.00347902000000000
-0.000531220000000000
0.00268957000000000
0.00524742000000000
0.00728939000000000
0.00865929000000000
0.00821628000000000
0.00523169000000000
0.000761179000000000
-0.00282399000000000
-0.00360277000000000
-0.00191553000000000
-0.000586538000000000
-0.00196813000000000
-0.00470071000000000
-0.00488083000000000
-0.00137637000000000
0.00236674000000000
0.00276987000000000
0.000659523000000000
-0.000645273000000000
-0.000281698000000000
-0.000420671000000000
-0.00224408000000000
-0.00376208000000000
-0.00296433000000000
-0.00125090000000000
-0.00196285000000000
-0.00530283000000000
-0.00718818000000000
-0.00417642000000000
0.00173046000000000
0.00531910000000000
0.00397874000000000
-0.000306026000000000
-0.00428712000000000
-0.00664330000000000
-0.00774545000000000
-0.00781584000000000
-0.00643451000000000
-0.00352289000000000
-0.000340098000000000
0.00122988000000000
0.000752114000000000
-2.59450000000000e-05
0.000367876000000000
0.00107555000000000
0.000502883000000000
-0.000977966000000000
-0.00158893000000000
-0.000362551000000000
0.00267534000000000
0.00695665000000000
0.0100815000000000
0.00844404000000000
0.00199530000000000
-0.00373589000000000
-0.00374451000000000
0.000154646000000000
0.00234626000000000
0.000914941000000000
-0.00148157000000000
-0.00293113000000000
-0.00417933000000000
-0.00584436000000000
-0.00701766000000000
-0.00679000000000000
-0.00481206000000000
-0.000871233000000000
0.00443609000000000
0.00931638000000000
0.0121339000000000
0.0123980000000000
0.0100693000000000
0.00538874000000000
-0.000124896000000000
-0.00437810000000000
-0.00668405000000000
-0.00785507000000000
-0.00796599000000000
-0.00613540000000000
-0.00236944000000000
0.00169338000000000
0.00438004000000000
0.00509738000000000
0.00451208000000000
0.00391730000000000
0.00410679000000000
0.00432302000000000
0.00335183000000000
0.00110560000000000
-0.00174113000000000
-0.00537257000000000
-0.00985749000000000
-0.0130361000000000
-0.0117157000000000
-0.00565013000000000
0.00166158000000000
0.00663737000000000
0.00863483000000000
0.00904152000000000
0.00873820000000000
0.00722504000000000
0.00361775000000000
-0.00172097000000000
-0.00656677000000000
-0.00835101000000000
-0.00666109000000000
-0.00362670000000000
-0.00139394000000000
-0.000230077000000000
0.000650619000000000
0.00133789000000000
0.00149925000000000
0.00131590000000000
0.00140439000000000
0.00190141000000000
0.00233882000000000
0.00215051000000000
0.00129348000000000
0.000668965000000000
0.00138025000000000
0.00308494000000000
0.00356439000000000
0.00126534000000000
-0.00241988000000000
-0.00452006000000000
-0.00397399000000000
-0.00236038000000000
-0.00125112000000000
-0.000511905000000000
0.000630807000000000
0.00195930000000000
0.00264969000000000
0.00240921000000000
0.00188082000000000
0.00170362000000000
0.00170815000000000
0.00134058000000000
0.000737660000000000
0.000744342000000000
0.00158063000000000
0.00223416000000000
0.00151477000000000
-0.000380185000000000
-0.00214092000000000
-0.00284393000000000
-0.00258178000000000
-0.00163302000000000
-7.39772000000000e-05
0.00153471000000000
0.00196415000000000
0.000595161000000000
-0.00146907000000000
-0.00256076000000000
-0.00258221000000000
-0.00261132000000000
-0.00260506000000000
-0.00116456000000000
0.00202548000000000
0.00515516000000000
0.00640476000000000
0.00589804000000000
0.00477326000000000
0.00324501000000000
0.000738155000000000
-0.00258254000000000
-0.00542517000000000
-0.00656224000000000
-0.00599441000000000
-0.00453806000000000
-0.00278604000000000
-0.000691170000000000
0.00165199000000000
0.00372349000000000
0.00500630000000000
0.00525734000000000
0.00411746000000000
0.00167516000000000
-0.000574390000000000
-0.000886399000000000
0.000427279000000000
0.00127968000000000
0.000786790000000000
0.000149267000000000
0.000415196000000000
0.00104178000000000
0.00139157000000000
0.00168314000000000
0.00181766000000000
0.000897372000000000
-0.00135115000000000
-0.00404664000000000
-0.00625073000000000
-0.00748816000000000
-0.00717589000000000
-0.00483200000000000
-0.000761470000000000
0.00405031000000000
0.00844415000000000
0.0109040000000000
0.0102815000000000
0.00750831000000000
0.00528666000000000
0.00480225000000000
0.00416661000000000
0.00106481000000000
-0.00436150000000000
-0.00996614000000000
-0.0136171000000000
-0.0142703000000000
-0.0123021000000000
-0.00897048000000000
-0.00484116000000000
0.000698155000000000
0.00744838000000000
0.0131363000000000
0.0157783000000000
0.0158731000000000
0.0143457000000000
0.0101647000000000
0.00258782000000000
-0.00557155000000000
-0.0102178000000000
-0.0104596000000000
-0.00886086000000000
-0.00725027000000000
-0.00501255000000000
-0.00128776000000000
0.00275888000000000
0.00508628000000000
0.00487016000000000
0.00283746000000000
0.000246515000000000
-0.00212594000000000
-0.00418623000000000
-0.00563105000000000
-0.00486175000000000
-0.000351125000000000
0.00566037000000000
0.00711833000000000
0.000724035000000000
-0.00849103000000000
-0.0120078000000000
-0.00666346000000000
0.00372198000000000
0.0131460000000000
0.0166309000000000
0.0130997000000000
0.00810299000000000
0.00860885000000000
0.0106072000000000
0.00125435000000000
-0.0206967000000000
-0.0354208000000000
-0.0256594000000000
-3.72457000000000e-05
0.0178651000000000
0.0188654000000000
0.0122137000000000
0.00729241000000000
0.00334860000000000
-0.00253026000000000
-0.00827977000000000
-0.00924513000000000
-0.00401625000000000
0.00343461000000000
0.00733434000000000
0.00720499000000000
0.00848694000000000
0.0125349000000000
0.0106364000000000
-0.00345391000000000
-0.0199346000000000
-0.0222769000000000
-0.00879058000000000
0.00627617000000000
0.0118170000000000
0.0101321000000000
0.00762602000000000
0.00508391000000000
0.000388421000000000
-0.00559138000000000
-0.00938515000000000
-0.00864269000000000
-0.00361656000000000
0.00302738000000000
0.00760694000000000
0.00797235000000000
0.00501384000000000
0.00127214000000000
-0.00122320000000000
-0.00208412000000000
-0.00262942000000000
-0.00467527000000000
-0.00806322000000000
-0.00996894000000000
-0.00768606000000000
-0.00189203000000000
0.00391978000000000
0.00674117000000000
0.00647418000000000
0.00544500000000000
0.00604712000000000
0.00805201000000000
0.00829044000000000
0.00379539000000000
-0.00462558000000000
-0.0124497000000000
-0.0150873000000000
-0.0111638000000000
-0.00322108000000000
0.00432162000000000
0.00814233000000000
0.00800921000000000
0.00611729000000000
0.00439998000000000
0.00263535000000000
-0.000557694000000000
-0.00528450000000000
-0.00989306000000000
-0.0128335000000000
-0.0139458000000000
-0.0132614000000000
-0.00960978000000000
-0.00218641000000000
0.00703803000000000
0.0141151000000000
0.0165587000000000
0.0149407000000000
0.0115529000000000
0.00844167000000000
0.00610662000000000
0.00314552000000000
-0.00241093000000000
-0.0100398000000000
-0.0158731000000000
-0.0159443000000000
-0.0101942000000000
-0.00212044000000000
0.00459519000000000
0.00829540000000000
0.00890139000000000
0.00716242000000000
0.00445571000000000
0.00220797000000000
0.000816475000000000
-0.000209554000000000
-0.00117049000000000
-0.00192383000000000
-0.00257402000000000
-0.00331766000000000
-0.00363359000000000
-0.00276459000000000
-0.00112328000000000
-2.80210000000000e-05
0.000127774000000000
9.60008000000000e-05
0.000249803000000000
0.000492470000000000
0.00134349000000000
0.00339031000000000
0.00555700000000000
0.00571846000000000
0.00304582000000000
-0.000929105000000000
-0.00369083000000000
-0.00359899000000000
-0.00129585000000000
0.000536707000000000
-0.000164821000000000
-0.00220958000000000
-0.00276675000000000
-0.00133314000000000
0.000330645000000000
0.00153331000000000
0.00301952000000000
0.00431116000000000
0.00404880000000000
0.00272859000000000
0.00221292000000000
0.00224720000000000
0.000392808000000000
-0.00430351000000000
-0.00976209000000000
-0.0130372000000000
-0.0120078000000000
-0.00603504000000000
0.00293469000000000
0.0109892000000000
0.0158774000000000
0.0184935000000000
0.0194216000000000
0.0163959000000000
0.00778609000000000
-0.00354693000000000
-0.0127699000000000
-0.0179341000000000
-0.0195779000000000
-0.0175999000000000
-0.0117405000000000
-0.00405861000000000
0.00219072000000000
0.00572547000000000
0.00745172000000000
0.00790918000000000
0.00671056000000000
0.00396526000000000
0.000699351000000000
-0.00240576000000000
-0.00514761000000000
-0.00712113000000000
-0.00767172000000000
-0.00663522000000000
-0.00420229000000000
-0.000733175000000000
0.00296293000000000
0.00544802000000000
0.00590117000000000
0.00503292000000000
0.00424099000000000
0.00369396000000000
0.00238582000000000
-0.000147295000000000
-0.00309583000000000
-0.00553479000000000
-0.00715714000000000
-0.00755348000000000
-0.00600195000000000
-0.00258900000000000
0.00106146000000000
0.00330904000000000
0.00400622000000000
0.00395578000000000
0.00334439000000000
0.00208778000000000
0.000878616000000000
0.000608560000000000
0.000823374000000000
0.000162439000000000
-0.00163388000000000
-0.00334267000000000
-0.00401334000000000
-0.00410916000000000
-0.00435460000000000
-0.00465361000000000
-0.00447974000000000
-0.00360374000000000
-0.00187867000000000
0.000793020000000000
0.00395330000000000
0.00646362000000000
0.00729327000000000
0.00625623000000000
0.00399954000000000
0.00135901000000000
-0.00114246000000000
-0.00346501000000000
-0.00557672000000000
-0.00709850000000000
-0.00738543000000000
-0.00601036000000000
-0.00283466000000000
0.00159141000000000
0.00570467000000000
0.00762613000000000
0.00700537000000000
0.00527405000000000
0.00368781000000000
0.00187500000000000
-0.000906997000000000
-0.00416651000000000
-0.00665591000000000
-0.00773284000000000
-0.00763055000000000
-0.00652883000000000
-0.00411843000000000
-0.000253813000000000
0.00398499000000000
0.00656688000000000
0.00643074000000000
0.00487081000000000
0.00380897000000000
0.00292865000000000
0.000441410000000000
-0.00360147000000000
-0.00686869000000000
-0.00772228000000000
-0.00656645000000000
-0.00436161000000000
-0.00171407000000000
0.000318454000000000
0.000696570000000000
0.000120563000000000
0.000484580000000000
0.00216658000000000
0.00370387000000000
0.00424002000000000
0.00443286000000000
0.00462192000000000
0.00385920000000000
0.00127731000000000
-0.00247863000000000
-0.00580825000000000
-0.00753030000000000
-0.00744342000000000
-0.00575479000000000
-0.00269841000000000
0.00127957000000000
0.00512821000000000
0.00757266000000000
0.00792352000000000
0.00637296000000000
0.00342211000000000
-0.000459282000000000
-0.00451758000000000
-0.00763755000000000
-0.00879285000000000
-0.00766461000000000
-0.00472529000000000
-0.00109417000000000
0.00208843000000000
0.00414484000000000
0.00503324000000000
0.00473262000000000
0.00330753000000000
0.00119981000000000
-0.000615146000000000
-0.00146831000000000
-0.00141981000000000
-0.00137486000000000
-0.00213930000000000
-0.00342793000000000
-0.00385413000000000
-0.00274454000000000
-0.00114020000000000
-0.000432571000000000
-0.000284005000000000
0.000629449000000000
0.00248078000000000
0.00402261000000000
0.00457029000000000
0.00439481000000000
0.00349584000000000
0.00133918000000000
-0.00161997000000000
-0.00377081000000000
-0.00390867000000000
-0.00244812000000000
-0.000638870000000000
0.000559871000000000
0.000944648000000000
0.000690545000000000
0.000203378000000000
-0.000145721000000000
-0.000371336000000000
-0.000803056000000000
-0.00131159000000000
-0.00114828000000000
4.76970000000000e-05
0.00159270000000000
0.00248455000000000
0.00258555000000000
0.00238733000000000
0.00196555000000000
0.000968039000000000
-0.000354154000000000
-0.00125144000000000
-0.00150679000000000
-0.00158160000000000
-0.00175169000000000
-0.00175352000000000
-0.00131644000000000
-0.000526726000000000
0.000287206000000000
0.000846516000000000
0.00101620000000000
0.000882680000000000
0.000557931000000000
5.94181000000000e-05
-0.000462699000000000
-0.000623553000000000
-0.000328586000000000
5.04543000000000e-05
0.000327045000000000
0.000883337000000000
0.00174986000000000
0.00210697000000000
0.00126502000000000
-0.000135061000000000
-0.000894192000000000
-0.000617625000000000
-6.12020000000000e-05
-1.08878000000000e-05
-0.000428896000000000
-0.000589265000000000
2.93609000000000e-05
0.00111433000000000
0.00191704000000000
0.00202979000000000
0.00172194000000000
0.00132021000000000
0.000936887000000000
0.000541040000000000
0.000226747000000000
0.000162741000000000
0.000437239000000000
0.000598180000000000
-0.000173940000000000
-0.00187166000000000
-0.00290968000000000
-0.00176430000000000
0.000794260000000000
0.00232104000000000
0.00171741000000000
0.000417782000000000
0.000249652000000000
0.00110463000000000
0.00145678000000000
0.000373179000000000
-0.00130889000000000
-0.00188449000000000
-0.000512131000000000
0.00175935000000000
0.00331594000000000
0.00351395000000000
0.00272665000000000
0.00116047000000000
-0.00117663000000000
-0.00372328000000000
-0.00523880000000000
-0.00502613000000000
-0.00363338000000000
-0.00189527000000000
7.96276000000000e-05
0.00259030000000000
0.00514448000000000
0.00644184000000000
0.00543433000000000
0.00246860000000000
-0.00129628000000000
-0.00467722000000000
-0.00659458000000000
-0.00617420000000000
-0.00389434000000000
-0.00138510000000000
0.000412404000000000
0.00221228000000000
0.00459228000000000
0.00666842000000000
0.00716975000000000
0.00620664000000000
0.00457956000000000
0.00270186000000000
0.000635098000000000
-0.00129628000000000
-0.00308085000000000
-0.00466083000000000
-0.00533387000000000
-0.00426934000000000
-0.00215450000000000
-0.000469565000000000
0.000464876000000000
0.00149580000000000
0.00252649000000000
0.00247992000000000
0.00126933000000000
9.80068000000000e-05
-0.000512551000000000
-0.00119830000000000
-0.00212346000000000
-0.00239498000000000
-0.00147532000000000
9.00972000000000e-05
0.00154312000000000
0.00242408000000000
0.00234777000000000
0.00133724000000000
0.000204240000000000
-0.000346469000000000
-0.000666928000000000
-0.00141280000000000
-0.00224192000000000
-0.00220333000000000
-0.00116510000000000
9.57702000000000e-05
0.00112285000000000
0.00209802000000000
0.00306403000000000
0.00361721000000000
0.00350037000000000
0.00300108000000000
0.00252357000000000
0.00204219000000000
0.00108221000000000
-0.000582205000000000
-0.00250353000000000
-0.00381641000000000
-0.00410992000000000
-0.00352613000000000
-0.00230293000000000
-0.000594127000000000
0.00110269000000000
0.00225065000000000
0.00290375000000000
0.00349002000000000
0.00377351000000000
0.00307449000000000
0.00155907000000000
0.000176075000000000
-0.000865121000000000
-0.00220312000000000
-0.00366000000000000
-0.00401129000000000
-0.00272913000000000
-0.000706983000000000
0.00107876000000000
0.00249663000000000
0.00357086000000000
0.00403975000000000
0.00382287000000000
0.00321020000000000
0.00242031000000000
0.00150130000000000
0.000553684000000000
-0.000379280000000000
-0.00135923000000000
-0.00215450000000000
-0.00237601000000000
-0.00225669000000000
-0.00263341000000000
-0.00348969000000000
-0.00363392000000000
-0.00221152000000000
-2.62156000000000e-05
0.00162213000000000
0.00250644000000000
0.00324393000000000
0.00363877000000000
0.00274250000000000
0.000372683000000000
-0.00229204000000000
-0.00412102000000000
-0.00484774000000000
-0.00463863000000000
-0.00361613000000000
-0.00218576000000000
-0.000716479000000000
0.000864550000000000
0.00250288000000000
0.00327401000000000
0.00252993000000000
0.00107573000000000
0.000120261000000000
-0.000335571000000000
-0.000675885000000000
-0.000301628000000000
0.00127957000000000
0.00279876000000000
0.00255634000000000
0.000767841000000000
-0.00102830000000000
-0.00219837000000000
-0.00318713000000000
-0.00406831000000000
-0.00418354000000000
-0.00296347000000000
-0.000628609000000000
0.00180645000000000
0.00312644000000000
0.00310467000000000
0.00275629000000000
0.00283401000000000
0.00261800000000000
0.00132959000000000
-0.000172507000000000
-0.000502419000000000
5.41407000000000e-05
2.63891000000000e-05
-0.000920396000000000
-0.00164175000000000
-0.00137249000000000
-0.000733208000000000
-0.000659264000000000
-0.00119690000000000
-0.00157502000000000
-0.00121458000000000
-0.000425198000000000
-2.90073000000000e-06
-0.000225259000000000
-0.000558416000000000
-0.000435676000000000
0.000199487000000000
0.00110819000000000
0.00199336000000000
0.00242980000000000
0.00212669000000000
0.00128917000000000
0.000212518000000000
-0.00116510000000000
-0.00286732000000000
-0.00429370000000000
-0.00493149000000000
-0.00482909000000000
-0.00400935000000000
-0.00206719000000000
0.000656246000000000
0.00283573000000000
0.00357366000000000
0.00335194000000000
0.00286171000000000
0.00213736000000000
0.00116036000000000
0.000366906000000000
-1.06597000000000e-05
-0.000162181000000000
-5.09447000000000e-05
0.000619608000000000
0.00168465000000000
0.00247324000000000
0.00244316000000000
0.00152609000000000
-1.31266000000000e-05
-0.00172442000000000
-0.00329363000000000
-0.00451445000000000
-0.00489215000000000
-0.00361678000000000
-0.000773995000000000
0.00208476000000000
0.00342340000000000
0.00334051000000000
0.00274810000000000
0.00188880000000000
0.000645618000000000
-0.000508617000000000
-0.00102074000000000
-0.00111088000000000
-0.00129154000000000
-0.00147942000000000
-0.00125413000000000
-0.000739470000000000
-0.000510805000000000
-0.000810256000000000
-0.00127849000000000
-0.00145699000000000
-0.00116025000000000
-0.000421512000000000
0.000546085000000000
0.00136419000000000
0.00159206000000000
0.00117523000000000
0.000455563000000000
-0.000238097000000000
-0.000854482000000000
-0.00113438000000000
-0.000713590000000000
0.000127720000000000
0.000499584000000000
0.000214631000000000
0.000167840000000000
0.000841580000000000
0.00137184000000000
0.000873097000000000
-0.000207161000000000
-0.000926647000000000
-0.00112845000000000
-0.00111444000000000
-0.000830154000000000
-8.37225000000000e-05
0.000885644000000000
0.00158731000000000
0.00170060000000000
0.00122525000000000
0.000443857000000000
-0.000184860000000000
-0.000470438000000000
-0.000639334000000000
-0.000898622000000000
-0.000992378000000000
-0.000609508000000000
0.000103361000000000
0.000696150000000000
0.000890656000000000
0.000674462000000000
0.000159982000000000
-0.000447360000000000
-0.000950156000000000
-0.00124443000000000
-0.00126200000000000
-0.000908539000000000
-0.000171418000000000
0.000761524000000000
0.00166869000000000
0.00236599000000000
0.00273279000000000
0.00262059000000000
0.00198829000000000
0.000958003000000000
-6.73859000000000e-05
-0.000619393000000000
-0.000551151000000000
-0.000211236000000000
6.49099000000000e-05
0.000396375000000000
0.000918100000000000
0.00117394000000000
0.000679906000000000
-0.000127354000000000
-0.000370980000000000
-6.43494000000000e-05
7.55240000000000e-05
-7.31785000000000e-05
4.67010000000000e-06
0.000318174000000000
0.000230659000000000
-0.000397108000000000
-0.00102150000000000
-0.00122934000000000
-0.00115421000000000
-0.000893233000000000
-0.000505157000000000
-0.000199487000000000
-0.000140396000000000
-0.000106159000000000
3.32348000000000e-05
2.65508000000000e-05
-0.000364631000000000
-0.000954037000000000
-0.00137788000000000
-0.00114796000000000
6.52689000000000e-05
0.00180472000000000
0.00269970000000000
0.00202548000000000
0.000543304000000000
-0.000649250000000000
-0.00163215000000000
-0.00286106000000000
-0.00376639000000000
-0.00335366000000000
-0.00166255000000000
0.000325072000000000
0.00194431000000000
0.00301510000000000
0.00351082000000000
0.00318249000000000
0.00192739000000000
-3.01003000000000e-05
-0.00189710000000000
-0.00285341000000000
-0.00259450000000000
-0.00163097000000000
-0.000504629000000000
0.000721265000000000
0.00199249000000000
0.00277192000000000
0.00252832000000000
0.00143360000000000
0.000171300000000000
-0.000826942000000000
-0.00162450000000000
-0.00218910000000000
-0.00203098000000000
-0.000984099000000000
0.000184784000000000
0.000514998000000000
8.16249000000000e-05
-0.000297823000000000
-0.000337975000000000
-0.000363726000000000
-0.000252778000000000
0.000544662000000000
0.00182273000000000
0.00242980000000000
0.00171946000000000
0.000208131000000000
-0.00133358000000000
-0.00276772000000000
-0.00399663000000000
-0.00447921000000000
-0.00378073000000000
-0.00239628000000000
-0.00129391000000000
-0.000822361000000000
-0.000590613000000000
-0.000372306000000000
-0.000292833000000000
-0.000233559000000000
0.000201977000000000
0.00105855000000000
0.00188772000000000
0.00217983000000000
0.00166309000000000
0.000340066000000000
-0.00126631000000000
-0.00226305000000000
-0.00222985000000000
-0.00166320000000000
-0.00101611000000000
-0.000127429000000000
0.00106519000000000
0.00203712000000000
0.00244025000000000
0.00248208000000000
0.00222176000000000
0.00141237000000000
0.000227738000000000
-0.000593728000000000
-0.000706142000000000
-0.000434253000000000
-0.000233171000000000
-0.000292369000000000
-0.000697023000000000
-0.00122934000000000
-0.00136139000000000
-0.000884954000000000
-0.000348021000000000
-0.000203367000000000
-0.000104751000000000
0.000458344000000000
0.00120725000000000
0.00140827000000000
0.000829798000000000
-6.40336000000000e-05
-0.000765965000000000
-0.00122740000000000
-0.00162622000000000
-0.00195110000000000
-0.00196080000000000
-0.00162957000000000
-0.00134457000000000
-0.00145732000000000
-0.00167257000000000
-0.00135050000000000
-0.000379593000000000
0.000521509000000000
0.000683366000000000
0.000370042000000000
0.000516680000000000
0.00145376000000000
0.00236157000000000
0.00223632000000000
0.00116876000000000
0.000113287000000000
-0.000438360000000000
-0.000905725000000000
-0.00163593000000000
-0.00226509000000000
-0.00231112000000000
-0.00181723000000000
-0.000998586000000000
0.000112543000000000
0.00130555000000000
0.00194625000000000
0.00164627000000000
0.000725997000000000
-0.000188621000000000
-0.000765847000000000
-0.000948852000000000
-0.000729273000000000
-0.000160014000000000
0.000542646000000000
0.00110269000000000
0.00141097000000000
0.00152102000000000
0.00148416000000000
0.00124282000000000
0.000731246000000000
0.000107104000000000
-0.000303299000000000
-0.000370193000000000
-0.000310521000000000
-0.000306220000000000
-0.000301219000000000
-0.000269334000000000
-0.000343558000000000
-0.000523417000000000
-0.000599538000000000
-0.000507561000000000
-0.000422019000000000
-0.000388733000000000
-0.000154042000000000
0.000495930000000000
0.00141000000000000
0.00217369000000000
0.00236976000000000
0.00181205000000000
0.000701733000000000
-0.000466374000000000
-0.00125079000000000
-0.00149849000000000
-0.00128593000000000
-0.000894084000000000
-0.000576147000000000
-0.000193052000000000
0.000642438000000000
0.00180149000000000
0.00247087000000000
0.00206644000000000
0.000894127000000000
-0.000224979000000000
-0.000772066000000000
-0.000709343000000000
-0.000235758000000000
0.000348215000000000
0.000673320000000000
0.000514103000000000
-3.41025000000000e-05
-0.000623413000000000
-0.000831491000000000
-0.000456932000000000
0.000257025000000000
0.000845439000000000
0.00103792000000000
0.000915308000000000
0.000780538000000000
0.000891907000000000
0.00106539000000000
0.000722192000000000
-0.000359015000000000
-0.00153568000000000
-0.00202990000000000
-0.00180149000000000
-0.00120304000000000
-0.000254416000000000
0.00101910000000000
0.00199228000000000
0.00204801000000000
0.00137917000000000
0.000629988000000000
6.81145000000000e-05
-0.000304539000000000
-0.000437562000000000
-0.000396526000000000
-0.000406195000000000
-0.000465857000000000
-0.000411973000000000
-0.000338137000000000
-0.000438575000000000
-0.000488687000000000
-0.000123904000000000
0.000552067000000000
0.00114494000000000
0.00160208000000000
0.00198829000000000
0.00207032000000000
0.00162719000000000
0.000877075000000000
0.000182790000000000
-0.000283563000000000
-0.000392441000000000
-1.81604000000000e-05