0.000130262000000000
0.000359764000000000
0.000576325000000000
0.000189986000000000
-0.000431832000000000
-0.000585176000000000
-0.00100581000000000
-0.00390830000000000
-0.00949756000000000
-0.0150438000000000
-0.0170266000000000
-0.0132507000000000
-0.00498151000000000
0.00351531000000000
0.00880487000000000
0.0114740000000000
0.0135686000000000
0.0144157000000000
0.0121194000000000
0.00776930000000000
0.00363918000000000
-0.00194878000000000
-0.0110824000000000
-0.0196993000000000
-0.0217386000000000
-0.0179258000000000
-0.0129167000000000
-0.00745723000000000
-0.000642796000000000
0.00494723000000000
0.00774316000000000
0.0123678000000000
0.0213231000000000
0.0269332000000000
0.0205367000000000
0.00610092000000000
-0.00521819000000000
-0.00957132000000000
-0.0103133000000000
-0.00772299000000000
0.000834984000000000
0.0117452000000000
0.0167587000000000
0.0145698000000000
0.0119122000000000
0.0112657000000000
0.00643284000000000
-0.00643881000000000
-0.0213134000000000
-0.0290169000000000
-0.0272988000000000
-0.0205931000000000
-0.0135230000000000
-0.00731655000000000
-0.000986799000000000
0.00663514000000000
0.0156696000000000
0.0250675000000000
0.0336323000000000
0.0400332000000000
0.0413424000000000
0.0341790000000000
0.0190691000000000
0.00209901000000000
-0.00989294000000000
-0.0148995000000000
-0.0158649000000000
-0.0159582000000000
-0.0156881000000000
-0.0139721000000000
-0.00995010000000000
-0.00342962000000000
0.00407957000000000
0.00985986000000000
0.0131792000000000
0.0158551000000000
0.0162706000000000
0.00818442000000000
-0.00882309000000000
-0.0231584000000000
-0.0239676000000000
-0.0157250000000000
-0.00987396000000000
-0.00704754000000000
0.000673786000000000
0.0128754000000000
0.0205237000000000
0.0198555000000000
0.0149288000000000
0.00853554000000000
0.000128863000000000
-0.00972817000000000
-0.0192676000000000
-0.0269169000000000
-0.0292458000000000
-0.0224154000000000
-0.00884707000000000
0.00365806000000000
0.0116204000000000
0.0178488000000000
0.0229805000000000
0.0228319000000000
0.0153909000000000
0.00367758000000000
-0.00791053000000000
-0.0152943000000000
-0.0145741000000000
-0.00606957000000000
0.00381339000000000
0.00907073000000000
0.00972904000000000
0.00780011000000000
0.00248885000000000
-0.00655389000000000
-0.0152759000000000
-0.0186233000000000
-0.0142790000000000
-0.00280505000000000
0.0118081000000000
0.0210042000000000
0.0176698000000000
0.00405528000000000
-0.0110249000000000
-0.0224794000000000
-0.0310497000000000
-0.0355469000000000
-0.0318632000000000
-0.0197872000000000
-0.00501405000000000
0.00782864000000000
0.0179356000000000
0.0247627000000000
0.0260687000000000
0.0207797000000000
0.0104389000000000
-0.00277522000000000
-0.0180321000000000
-0.0350403000000000
-0.0512512000000000
-0.0596230000000000
-0.0527329000000000
-0.0305605000000000
-0.00194075000000000
0.0245328000000000
0.0460132000000000
0.0606502000000000
0.0633001000000000
0.0514031000000000
0.0304628000000000
0.00945949000000000
-0.00720417000000000
-0.0205725000000000
-0.0327559000000000
-0.0427146000000000
-0.0457550000000000
-0.0377054000000000
-0.0212472000000000
-0.00628695000000000
-0.00184736000000000
-0.00817845000000000
-0.0183445000000000
-0.0257531000000000
-0.0273215000000000
-0.0221041000000000
-0.0112267000000000
0.00142205000000000
0.0112961000000000
0.0166546000000000
0.0190235000000000
0.0199184000000000
0.0180072000000000
0.0109783000000000
-0.000295213000000000
-0.0114404000000000
-0.0189292000000000
-0.0225130000000000
-0.0224187000000000
-0.0165678000000000
-0.00478745000000000
0.00603269000000000
0.00626829000000000
-0.00469482000000000
-0.0156610000000000
-0.0163834000000000
-0.00855995000000000
-0.00122322000000000
0.00118135000000000
0.000547928000000000
3.39187000000000e-05
-5.99679000000000e-05
-0.00218102000000000
-0.00911586000000000
-0.0188663000000000
-0.0237377000000000
-0.0186591000000000
-0.00919059000000000
-0.00523402000000000
-0.00780467000000000
-0.00956981000000000
-0.00744064000000000
-0.00639422000000000
-0.0102251000000000
-0.0159951000000000
-0.0182404000000000
-0.0140307000000000
-0.00371772000000000
0.00855311000000000
0.0164018000000000
0.0169528000000000
0.0148767000000000
0.0166828000000000
0.0216789000000000
0.0230988000000000
0.0182675000000000
0.0122789000000000
0.00898276000000000
0.00518999000000000
-0.00273150000000000
-0.0116259000000000
-0.0169105000000000
-0.0200811000000000
-0.0246510000000000
-0.0273801000000000
-0.0211658000000000
-0.00505451000000000
0.0145513000000000
0.0313642000000000
0.0422384000000000
0.0461726000000000
0.0455326000000000
0.0464047000000000
0.0516005000000000
0.0560998000000000
0.0531060000000000
0.0432114000000000
0.0323806000000000
0.0239514000000000
0.0168845000000000
0.0117875000000000
0.0123656000000000
0.0203729000000000
0.0315768000000000
0.0392544000000000
0.0393487000000000
0.0330076000000000
0.0247692000000000
0.0197188000000000
0.0212667000000000
0.0312775000000000
0.0497652000000000
0.0720504000000000
0.0876951000000000
0.0880997000000000
0.0752373000000000
0.0577356000000000
0.0394713000000000
0.0189053000000000
-0.00226139000000000
-0.0184682000000000
-0.0285646000000000
-0.0363148000000000
-0.0412253000000000
-0.0375351000000000
-0.0237756000000000
-0.00609072000000000
0.00976972000000000
0.0237333000000000
0.0385320000000000
0.0558623000000000
0.0737284000000000
0.0855181000000000
0.0849248000000000
0.0743478000000000
0.0622892000000000
0.0521179000000000
0.0399453000000000
0.0247237000000000
0.0107409000000000
-0.00113026000000000
-0.0147791000000000
-0.0288803000000000
-0.0362508000000000
-0.0357085000000000
-0.0338797000000000
-0.0319738000000000
-0.0220423000000000
-0.00262781000000000
0.0126303000000000
0.00965116000000000
-0.00851211000000000
-0.0269972000000000
-0.0355783000000000
-0.0356195000000000
-0.0340554000000000
-0.0366185000000000
-0.0443102000000000
-0.0534575000000000
-0.0600232000000000
-0.0661984000000000
-0.0792246000000000
-0.101266000000000
-0.124828000000000
-0.141738000000000
-0.150134000000000
-0.149646000000000
-0.135490000000000
-0.105650000000000
-0.0691987000000000
-0.0407697000000000
-0.0263410000000000
-0.0187686000000000
-0.00602228000000000
0.0182892000000000
0.0482140000000000
0.0675760000000000
0.0613140000000000
0.0309965000000000
-0.00588007000000000
-0.0308457000000000
-0.0379289000000000
-0.0308121000000000
-0.0166188000000000
-0.00115206000000000
0.0132182000000000
0.0288304000000000
0.0467898000000000
0.0623423000000000
0.0705926000000000
0.0738185000000000
0.0747882000000000
0.0679871000000000
0.0463451000000000
0.0130175000000000
-0.0214479000000000
-0.0481641000000000
-0.0609387000000000
-0.0548839000000000
-0.0337723000000000
-0.0108828000000000
0.00511937000000000
0.0187079000000000
0.0329284000000000
0.0378453000000000
0.0212700000000000
-0.0143268000000000
-0.0552765000000000
-0.0874803000000000
-0.102412000000000
-0.0977048000000000
-0.0799210000000000
-0.0579840000000000
-0.0341248000000000
-0.00549869000000000
0.0251933000000000
0.0491664000000000
0.0609409000000000
0.0604235000000000
0.0482715000000000
0.0259646000000000
0.00154278000000000
-0.0146945000000000
-0.0202384000000000
-0.0217906000000000
-0.0257682000000000
-0.0340337000000000
-0.0465371000000000
-0.0617978000000000
-0.0746092000000000
-0.0787192000000000
-0.0724962000000000
-0.0588550000000000
-0.0407654000000000
-0.0202352000000000
-0.000355924000000000
0.0160276000000000
0.0285820000000000
0.0372108000000000
0.0394095000000000
0.0338818000000000
0.0242008000000000
0.0166676000000000
0.0161838000000000
0.0251033000000000
0.0418891000000000
0.0598388000000000
0.0696597000000000
0.0640561000000000
0.0406894000000000
0.00344003000000000
-0.0372791000000000
-0.0705481000000000
-0.0934397000000000
-0.111475000000000
-0.126845000000000
-0.132876000000000
-0.122984000000000
-0.101277000000000
-0.0779122000000000
-0.0584612000000000
-0.0406732000000000
-0.0207667000000000
0.00128212000000000
0.0220173000000000
0.0372921000000000
0.0439468000000000
0.0422894000000000
0.0379614000000000
0.0392500000000000
0.0485145000000000
0.0586066000000000
0.0604462000000000
0.0537775000000000
0.0459936000000000
0.0431528000000000
0.0449523000000000
0.0476185000000000
0.0479222000000000
0.0449295000000000
0.0397034000000000
0.0342561000000000
0.0295408000000000
0.0260090000000000
0.0264191000000000
0.0350414000000000
0.0517144000000000
0.0708822000000000
0.0865898000000000
0.0961938000000000
0.0981332000000000
0.0907214000000000
0.0749227000000000
0.0570978000000000
0.0450933000000000
0.0416310000000000
0.0428469000000000
0.0434099000000000
0.0420106000000000
0.0417253000000000
0.0452051000000000
0.0513998000000000
0.0567951000000000
0.0575718000000000
0.0503129000000000
0.0352366000000000
0.0179909000000000
0.00383486000000000
-0.00977818000000000
-0.0281687000000000
-0.0477856000000000
-0.0577779000000000
-0.0537341000000000
-0.0400419000000000
-0.0194845000000000
0.00714831000000000
0.0304574000000000
0.0364656000000000
0.0231736000000000
0.00249612000000000
-0.0160818000000000
-0.0318589000000000
-0.0433415000000000
-0.0443471000000000
-0.0330640000000000
-0.0160775000000000
-0.00168162000000000
0.00519693000000000
0.00327960000000000
-0.00456324000000000
-0.0136239000000000
-0.0223395000000000
-0.0311863000000000
-0.0373724000000000
-0.0374722000000000
-0.0344871000000000
-0.0342951000000000
-0.0351108000000000
-0.0296688000000000
-0.0173498000000000
-0.00680500000000000
-0.00460229000000000
-0.00960766000000000
-0.0165385000000000
-0.0214327000000000
-0.0232279000000000
-0.0238114000000000
-0.0237171000000000
-0.0186070000000000
-0.00451812000000000
0.0129633000000000
0.0214782000000000
0.0155449000000000
0.00190398000000000
-0.0100355000000000
-0.0165645000000000
-0.0182729000000000
-0.0166383000000000
-0.0141673000000000
-0.0131325000000000
-0.0130002000000000
-0.0116259000000000
-0.00882516000000000
-0.00635485000000000
-0.00513000000000000
-0.00478496000000000
-0.00492358000000000
-0.00505299000000000
-0.00410767000000000
-0.00151392000000000
0.00188023000000000
0.00445618000000000
0.00513109000000000
0.00402100000000000
0.00248462000000000
0.00239524000000000
0.00561172000000000
0.0136239000000000
0.0263193000000000
0.0402913000000000
0.0500559000000000
0.0518868000000000
0.0457333000000000
0.0342908000000000
0.0226855000000000
0.0169778000000000
0.0184346000000000
0.0205899000000000
0.0178466000000000
0.0139515000000000
0.0161133000000000
0.0229307000000000
0.0266154000000000
0.0239383000000000
0.0175755000000000
0.00875921000000000
-0.00229990000000000
-0.0117756000000000
-0.0161328000000000
-0.0189097000000000
-0.0247193000000000
-0.0295224000000000
-0.0246326000000000
-0.00966558000000000
0.00690187000000000
0.0182133000000000
0.0238472000000000
0.0244145000000000
0.0191743000000000
0.00962545000000000
0.000138148000000000
-0.00710829000000000
-0.0135490000000000
-0.0200735000000000
-0.0253604000000000
-0.0292469000000000
-0.0337929000000000
-0.0390298000000000
-0.0412448000000000
-0.0376143000000000
-0.0301136000000000
-0.0220987000000000
-0.0149657000000000
-0.0100847000000000
-0.0107724000000000
-0.0182176000000000
-0.0285906000000000
-0.0366652000000000
-0.0409487000000000
-0.0427645000000000
-0.0430649000000000
-0.0426311000000000
-0.0436854000000000
-0.0469590000000000
-0.0480416000000000
-0.0401210000000000
-0.0222939000000000
-0.00213839000000000
0.0113026000000000
0.0162478000000000
0.0173097000000000
0.0177360000000000
0.0159625000000000
0.00988871000000000
0.000289952000000000
-0.0106246000000000
-0.0203100000000000
-0.0243776000000000
-0.0185300000000000
-0.00362280000000000
0.0144710000000000
0.0311755000000000
0.0448395000000000
0.0515853000000000
0.0456888000000000
0.0277109000000000
0.00776724000000000
-0.00411569000000000
-0.00664544000000000
-0.00445781000000000
2.30185000000000e-05
0.00672105000000000
0.0136141000000000
0.0172392000000000
0.0173336000000000
0.0166621000000000
0.0161079000000000
0.0136835000000000
0.00907041000000000
0.00535161000000000
0.00411157000000000
0.00255025000000000
-0.00144504000000000
-0.00421831000000000
-0.000386035000000000
0.00945906000000000
0.0191016000000000
0.0239394000000000
0.0244872000000000
0.0226985000000000
0.0187600000000000
0.0124492000000000
0.00532102000000000
-0.000406385000000000
-0.00402089000000000
-0.00627480000000000
-0.00770390000000000
-0.00846623000000000
-0.00932813000000000
-0.0109468000000000
-0.0119936000000000
-0.0100481000000000
-0.00515636000000000
-0.000658307000000000
0.000363278000000000
-0.00217125000000000
-0.00663904000000000
-0.0116161000000000
-0.0161512000000000
-0.0199705000000000
-0.0232040000000000
-0.0244460000000000
-0.0207027000000000
-0.0113731000000000
-0.000628131000000000
0.00685338000000000
0.0106346000000000
0.0128765000000000
0.0139406000000000
0.0127615000000000
0.00933757000000000
0.00472888000000000
0.000180918000000000
-0.00237192000000000
-0.00129883000000000
0.00235522000000000
0.00582389000000000
0.00808192000000000
0.0101640000000000
0.0124047000000000
0.0139742000000000
0.0148247000000000
0.0153258000000000
0.0145144000000000
0.0108611000000000
0.00493139000000000
-0.000832836000000000
-0.00438796000000000
-0.00520734000000000
-0.00361662000000000
-0.000602326000000000
0.00229697000000000
0.00378106000000000
0.00367921000000000
0.00265395000000000
0.00128169000000000
-0.000476945000000000
-0.00266566000000000
-0.00455554000000000
-0.00522578000000000
-0.00519725000000000
-0.00620690000000000
-0.00891898000000000
-0.0120684000000000
-0.0145698000000000
-0.0168715000000000
-0.0192969000000000
-0.0207493000000000
-0.0204076000000000
-0.0193294000000000
-0.0186428000000000
-0.0175505000000000
-0.0146609000000000
-0.0104101000000000
-0.00638566000000000
-0.00320519000000000
-0.000398683000000000
0.00174095000000000
0.00176959000000000
-0.00114111000000000
-0.00563320000000000
-0.00938400000000000
-0.0113297000000000
-0.0120749000000000
-0.0119990000000000
-0.0103972000000000
-0.00722240000000000
-0.00442364000000000
-0.00388595000000000
-0.00465024000000000
-0.00419076000000000
-0.00188858000000000
0.000494322000000000
0.00153692000000000
0.00147140000000000
0.000912312000000000
-0.000225195000000000
-0.00237442000000000
-0.00550965000000000
-0.00885932000000000
-0.0114794000000000
-0.0135490000000000
-0.0164810000000000
-0.0200931000000000
-0.0207981000000000
-0.0149559000000000
-0.00401503000000000
0.00678851000000000
0.0141858000000000
0.0188923000000000
0.0221225000000000
0.0234730000000000
0.0226193000000000
0.0201777000000000
0.0161632000000000
0.00998590000000000
0.00269386000000000
-0.00260427000000000
-0.00320292000000000
0.00118537000000000
0.00825417000000000
0.0147910000000000
0.0186168000000000
0.0198002000000000
0.0196473000000000
0.0188240000000000
0.0169528000000000
0.0141326000000000
0.0114740000000000
0.00996963000000000
0.00980291000000000
0.0107377000000000
0.0120326000000000
0.0125088000000000
0.0115098000000000
0.00968609000000000
0.00801607000000000
0.00672441000000000
0.00548177000000000
0.00412340000000000
0.00250795000000000
0.000625039000000000
-0.000744378000000000
-0.000505765000000000
0.000939690000000000
0.00176069000000000
0.00114078000000000
0.000430226000000000
0.000806998000000000
0.00126390000000000
2.81535000000000e-05
-0.00295300000000000
-0.00632882000000000
-0.00906444000000000
-0.0107790000000000
-0.0111302000000000
-0.0101225000000000
-0.00845668000000000
-0.00665976000000000
-0.00429662000000000
-0.000863295000000000
0.00303186000000000
0.00633467000000000
0.00869488000000000
0.0102023000000000
0.0105995000000000
0.00974932000000000
0.00816067000000000
0.00630701000000000
0.00426180000000000
0.00261533000000000
0.00257910000000000
0.00400440000000000
0.00475144000000000
0.00328644000000000
0.00115912000000000
0.00103075000000000
0.00301114000000000
0.00458407000000000
0.00423187000000000
0.00300669000000000
0.00231649000000000
0.00189737000000000
0.00103916000000000
0.000440824000000000
0.00143756000000000
0.00403044000000000
0.00698365000000000
0.00945797000000000
0.0112918000000000
0.0118450000000000
0.00997581000000000
0.00537862000000000
-0.000562495000000000
-0.00582183000000000
-0.00903581000000000
-0.0100676000000000
-0.00939007000000000
-0.00736167000000000
-0.00392153000000000
0.000471630000000000
0.00428914000000000
0.00588843000000000
0.00520918000000000
0.00362595000000000
0.00225976000000000
0.00107020000000000
-0.000262488000000000
-0.00153800000000000
-0.00236411000000000
-0.00265243000000000
-0.00239492000000000
-0.00133722000000000
0.000644813000000000
0.00286286000000000
0.00404964000000000
0.00359547000000000
0.00202710000000000
6.56507000000000e-06
-0.00247486000000000
-0.00539510000000000
-0.00754737000000000
-0.00733249000000000
-0.00470849000000000
-0.00154451000000000
0.000576802000000000
0.00165407000000000
0.00236325000000000
0.00284193000000000
0.00300669000000000
0.00307752000000000
0.00315638000000000
0.00283867000000000
0.00186114000000000
0.000684665000000000
-0.000162011000000000
-0.000751505000000000
-0.00132507000000000
-0.00174681000000000
-0.00186363000000000
-0.00186884000000000
-0.00192394000000000
-0.00189628000000000
-0.00183933000000000
-0.00222516000000000
-0.00338189000000000
-0.00507349000000000
-0.00690946000000000
-0.00866115000000000
-0.0101106000000000
-0.0110466000000000
-0.0116139000000000
-0.0121986000000000
-0.0129177000000000
-0.0134926000000000
-0.0135805000000000
-0.0129622000000000
-0.0115857000000000
-0.00988773000000000
-0.00871755000000000
-0.00845364000000000
-0.00847870000000000
-0.00815926000000000
-0.00775802000000000
-0.00771301000000000
-0.00772733000000000
-0.00749487000000000
-0.00744541000000000
-0.00778883000000000
-0.00784860000000000
-0.00736135000000000
-0.00715384000000000
-0.00729323000000000
-0.00612988000000000
-0.00270298000000000
0.00143561000000000
0.00439718000000000
0.00614789000000000
0.00717825000000000
0.00708171000000000
0.00593539000000000
0.00493400000000000
0.00450586000000000
0.00363712000000000
0.00221475000000000
0.00188923000000000
0.00368311000000000
0.00632903000000000
0.00825471000000000
0.00959367000000000
0.0114360000000000
0.0140100000000000
0.0160862000000000
0.0159473000000000
0.0132128000000000
0.00964975000000000
0.00708128000000000
0.00534857000000000
0.00354319000000000
0.00221627000000000
0.00218742000000000
0.00245772000000000
0.00148051000000000
-0.000147379000000000
-0.000579210000000000
0.000607435000000000
0.00242638000000000
0.00431376000000000
0.00587357000000000
0.00615787000000000
0.00482346000000000
0.00298879000000000
0.00160981000000000
0.000711111000000000
0.000668362000000000
0.00237659000000000
0.00533490000000000
0.00781378000000000
0.00920469000000000
0.0104567000000000
0.0117929000000000
0.0121964000000000
0.0112484000000000
0.00972796000000000
0.00818355000000000
0.00658090000000000
0.00509670000000000
0.00398954000000000
0.00301114000000000
0.00205335000000000
0.00162944000000000
0.00208155000000000
0.00321713000000000
0.00519628000000000
0.00832663000000000
0.0116042000000000
0.0131455000000000
0.0125023000000000
0.0109935000000000
0.00949268000000000
0.00760389000000000
0.00515061000000000
0.00279680000000000
0.000831903000000000
-0.00121986000000000
-0.00350989000000000
-0.00547440000000000
-0.00669143000000000
-0.00730972000000000
-0.00763231000000000
-0.00785500000000000
-0.00807703000000000
-0.00816099000000000
-0.00787973000000000
-0.00731069000000000
-0.00671541000000000
-0.00611741000000000
-0.00549978000000000
-0.00506286000000000
-0.00482650000000000
-0.00457279000000000
-0.00455196000000000
-0.00533620000000000
-0.00669480000000000
-0.00790045000000000
-0.00922693000000000
-0.0113373000000000
-0.0131087000000000
-0.0123819000000000
-0.00936317000000000
-0.00677073000000000
-0.00619529000000000
-0.00675511000000000
-0.00766984000000000
-0.00927802000000000
-0.0111681000000000
-0.0120977000000000
-0.0121194000000000
-0.0122051000000000
-0.0118168000000000
-0.00954670000000000
-0.00618282000000000
-0.00427862000000000
-0.00466564000000000
-0.00575533000000000
-0.00636461000000000
-0.00682952000000000
-0.00747101000000000
-0.00793136000000000
-0.00820687000000000
-0.00880314000000000
-0.00984087000000000
-0.0109783000000000
-0.0120554000000000
-0.0130501000000000
-0.0137801000000000
-0.0142498000000000
-0.0147075000000000
-0.0148789000000000
-0.0138972000000000
-0.0115499000000000
-0.00882949000000000
-0.00677246000000000
-0.00544001000000000
-0.00446150000000000
-0.00375319000000000
-0.00312265000000000
-0.00203252000000000
-0.000588116000000000
0.000140035000000000
-0.000382196000000000
-0.00123461000000000
-0.00157499000000000
-0.00188565000000000
-0.00259667000000000
-0.00268529000000000
-0.00104445000000000
0.00182697000000000
0.00492098000000000
0.00811261000000000
0.0109425000000000
0.0117311000000000
0.00981213000000000
0.00703030000000000
0.00512772000000000
0.00344372000000000
0.00129535000000000
0.000547374000000000
0.00308360000000000
0.00721773000000000
0.00977547000000000
0.0103471000000000
0.0108969000000000
0.0119741000000000
0.0121986000000000
0.0107688000000000
0.00856569000000000
0.00679361000000000
0.00604875000000000
0.00618531000000000
0.00642590000000000
0.00612110000000000
0.00559946000000000
0.00528761000000000
0.00447777000000000
0.00237203000000000
0.000257097000000000
0.000343558000000000
0.00266338000000000
0.00481967000000000
0.00538415000000000
0.00503205000000000
0.00466477000000000
0.00404757000000000
0.00286969000000000
0.00145556000000000
0.000148496000000000
-0.00116215000000000
-0.00254699000000000
-0.00369895000000000
-0.00427992000000000
-0.00412730000000000
-0.00322689000000000
-0.00183239000000000
-0.000576021000000000
-0.000113785000000000
-0.000652124000000000
-0.00173976000000000
-0.00265405000000000
-0.00302622000000000
-0.00314922000000000
-0.00345044000000000
-0.00383638000000000
-0.00385547000000000
-0.00337495000000000
-0.00265720000000000
-0.00187502000000000
-0.00109588000000000
-0.000557744000000000
-0.000498346000000000
-0.000751006000000000
-0.000979434000000000
-0.00114068000000000
-0.00135469000000000
-0.00148344000000000
-0.00128234000000000
-0.000852697000000000
-0.000491132000000000
-0.000180733000000000
0.000354395000000000
0.00113362000000000
0.00191201000000000
0.00264928000000000
0.00357985000000000
0.00485015000000000
0.00623553000000000
0.00708605000000000
0.00656864000000000
0.00449881000000000
0.00190821000000000
0.000103967000000000
-0.000855561000000000
-0.00189107000000000
-0.00295452000000000
-0.00272814000000000
-0.000889458000000000
0.000729995000000000
0.000352073000000000
-0.00148431000000000
-0.00295018000000000
-0.00319597000000000
-0.00264744000000000
-0.00179096000000000
-0.000743077000000000
0.000374028000000000
0.00144667000000000
0.00253062000000000
0.00354069000000000
0.00412491000000000
0.00418240000000000
0.00402436000000000
0.00383335000000000
0.00347398000000000
0.00295669000000000
0.00260448000000000
0.00262976000000000
0.00295387000000000
0.00340445000000000
0.00367227000000000
0.00323405000000000
0.00187806000000000
0.000233103000000000
-0.000800989000000000
-0.00103260000000000
-0.000964714000000000
-0.000933193000000000
-0.000892408000000000
-0.000822737000000000
-0.000789719000000000
-0.000705492000000000
-0.000532883000000000
-0.000417915000000000
-0.000269885000000000
0.000341649000000000
0.00151154000000000
0.00261023000000000
0.00291124000000000
0.00216854000000000
0.000533577000000000
-0.00128830000000000
-0.00180484000000000
0.000183575000000000
0.00378703000000000
0.00659782000000000
0.00723064000000000
0.00650834000000000
0.00573505000000000
0.00509312000000000
0.00406634000000000
0.00256164000000000
0.000986452000000000
-6.57418000000000e-05
4.10506000000000e-05
0.00149852000000000
0.00357887000000000
0.00520582000000000
0.00599375000000000
0.00623857000000000
0.00608129000000000
0.00553286000000000
0.00513716000000000
0.00559035000000000
0.00666258000000000
0.00755421000000000
0.00819993000000000
0.00913549000000000
0.0101262000000000
0.0102836000000000
0.00950581000000000
0.00853836000000000
0.00762265000000000
0.00651528000000000
0.00549164000000000
0.00492922000000000
0.00441670000000000
0.00363908000000000
0.00315682000000000
0.00303858000000000
0.00219425000000000
0.000725993000000000
0.000941025000000000
0.00391991000000000
0.00715384000000000
0.00798711000000000
0.00710210000000000
0.00630213000000000
0.00540356000000000
0.00353766000000000
0.00130870000000000
-0.000406547000000000
-0.00183467000000000
-0.00307264000000000
-0.00327993000000000
-0.00218123000000000
-0.000558796000000000
0.00139569000000000
0.00390255000000000
0.00583831000000000
0.00548904000000000
0.00326670000000000
0.00117289000000000
2.43657000000000e-05
-0.000944268000000000
-0.00207200000000000
-0.00297155000000000
-0.00383584000000000
-0.00520333000000000
-0.00656702000000000
-0.00685512000000000
-0.00613335000000000
-0.00538436000000000
-0.00488030000000000
-0.00414433000000000
-0.00334197000000000
-0.00339187000000000
-0.00453678000000000
-0.00571932000000000
-0.00577084000000000
-0.00457843000000000
-0.00283694000000000
-0.00114263000000000
0.000186905000000000
0.000900782000000000
0.000951036000000000
0.000700448000000000
0.000536549000000000
0.000393683000000000
-3.97327000000000e-05
-0.000701435000000000
-0.00110260000000000
-0.000918072000000000
-0.000362758000000000
0.000131716000000000
0.000380005000000000
0.000488074000000000
0.000607131000000000
0.000791216000000000
0.000991745000000000
0.00108203000000000
0.000929451000000000
0.000529043000000000
2.79734000000000e-05
-0.000434381000000000
-0.000860507000000000
-0.00131434000000000
-0.00178662000000000
-0.00223623000000000
-0.00269224000000000
-0.00320183000000000
-0.00373106000000000
-0.00422568000000000
-0.00471228000000000
-0.00524878000000000
-0.00578777000000000
-0.00618759000000000
-0.00636353000000000
-0.00639303000000000
-0.00642470000000000
-0.00653198000000000
-0.00663828000000000
-0.00660162000000000
-0.00635962000000000
-0.00599961000000000
-0.00564491000000000
-0.00532948000000000
-0.00500776000000000
-0.00466195000000000
-0.00432515000000000
-0.00400994000000000
-0.00367682000000000
-0.00331692000000000
-0.00301385000000000
-0.00286850000000000
-0.00287696000000000
-0.00293749000000000
-0.00297090000000000
-0.00298543000000000
-0.00302199000000000
-0.00309021000000000
-0.00318567000000000
-0.00331193000000000
-0.00345435000000000
-0.00357649000000000
-0.00367975000000000
-0.00380970000000000
-0.00397121000000000
-0.00406992000000000
-0.00397815000000000
-0.00365112000000000
-0.00318361000000000
-0.00273009000000000
-0.00235196000000000
-0.00196603000000000
-0.00149483000000000
-0.00103014000000000
-0.000750746000000000
-0.000730125000000000
-0.000899025000000000
-0.00114425000000000
-0.00134471000000000
-0.00146685000000000
-0.00167554000000000
-0.00216496000000000
-0.00284887000000000
-0.00348776000000000
-0.00408641000000000
-0.00484548000000000
-0.00563276000000000
-0.00589982000000000
-0.00526537000000000
-0.00403065000000000
-0.00276350000000000
-0.00151631000000000
0.000297252000000000
0.00306093000000000
0.00622165000000000
0.00849714000000000
0.00883676000000000
0.00714950000000000
0.00428491000000000
0.00150676000000000
-0.000255253000000000
-0.000986647000000000
-0.00135415000000000
-0.00172186000000000
-0.00176807000000000
-0.00103680000000000
0.000609821000000000
0.00304769000000000
0.00553503000000000
0.00667375000000000
0.00562159000000000
0.00319869000000000
0.000660477000000000
-0.00190322000000000
-0.00490948000000000
-0.00737404000000000
-0.00736992000000000
-0.00426452000000000
0.000589635000000000
0.00523565000000000
0.00814895000000000
0.00858880000000000
0.00713681000000000
0.00528088000000000
0.00392847000000000
0.00281752000000000
0.00162272000000000
0.000548752000000000
-0.000356195000000000
-0.00135718000000000
-0.00216203000000000
-0.00208101000000000
-0.00135545000000000
-0.00106879000000000
-0.00167088000000000
-0.00271089000000000
-0.00395136000000000
-0.00549522000000000
-0.00684091000000000
-0.00708464000000000
-0.00609344000000000
-0.00456075000000000
-0.00291677000000000
-0.00136402000000000
-0.000552765000000000
-0.00113482000000000
-0.00266967000000000
-0.00411971000000000
-0.00510050000000000
-0.00594917000000000
-0.00681748000000000
-0.00756798000000000
-0.00830168000000000
-0.00919255000000000
-0.00991528000000000
-0.00992863000000000
-0.00926056000000000
-0.00843195000000000
-0.00773806000000000
-0.00706511000000000
-0.00628912000000000
-0.00551052000000000
-0.00489495000000000
-0.00448102000000000
-0.00416971000000000
-0.00386654000000000
-0.00355729000000000
-0.00325129000000000
-0.00291666000000000
-0.00256674000000000
-0.00233504000000000
-0.00235500000000000
-0.00258398000000000
-0.00286373000000000
-0.00310030000000000
-0.00330943000000000
-0.00353907000000000
-0.00381675000000000
-0.00406949000000000
-0.00410311000000000
-0.00378356000000000
-0.00324880000000000
-0.00274669000000000
-0.00232734000000000
-0.00186992000000000
-0.00136488000000000
-0.000901379000000000
-0.000459329000000000
8.28627000000000e-06
0.000367726000000000
0.000494918000000000
0.000548644000000000
0.000724051000000000
0.000914786000000000
0.000944854000000000
0.000889165000000000
0.000829647000000000
0.000602933000000000
0.000223265000000000
0.000244091000000000
0.00123060000000000
0.00308295000000000
0.00525149000000000
0.00735831000000000
0.00933920000000000
0.0112961000000000
0.0134135000000000
0.0156360000000000
0.0173564000000000
0.0178900000000000
0.0173542000000000
0.0165255000000000
0.0158942000000000
0.0153388000000000
0.0146880000000000
0.0139797000000000
0.0132009000000000
0.0122463000000000
0.0111768000000000
0.0101447000000000
0.00913495000000000
0.00812498000000000
0.00734226000000000
0.00700274000000000
0.00692313000000000
0.00675662000000000
0.00646885000000000
0.00627404000000000
0.00617153000000000
0.00591923000000000
0.00544424000000000
0.00493985000000000
0.00448775000000000
0.00396622000000000
0.00338862000000000
0.00291894000000000
0.00249797000000000
0.00192318000000000
0.00131390000000000
0.000964649000000000
0.000611969000000000
-0.000410647000000000
-0.00208990000000000
-0.00348450000000000
-0.00397316000000000
-0.00397002000000000
-0.00412036000000000
-0.00445477000000000
-0.00470002000000000
-0.00479580000000000
-0.00476608000000000
-0.00452419000000000
-0.00408988000000000
-0.00367389000000000
-0.00336790000000000
-0.00303967000000000
-0.00261989000000000
-0.00222180000000000
-0.00195344000000000
-0.00183293000000000
-0.00184541000000000
-0.00192980000000000
-0.00198143000000000
-0.00198674000000000
-0.00203122000000000
-0.00210704000000000
-0.00208730000000000
-0.00193750000000000
-0.00176655000000000
-0.00162359000000000
-0.00145188000000000
-0.00126119000000000
-0.00114068000000000
-0.00101432000000000
-0.000605732000000000
0.000243516000000000
0.00134243000000000
0.00239915000000000
0.00335683000000000
0.00436724000000000
0.00545856000000000
0.00641310000000000
0.00702357000000000
0.00736959000000000
0.00768340000000000
0.00804157000000000
0.00836730000000000
0.00868100000000000
0.00907974000000000
0.00940471000000000
0.00924472000000000
0.00844844000000000
0.00738423000000000
0.00644228000000000
0.00556996000000000
0.00456075000000000
0.00359514000000000
0.00308859000000000
0.00310898000000000
0.00330379000000000
0.00341866000000000
0.00351216000000000
0.00366218000000000
0.00379408000000000
0.00387999000000000
0.00401601000000000
0.00419054000000000
0.00421494000000000
0.00399084000000000
0.00365958000000000
0.00336291000000000
0.00307438000000000
0.00275428000000000
0.00248896000000000
0.00236162000000000
0.00233060000000000
0.00231400000000000
0.00227701000000000
0.00222787000000000
0.00222874000000000
0.00237539000000000
0.00265785000000000
0.00294269000000000
0.00317482000000000
0.00343634000000000
0.00373637000000000
0.00397078000000000
0.00416331000000000
0.00447679000000000
0.00482129000000000
0.00479429000000000
0.00417145000000000
0.00321799000000000
0.00229437000000000
0.00147227000000000
0.000627230000000000
-0.000280168000000000
-0.00113785000000000
-0.00177230000000000
-0.00213687000000000
-0.00242215000000000
-0.00283249000000000
-0.00320975000000000
-0.00314499000000000
-0.00252563000000000
-0.00167858000000000
-0.000864640000000000
-6.16763000000000e-05
0.000666724000000000
0.00102187000000000
0.000897213000000000
0.000578733000000000
0.000349806000000000
0.000186580000000000
-3.83768000000000e-05
-0.000304238000000000
-0.000519248000000000
-0.000660769000000000
-0.000749129000000000
-0.000804504000000000
-0.000848716000000000
-0.000849280000000000
-0.000826729000000000
-0.00113156000000000
-0.00234307000000000
-0.00457485000000000
-0.00702975000000000
-0.00860062000000000
-0.00890239000000000
-0.00851189000000000
-0.00812227000000000
-0.00789394000000000
-0.00764304000000000
-0.00732154000000000
-0.00702216000000000
-0.00676574000000000
-0.00648599000000000
-0.00618488000000000
-0.00593247000000000
-0.00572973000000000
-0.00550780000000000
-0.00523760000000000
-0.00498259000000000
-0.00485731000000000
-0.00495265000000000
-0.00522741000000000
-0.00552451000000000
-0.00574036000000000
-0.00594451000000000
-0.00623846000000000
-0.00653697000000000
-0.00661670000000000
-0.00637654000000000
-0.00595470000000000
-0.00553872000000000
-0.00518239000000000
-0.00482325000000000
-0.00442603000000000
-0.00403304000000000
-0.00368105000000000
-0.00330705000000000
-0.00286698000000000
-0.00255936000000000
-0.00272543000000000
-0.00340326000000000
-0.00421657000000000
-0.00488204000000000
-0.00555748000000000
-0.00639368000000000
-0.00704017000000000
-0.00703442000000000
-0.00647005000000000
-0.00580187000000000
-0.00520040000000000
-0.00456878000000000
-0.00393357000000000
-0.00335271000000000
-0.00270070000000000
-0.00192882000000000
-0.00121877000000000
-0.000590329000000000
0.000219479000000000
0.00109946000000000
0.00136922000000000
0.000629107000000000
-0.000650465000000000
-0.00185409000000000