-5.84868000000000e-05
-0.000160405000000000
-0.000231262000000000
-0.000212558000000000
-0.000197348000000000
-0.000256941000000000
-0.000306917000000000
-0.000184737000000000
3.69324000000000e-05
0.000113916000000000
4.03145000000000e-05
3.76944000000000e-05
0.000141593000000000
9.99020000000000e-05
-0.000147715000000000
-0.000303279000000000
-0.000141378000000000
9.87347000000000e-05
0.000138120000000000
4.64078000000000e-05
4.06081000000000e-05
9.63645000000000e-05
9.02347000000000e-05
4.97197000000000e-05
6.47605000000000e-05
9.49753000000000e-05
7.44879000000000e-05
5.45017000000000e-05
7.92141000000000e-05
9.02849000000000e-05
6.38811000000000e-05
6.23974000000000e-05
8.98838000000000e-05
8.24508000000000e-05
5.60814000000000e-05
7.36644000000000e-05
9.79972000000000e-05
7.02056000000000e-05
5.07244000000000e-05
9.08076000000000e-05
0.000103511000000000
4.72463000000000e-05
4.60769000000000e-05
0.000141471000000000
0.000110672000000000
-0.000135427000000000
-0.000305313000000000
-0.000139251000000000
0.000115892000000000
0.000144672000000000
3.81340000000000e-05
4.97225000000000e-05
0.000117976000000000
8.62891000000000e-05
3.72146000000000e-05
8.67760000000000e-05
0.000118613000000000
4.99581000000000e-05
3.85923000000000e-05
0.000146362000000000
0.000117632000000000
-0.000138786000000000
-0.000304096000000000
-0.000132069000000000
0.000113057000000000
0.000141765000000000
4.86771000000000e-05
5.25103000000000e-05
0.000105667000000000
9.08434000000000e-05
5.57764000000000e-05
7.71947000000000e-05
9.86631000000000e-05
7.38863000000000e-05
6.47039000000000e-05
9.05570000000000e-05
8.86593000000000e-05
6.09924000000000e-05
7.36715000000000e-05
0.000118986000000000
8.05245000000000e-05
-7.09031000000000e-05
-0.000263178000000000
-0.000350369000000000
-0.000274249000000000
-6.48629000000000e-05
8.96547000000000e-05
0.000106526000000000
6.75189000000000e-05
7.85481000000000e-05
8.86092000000000e-05
6.70147000000000e-05
7.12733000000000e-05
0.000100668000000000
8.16703000000000e-05
4.35477000000000e-05
8.02739000000000e-05
0.000144321000000000
7.02651000000000e-05
-0.000126970000000000
-0.000252229000000000
-0.000159223000000000
5.06413000000000e-05
0.000184816000000000
0.000136544000000000
-3.27970000000000e-05
-0.000122201000000000
-2.27911000000000e-05
0.000179868000000000
0.000267911000000000
0.000189413000000000
2.56662000000000e-05
-2.56604000000000e-05
9.87634000000000e-05
0.000210982000000000
5.64459000000000e-05
-0.000212708000000000
-0.000246715000000000
-3.82694000000000e-05
3.73206000000000e-05
-0.000100332000000000
-0.000193381000000000
-0.000151389000000000
-0.000162710000000000
-0.000199940000000000
-8.54512000000000e-05
3.28557000000000e-05
-6.29094000000000e-05
-0.000216639000000000
-0.000183341000000000
-0.000118699000000000
-0.000181207000000000
-0.000173566000000000
2.72587000000000e-05
0.000173538000000000
9.36290000000000e-05
5.21959000000000e-06
6.43552000000000e-05
0.000119659000000000
6.67877000000000e-05
3.64562000000000e-05
7.97869000000000e-05
9.05928000000000e-05
5.99433000000000e-05
6.13383000000000e-05
7.26547000000000e-05
6.51737000000000e-05
9.14592000000000e-05
8.17992000000000e-05
-7.38219000000000e-05
-0.000297293000000000
-0.000356184000000000
-0.000254621000000000
-0.000102752000000000
3.95318000000000e-05
0.000163527000000000
9.75747000000000e-05
-0.000159474000000000
-0.000313476000000000
-0.000140619000000000
9.82406000000000e-05
0.000123204000000000
3.48257000000000e-05
4.42122000000000e-05
9.08434000000000e-05
6.75146000000000e-05
4.13307000000000e-05
7.24398000000000e-05
7.96580000000000e-05
4.39165000000000e-05
5.49715000000000e-05
9.03063000000000e-05
5.89802000000000e-05
2.37528000000000e-05
7.86698000000000e-05
0.000128854000000000
1.11567000000000e-05
-0.000144966000000000
-9.29774000000000e-05
0.000166706000000000
0.000303093000000000
0.000188397000000000
-4.69341000000000e-05
-0.000184021000000000
-0.000183971000000000
-0.000140576000000000
-0.000176366000000000
-0.000227073000000000
-0.000148360000000000
2.45584000000000e-05
0.000125187000000000
8.17347000000000e-05
1.45231000000000e-05
3.54480000000000e-05
9.23186000000000e-05
7.28194000000000e-05
1.99009000000000e-05
4.05158000000000e-05
9.29630000000000e-05
6.82493000000000e-05
7.96366000000000e-06
3.95906000000000e-05
0.000131073000000000
7.02608000000000e-05
-0.000166878000000000
-0.000310676000000000
-0.000159717000000000
7.14581000000000e-05
0.000120196000000000
3.39442000000000e-05
1.84809000000000e-05
6.94165000000000e-05
7.16235000000000e-05
3.40344000000000e-05
3.97152000000000e-05
6.67462000000000e-05
5.54928000000000e-05
3.71809000000000e-05
5.04157000000000e-05
6.01123000000000e-05
4.64035000000000e-05
4.34145000000000e-05
5.47381000000000e-05
5.12013000000000e-05
4.29734000000000e-05
5.11003000000000e-05
5.42253000000000e-05
4.22315000000000e-05
4.47844000000000e-05
5.83579000000000e-05
4.81994000000000e-05
3.42084000000000e-05
5.23427000000000e-05
6.37186000000000e-05
3.59807000000000e-05
2.93755000000000e-05
6.71400000000000e-05
6.50906000000000e-05
1.29061000000000e-05
2.75230000000000e-05
0.000114589000000000
6.57838000000000e-05
-0.000167129000000000
-0.000318045000000000
-0.000172664000000000
6.29702000000000e-05
0.000120798000000000
3.07289000000000e-05
1.57998000000000e-06
5.86801000000000e-05
8.02596000000000e-05
3.16498000000000e-05
1.29541000000000e-05
5.93977000000000e-05
7.62996000000000e-05
2.67460000000000e-05
1.09712000000000e-05
6.81304000000000e-05
8.11046000000000e-05
7.62566000000000e-06
-2.41939000000000e-06
0.000114002000000000
0.000121943000000000
-0.000167888000000000
-0.000516496000000000
-0.000520026000000000
-0.000178364000000000
0.000121907000000000
0.000134475000000000
-2.29293000000000e-06
-2.74643000000000e-05
8.45418000000000e-05
0.000140719000000000
1.45904000000000e-06
-0.000191827000000000
-0.000228018000000000
-0.000149405000000000
-0.000168045000000000
-0.000249143000000000
-0.000171518000000000
2.93454000000000e-05
0.000113902000000000
4.86978000000000e-05
3.26824000000000e-05
5.16252000000000e-05
-6.53720000000000e-05
-0.000308485000000000
-0.000405508000000000
-0.000284439000000000
-8.50502000000000e-05
3.47562000000000e-05
7.74883000000000e-05
5.89036000000000e-05
3.21919000000000e-05
4.04492000000000e-05
6.53047000000000e-05
5.05274000000000e-05
3.09387000000000e-05
5.64359000000000e-05
6.55188000000000e-05
3.04267000000000e-05
5.31254000000000e-05
8.18708000000000e-05
-6.56291000000000e-05
-0.000342965000000000
-0.000404549000000000
-0.000203076000000000
-7.02035000000000e-05
-0.000190917000000000
-0.000277500000000000
-0.000111331000000000
5.06513000000000e-05
-4.15104000000000e-05
-0.000281173000000000
-0.000391072000000000
-0.000311987000000000
-8.48354000000000e-05
0.000114517000000000
9.31564000000000e-05
-0.000146376000000000
-0.000305163000000000
-0.000168382000000000
7.26905000000000e-05
0.000141006000000000
4.95664000000000e-05
1.00160000000000e-05
6.62929000000000e-05
0.000103339000000000
5.97765000000000e-05
1.67301000000000e-05
5.82906000000000e-05
0.000134253000000000
7.20317000000000e-05
-0.000149692000000000
-0.000293533000000000
-0.000150780000000000
8.53725000000000e-05
0.000137547000000000
4.50214000000000e-05
3.25227000000000e-05
9.02347000000000e-05
8.44630000000000e-05
4.43483000000000e-05
6.70906000000000e-05
9.49108000000000e-05
6.24783000000000e-05
5.10738000000000e-05
9.04782000000000e-05
8.32672000000000e-05
4.01806000000000e-05
6.88121000000000e-05
0.000112999000000000
6.09903000000000e-05
2.69902000000000e-05
0.000131875000000000
0.000138020000000000
-0.000129312000000000
-0.000337802000000000
-0.000133057000000000
0.000183549000000000
0.000139452000000000
-0.000157812000000000
-0.000273876000000000
-0.000121335000000000
6.52152000000000e-05
0.000179718000000000
0.000150372000000000
-0.000126541000000000
-0.000481178000000000
-0.000483498000000000
-0.000114016000000000
0.000164873000000000
0.000141056000000000
7.29483000000000e-05
7.30056000000000e-05
-2.42920000000000e-05
-0.000224352000000000
-0.000340867000000000
-0.000399350000000000
-0.000414789000000000
-0.000203399000000000
0.000202274000000000
0.000290919000000000
-0.000153322000000000
-0.000555702000000000
-0.000386274000000000
-2.95846000000000e-05
-4.98042000000000e-05
-0.000242025000000000
-0.000132720000000000
0.000127543000000000
0.000178980000000000
8.27802000000000e-05
7.86913000000000e-05
0.000125338000000000
0.000114682000000000
9.91429000000000e-05
0.000115506000000000
0.000102315000000000
9.49036000000000e-05
0.000162603000000000
0.000141041000000000
-8.51863000000000e-05
-0.000257994000000000
-0.000101807000000000
0.000151131000000000
0.000184480000000000
8.60241000000000e-05
9.30132000000000e-05
0.000146670000000000
0.000125889000000000
0.000101069000000000
0.000132685000000000
0.000137196000000000
0.000107700000000000
0.000129398000000000
0.000154604000000000
0.000107557000000000
9.80903000000000e-05
0.000194154000000000
0.000166656000000000
-8.57663000000000e-05
-0.000248441000000000
-6.84362000000000e-05
0.000172721000000000
0.000183656000000000
0.000102630000000000
0.000156051000000000
0.000172943000000000
-2.85857000000000e-05
-0.000233868000000000
-0.000119473000000000
0.000172779000000000
0.000287847000000000
0.000119594000000000
-0.000102022000000000
-0.000173459000000000
-5.01443000000000e-05
0.000127901000000000
0.000216919000000000
0.000170559000000000
0.000106153000000000
0.000134253000000000
0.000197892000000000
0.000169664000000000
0.000103554000000000
0.000142080000000000
0.000236912000000000
0.000168769000000000
-6.55059000000000e-05
-0.000196431000000000
-4.67107000000000e-05
0.000174655000000000
0.000228806000000000
0.000151969000000000
0.000129426000000000
0.000175536000000000
0.000190810000000000
0.000157125000000000
0.000148432000000000
0.000178257000000000
0.000186678000000000
0.000161557000000000
0.000154891000000000
0.000181859000000000
0.000191175000000000
0.000156996000000000
0.000142681000000000
0.000211763000000000
0.000240227000000000
1.13436000000000e-05
-0.000371730000000000
-0.000443590000000000
-4.09425000000000e-05
0.000356062000000000
0.000259240000000000
-0.000110944000000000
-0.000204158000000000
6.27461000000000e-05
0.000214090000000000
3.11378000000000e-05
-0.000181515000000000
-7.62996000000000e-05
0.000203184000000000
0.000332854000000000
0.000177999000000000
-6.07267000000000e-05
-0.000140862000000000
1.45087000000000e-06
0.000182460000000000
0.000250596000000000
0.000206936000000000
0.000164236000000000
0.000182797000000000
0.000223542000000000
0.000211705000000000
0.000171454000000000
0.000184773000000000
0.000231563000000000
0.000216396000000000
0.000159345000000000
0.000184243000000000
0.000277973000000000
0.000224144000000000
-1.51890000000000e-05
-0.000159366000000000
-1.10142000000000e-06
0.000227753000000000
0.000267525000000000
0.000188568000000000
0.000183900000000000
0.000224051000000000
0.000218981000000000
0.000200542000000000
0.000207559000000000
0.000209772000000000
0.000230975000000000
0.000231283000000000
6.19555000000000e-05
-0.000183864000000000
-7.10542000000000e-05
0.000342800000000000
0.000293197000000000
-0.000552830000000000
-0.00124800000000000
-0.000900557000000000
-2.60514000000000e-05
0.000327261000000000
0.000203821000000000
0.000222769000000000
0.000291435000000000
3.40509000000000e-05
-0.000230832000000000
6.52918000000000e-06
0.000458120000000000
0.000616018000000000
0.000472406000000000
0.000178930000000000
-0.000494383000000000
-0.00132119000000000
-0.00139266000000000
-0.000238394000000000
0.00115176000000000
0.00146892000000000
0.000509299000000000
-0.000714753000000000
-0.00120253000000000
-0.000791639000000000
-7.87701000000000e-05
0.000278388000000000
0.000175879000000000
-9.05355000000000e-05
-0.000257199000000000
-0.000306938000000000
-0.000220048000000000
-7.87773000000000e-06
0.000224208000000000
0.000327118000000000
0.000285542000000000
0.000181365000000000
5.57793000000000e-05
-0.000141700000000000
-0.000467844000000000
-0.000822360000000000
-0.000832457000000000
-0.000259204000000000
0.000418985000000000
0.000459845000000000
-5.48405000000000e-05
-0.000359328000000000
-0.000238380000000000
-0.000168862000000000
-0.000174748000000000
0.000392998000000000
0.00160605000000000
0.00243836000000000
0.00207101000000000
0.000908362000000000
-3.82150000000000e-05
-0.000191096000000000
0.000253088000000000
0.000524902000000000
5.54620000000000e-05
-0.000542067000000000
-0.000225232000000000
0.000678461000000000
0.000678397000000000
-0.000342571000000000
-0.000816631000000000
-0.000118191000000000
0.000337924000000000
-0.000284668000000000
-0.000758484000000000
-7.21033000000000e-05
0.000783118000000000
0.000564073000000000
-0.000463956000000000
-0.00137203000000000
-0.00167186000000000
-0.00113622000000000
0.000225576000000000
0.00167487000000000
0.00209328000000000
0.00113314000000000
-0.000310920000000000
-0.000825654000000000
0.000275839000000000
0.00202253000000000
0.00259612000000000
0.00157862000000000
0.000471024000000000
0.000260421000000000
0.000102738000000000
-0.000675726000000000
-0.00130243000000000
-0.00130909000000000
-0.00147859000000000
-0.00208268000000000
-0.00244782000000000
-0.00274406000000000
-0.00378848000000000
-0.00462101000000000
-0.00338282000000000
-0.000646330000000000
0.000891319000000000
0.000762065000000000
0.00104886000000000
0.00245455000000000
0.00292108000000000
0.00144386000000000
-0.000145395000000000
-5.15550000000000e-05
0.000867688000000000
0.000810831000000000
-0.000433980000000000
-0.00176696000000000
-0.00236640000000000
-0.00208376000000000
-0.00112412000000000
-9.33640000000000e-05
3.23638000000000e-05
-0.000953261000000000
-0.00195393000000000
-0.00170566000000000
-0.000606924000000000
-0.000160462000000000
-0.00101936000000000
-0.00208855000000000
-0.00206750000000000
-0.000972667000000000
0.000232780000000000
0.000709325000000000
0.000340129000000000
-8.34319000000000e-05
0.000420009000000000
0.00141206000000000
0.00125688000000000
-6.36878000000000e-05
-0.000336678000000000
0.00136251000000000
0.00232744000000000
0.000247374000000000
-0.00274399000000000
-0.00289079000000000
-0.000235258000000000
0.00207659000000000
0.00220062000000000
0.000459244000000000
-0.00225920000000000
-0.00431803000000000
-0.00365887000000000
-0.000831955000000000
0.000930275000000000
1.49248000000000e-05
-0.00163763000000000
-0.00208039000000000
-0.00157655000000000
-0.000745881000000000
0.000714760000000000
0.00219117000000000
0.00251126000000000
0.00227402000000000
0.00270103000000000
0.00268262000000000
0.000849858000000000
-0.000983194000000000
-0.000357222000000000
0.00140340000000000
0.000969373000000000
-0.00174046000000000
-0.00368350000000000
-0.00304633000000000
-0.000658110000000000
0.00204931000000000
0.00372762000000000
0.00324483000000000
0.000960064000000000
-0.00112441000000000
-0.00165782000000000
-0.00113028000000000
-0.000449340000000000
0.000284417000000000
0.000949753000000000
0.000765932000000000
-0.000920393000000000
-0.00361254000000000
-0.00534169000000000
-0.00399543000000000
-0.000177605000000000
0.00221602000000000
0.000610432000000000
-0.00252716000000000
-0.00300193000000000
-0.000557921000000000
0.00203349000000000
0.00349797000000000
0.00440969000000000
0.00430951000000000
0.00265527000000000
0.000854870000000000
0.000353771000000000
-1.56760000000000e-05
-0.00135470000000000
-0.00208340000000000
-0.000918101000000000
0.000125903000000000
-0.00113916000000000
-0.00325521000000000
-0.00330899000000000
-0.000705465000000000
0.00273024000000000
0.00490301000000000
0.00438413000000000
0.00145037000000000
-0.00149477000000000
-0.00194354000000000
3.58862000000000e-05
0.00246063000000000
0.00371895000000000
0.00307755000000000
0.000686839000000000
-0.00161600000000000
-0.00164966000000000
-9.51901000000000e-05
0.000342091000000000
-0.000748960000000000
-0.00146047000000000
-0.00177140000000000
-0.00302814000000000
-0.00370864000000000
-0.00105609000000000
0.00295667000000000
0.00318360000000000
-0.000718383000000000
-0.00349524000000000
-0.00209106000000000
0.000729411000000000
0.00152943000000000
0.000146441000000000
-0.00181923000000000
-0.00276075000000000
-0.00136895000000000
0.00157963000000000
0.00284582000000000
0.000934070000000000
-0.00151346000000000
-0.00168267000000000
-0.000251885000000000
0.00103325000000000
0.00231856000000000
0.00391509000000000
0.00447407000000000
0.00300286000000000
0.000879862000000000
-1.64758000000000e-05
0.000800949000000000
0.00250568000000000
0.00360130000000000
0.00256783000000000
-0.000125946000000000
-0.00195350000000000
-0.00115592000000000
0.00116157000000000
0.00276648000000000
0.00270590000000000
0.00160949000000000
0.000668765000000000
0.000682013000000000
0.00104950000000000
6.91809000000000e-05
-0.00255373000000000
-0.00457189000000000
-0.00407306000000000
-0.00224215000000000
-0.00159323000000000
-0.00262784000000000
-0.00356564000000000
-0.00260607000000000
0.000238473000000000
0.00299634000000000
0.00360488000000000
0.00218451000000000
0.000760489000000000
0.000222626000000000
-0.000679242000000000
-0.00260894000000000
-0.00386847000000000
-0.00287855000000000
-0.000852364000000000
-0.000206707000000000
-0.00166871000000000
-0.00398863000000000
-0.00540320000000000
-0.00462116000000000
-0.00203635000000000
-0.000108696000000000
-0.000926336000000000
-0.00333255000000000
-0.00397725000000000
-0.00125352000000000
0.00295997000000000
0.00550796000000000
0.00474418000000000
0.00173130000000000
-0.000392963000000000
0.00111195000000000
0.00538702000000000
0.00831669000000000
0.00678654000000000
0.00207051000000000
-0.00142338000000000
-0.000244710000000000
0.00495321000000000
0.00962284000000000
0.00925692000000000
0.00403145000000000
-0.00106268000000000
-0.00165446000000000
0.00146827000000000
0.00405967000000000
0.00340423000000000
0.000399078000000000
-0.00232744000000000
-0.00292960000000000
-0.00148482000000000
0.000412755000000000
0.00122022000000000
0.000912229000000000
0.000487351000000000
0.000278066000000000
-0.000825367000000000
-0.00392504000000000
-0.00775957000000000
-0.00882870000000000
-0.00540907000000000
-0.000456394000000000
0.00160791000000000
0.000630555000000000
0.000354215000000000
0.00272931000000000
0.00557764000000000
0.00648593000000000
0.00521637000000000
0.00237657000000000
-0.00113966000000000
-0.00275287000000000
-8.29306000000000e-05
0.00552150000000000
0.00971235000000000
0.0104041000000000
0.00960852000000000
0.0102995000000000
0.0134289000000000
0.0182725000000000
0.0223743000000000
0.0212135000000000
0.0108137000000000
-0.00690248000000000
-0.0232594000000000
-0.0294973000000000
-0.0240306000000000
-0.0116064000000000
0.00302914000000000
0.0175199000000000
0.0291199000000000
0.0345328000000000
0.0344397000000000
0.0337358000000000
0.0343294000000000
0.0312288000000000
0.0199754000000000
0.00508661000000000
-0.00398441000000000
-0.00467372000000000
-0.00346087000000000
-0.00567517000000000
-0.00820856000000000
-0.00492528000000000
0.00518257000000000
0.0179116000000000
0.0284661000000000
0.0332990000000000
0.0305993000000000
0.0224552000000000
0.0142817000000000
0.00946888000000000
0.00626573000000000
0.00190531000000000
-0.00263493000000000
-0.00404255000000000
-0.00144185000000000
0.00178923000000000
0.000307783000000000
-0.00896905000000000
-0.0239762000000000
-0.0386181000000000
-0.0476273000000000
-0.0501143000000000
-0.0488045000000000
-0.0472542000000000
-0.0473451000000000
-0.0470580000000000
-0.0419143000000000
-0.0312911000000000
-0.0211147000000000
-0.0170215000000000
-0.0180233000000000
-0.0198343000000000
-0.0212092000000000
-0.0229135000000000
-0.0245584000000000
-0.0264395000000000
-0.0313061000000000
-0.0401140000000000
-0.0496789000000000
-0.0567095000000000
-0.0596433000000000
-0.0561509000000000
-0.0451689000000000
-0.0312610000000000
-0.0197627000000000
-0.00839618000000000
0.00794504000000000
0.0254893000000000
0.0343903000000000
0.0326588000000000
0.0273096000000000
0.0224079000000000
0.0158220000000000
0.00716450000000000
-9.97015000000000e-05
-0.00461235000000000
-0.00784407000000000
-0.00967440000000000
-0.00912158000000000
-0.00814912000000000
-0.00936362000000000
-0.0116236000000000
-0.0115613000000000
-0.00746526000000000
7.72806000000000e-06
0.00842410000000000
0.0141600000000000
0.0152878000000000
0.0135907000000000
0.0108782000000000
0.00524143000000000
-0.00416959000000000
-0.0113386000000000
-0.00881294000000000
0.00220105000000000
0.0133179000000000
0.0192364000000000
0.0219203000000000
0.0250281000000000
0.0289086000000000
0.0309631000000000
0.0281610000000000
0.0197942000000000
0.00970304000000000
0.00407807000000000
0.00547603000000000
0.0107707000000000
0.0150114000000000
0.0153373000000000
0.0117947000000000
0.00733708000000000
0.00649374000000000
0.0104607000000000
0.0144923000000000
0.0136859000000000
0.00984125000000000
0.00838973000000000
0.0113708000000000
0.0167723000000000
0.0218472000000000
0.0236375000000000
0.0200778000000000
0.0139516000000000
0.0123941000000000
0.0187938000000000
0.0286587000000000
0.0357172000000000
0.0378820000000000
0.0355174000000000
0.0288442000000000
0.0191877000000000
0.00921109000000000
0.000630805000000000
-0.00606623000000000
-0.0100697000000000
-0.0110507000000000
-0.0108151000000000
-0.0111846000000000
-0.0108946000000000
-0.00689589000000000
0.00161887000000000
0.0116730000000000
0.0186084000000000
0.0198472000000000
0.0168740000000000
0.0129835000000000
0.00926193000000000
0.00474239000000000
-0.000592280000000000
-0.00586852000000000
-0.0116744000000000
-0.0183255000000000
-0.0225010000000000
-0.0198264000000000
-0.0107149000000000
-0.000335582000000000
0.00691007000000000
0.0102143000000000
0.0106870000000000
0.00950827000000000
0.00743088000000000
0.00440740000000000
0.000333262000000000
-0.00387248000000000
-0.00696872000000000
-0.00893253000000000
-0.0101606000000000
-0.0108022000000000
-0.0117604000000000
-0.0146269000000000
-0.0185840000000000
-0.0197913000000000
-0.0160519000000000
-0.0105122000000000
-0.00776888000000000
-0.00811762000000000
-0.00840549000000000
-0.00751252000000000
-0.00745953000000000
-0.00891749000000000
-0.00839403000000000
-0.00270396000000000
0.00590862000000000
0.0123268000000000
0.0152685000000000
0.0171203000000000
0.0181171000000000
0.0156001000000000
0.0100418000000000
0.00632123000000000
0.00695633000000000
0.00858021000000000
0.00781829000000000
0.00614543000000000
0.00620773000000000
0.00711716000000000
0.00701512000000000
0.00720603000000000
0.0100332000000000
0.0145546000000000
0.0170630000000000
0.0150744000000000
0.00916168000000000
0.00244739000000000
-0.00136967000000000
-0.000971450000000000
0.000553267000000000
-0.00153917000000000
-0.00835393000000000
-0.0165718000000000
-0.0226600000000000
-0.0257643000000000
-0.0262211000000000
-0.0241760000000000
-0.0202933000000000
-0.0166534000000000
-0.0154704000000000
-0.0174333000000000
-0.0209335000000000
-0.0227882000000000
-0.0204308000000000
-0.0149040000000000
-0.0104736000000000
-0.0103912000000000
-0.0138263000000000
-0.0176968000000000
-0.0201143000000000
-0.0212214000000000
-0.0211920000000000
-0.0189070000000000
-0.0137346000000000
-0.00777604000000000
-0.00416966000000000
-0.00326402000000000
-0.00236203000000000
5.16538000000000e-05
0.00204036000000000
0.00134088000000000
-0.00101757000000000
-0.00233933000000000
-0.00204752000000000
-0.00164486000000000
-0.00174841000000000
-0.000920178000000000
0.00290347000000000
0.0105824000000000
0.0204501000000000
0.0288979000000000
0.0332102000000000
0.0339170000000000
0.0332668000000000
0.0320924000000000
0.0290626000000000
0.0234706000000000
0.0172363000000000
0.0134955000000000
0.0130021000000000
0.0129734000000000
0.00975532000000000
0.00253489000000000
-0.00611406000000000
-0.0130450000000000
-0.0169162000000000
-0.0183799000000000
-0.0189707000000000
-0.0203198000000000
-0.0227109000000000
-0.0243765000000000
-0.0232243000000000
-0.0201394000000000
-0.0188361000000000
-0.0211985000000000
-0.0238387000000000
-0.0212758000000000
-0.0128961000000000
-0.00384513000000000
0.00173982000000000
0.00568018000000000
0.0112262000000000
0.0171182000000000
0.0198880000000000
0.0197691000000000
0.0195536000000000
0.0190359000000000
0.0157225000000000
0.0103540000000000
0.00715927000000000
0.00819281000000000
0.0111130000000000
0.0125409000000000
0.0111467000000000
0.00827587000000000
0.00715132000000000
0.00994651000000000
0.0143784000000000
0.0161486000000000
0.0151224000000000
0.0150043000000000
0.0160985000000000
0.0141056000000000
0.00763067000000000
0.000795077000000000
-0.00367570000000000
-0.00785266000000000
-0.0126770000000000
-0.0148145000000000
-0.0124600000000000
-0.00877499000000000
-0.00623945000000000
-0.00279140000000000
0.00337745000000000
0.00941159000000000
0.0113479000000000
0.00850717000000000
0.00252379000000000
-0.00487981000000000
-0.0114532000000000
-0.0145904000000000
-0.0141092000000000
-0.0130257000000000
-0.0139144000000000
-0.0156488000000000
-0.0151948000000000
-0.0119401000000000
-0.00856088000000000
-0.00743088000000000
-0.00722823000000000
-0.00481600000000000
-6.06501000000000e-05
0.00343309000000000
0.00271728000000000
-0.00133157000000000
-0.00629695000000000
-0.0108538000000000
-0.0139674000000000
-0.0134890000000000
-0.00911585000000000
-0.00475263000000000
-0.00504530000000000
-0.00924904000000000
-0.0119193000000000
-0.00990355000000000
-0.00616476000000000
-0.00525533000000000
-0.00745165000000000
-0.00959849000000000
-0.0102523000000000
-0.0111803000000000
-0.0140375000000000
-0.0175106000000000
-0.0182525000000000
-0.0136945000000000
-0.00484615000000000
0.00373170000000000
0.00773379000000000
0.00764213000000000
0.00775241000000000
0.0104077000000000
0.0130515000000000
0.0120561000000000
0.00750321000000000
0.00239447000000000
-0.00122208000000000
-0.00341339000000000
-0.00493323000000000
-0.00640780000000000
-0.00828160000000000
-0.0102623000000000
-0.0114525000000000
-0.0112663000000000
-0.0101699000000000
-0.00891606000000000
-0.00747027000000000
-0.00513488000000000
-0.00182496000000000
0.00149763000000000
0.00356857000000000
0.00393550000000000
0.00336219000000000
0.00290139000000000
0.00273826000000000
0.00237964000000000
0.00168647000000000
0.000960995000000000
0.000370427000000000
-0.000251835000000000
-0.000535973000000000
0.000399837000000000
0.00261438000000000
0.00457260000000000
0.00514677000000000
0.00532250000000000
0.00665213000000000
0.00894757000000000
0.0112577000000000
0.0138879000000000
0.0170645000000000
0.0186349000000000
0.0162918000000000
0.0117410000000000
0.00937149000000000
0.0105523000000000
0.0127801000000000
0.0140913000000000
0.0148625000000000
0.0152263000000000
0.0146591000000000
0.0136279000000000
0.0130837000000000
0.0126734000000000
0.0121864000000000
0.0127801000000000
0.0147092000000000
0.0156745000000000
0.0140683000000000
0.0112985000000000
0.00896905000000000
0.00658983000000000
0.00435570000000000
0.00436651000000000
0.00683946000000000
0.00856231000000000
0.00760346000000000
0.00629266000000000
0.00758413000000000
0.0108022000000000
0.0124113000000000
0.00984769000000000
0.00417804000000000
-0.000450637000000000
-0.000700767000000000
0.00200506000000000
0.00299985000000000
0.000198544000000000
-0.00332195000000000
-0.00362371000000000
-0.000622463000000000
0.00249229000000000
0.00308714000000000
0.00139609000000000
-7.24040000000000e-05
0.000987491000000000
0.00435992000000000
0.00772162000000000
0.00905856000000000
0.00799946000000000
0.00561423000000000
0.00363302000000000
0.00275387000000000
0.00135857000000000
-0.00197140000000000
-0.00482660000000000
-0.00331808000000000
0.00140476000000000
0.00335682000000000
0.000114002000000000
-0.00378555000000000
-0.00399737000000000
-0.00224602000000000
-0.00209528000000000
-0.00371072000000000
-0.00570625000000000
-0.00823291000000000
-0.0112999000000000
-0.0133372000000000
-0.0135871000000000
-0.0134468000000000
-0.0140390000000000
-0.0148460000000000
-0.0154833000000000
-0.0162009000000000
-0.0163276000000000
-0.0151496000000000
-0.0138893000000000
-0.0139745000000000
-0.0140956000000000
-0.0121843000000000
-0.00887954000000000
-0.00632538000000000
-0.00476939000000000
-0.00328629000000000
-0.00226736000000000
-0.00261187000000000
-0.00358912000000000
-0.00398756000000000
-0.00404399000000000
-0.00449913000000000
-0.00520835000000000
-0.00590847000000000
-0.00666553000000000
-0.00695483000000000
-0.00611020000000000
-0.00464658000000000
-0.00332474000000000
-0.00163863000000000
0.000862031000000000
0.00290218000000000
0.00336900000000000
0.00335596000000000
0.00393614000000000
0.00378619000000000
0.00149742000000000
-0.00131861000000000
-0.00207294000000000
-0.000486370000000000
0.00194197000000000
0.00414954000000000
0.00527645000000000
0.00437554000000000
0.00213403000000000
0.000989352000000000
0.00205103000000000
0.00348107000000000
0.00322850000000000
0.00146498000000000
-0.000428903000000000
-0.00158729000000000
-0.00156573000000000
-0.000365350000000000
0.000869622000000000
0.000781686000000000
-0.000382171000000000
-0.00142882000000000
-0.00223571000000000
-0.00329116000000000
-0.00400589000000000
-0.00348801000000000
-0.00258924000000000
-0.00312051000000000
-0.00534054000000000
-0.00744521000000000
-0.00765216000000000
-0.00555415000000000
-0.00229400000000000
0.000133071000000000
0.000358490000000000
-0.000995368000000000
-0.00216682000000000
-0.00209443000000000
-0.000694852000000000
0.00160261000000000
0.00366775000000000
0.00395318000000000
0.00261015000000000
0.00175349000000000
0.00239991000000000
0.00294944000000000
0.00260063000000000
0.00330648000000000
0.00600300000000000
0.00770228000000000
0.00551276000000000
0.00132899000000000
-0.000661339000000000
0.000591270000000000
0.00278782000000000
0.00407714000000000
0.00428280000000000
0.00370542000000000
0.00271836000000000
0.00212350000000000
0.00221852000000000
0.00241194000000000
0.00219246000000000
0.00163641000000000
0.000412555000000000
-0.00200878000000000
-0.00507637000000000
-0.00743232000000000
-0.00843556000000000
-0.00819495000000000
-0.00684247000000000
-0.00506707000000000
-0.00415340000000000
-0.00422466000000000
-0.00385644000000000
-0.00289845000000000
-0.00331107000000000
-0.00551555000000000
-0.00677136000000000
-0.00548691000000000
-0.00417582000000000
-0.00528862000000000
-0.00697058000000000
-0.00621603000000000
-0.00381018000000000
-0.00240929000000000
-0.00193295000000000
-0.000504773000000000
0.00182389000000000
0.00350076000000000
0.00411617000000000
0.00422508000000000
0.00393106000000000
0.00342557000000000
0.00360545000000000
0.00462438000000000
0.00540270000000000
0.00563034000000000
0.00616899000000000
0.00672424000000000
0.00568212000000000
0.00315424000000000
0.00161916000000000
0.00270525000000000
0.00509564000000000
0.00654458000000000
0.00637909000000000
0.00542017000000000
0.00470308000000000
0.00493101000000000
0.00607704000000000
0.00737789000000000
0.00827587000000000
0.00904137000000000
0.0100360000000000
0.0108753000000000
0.0106533000000000
0.00868619000000000
0.00515951000000000
0.00134360000000000
-0.00113178000000000
-0.00171676000000000
-0.00126541000000000
-0.000641611000000000
-8.26155000000000e-06
0.000371551000000000
-8.75709000000000e-05
-0.000690484000000000
0.000278223000000000
0.00279791000000000
0.00441005000000000
0.00375626000000000
0.00245512000000000
0.00213603000000000
0.00196281000000000
0.000660122000000000
-0.000892537000000000
-0.00121685000000000
-0.000757912000000000
-0.00101477000000000
-0.00240557000000000
-0.00436422000000000
-0.00614715000000000
-0.00653806000000000
-0.00496323000000000
-0.00319921000000000
-0.00375010000000000
-0.00603737000000000
-0.00697588000000000
-0.00558860000000000
-0.00415147000000000
-0.00422773000000000
-0.00468990000000000
-0.00448474000000000
-0.00446562000000000
-0.00521200000000000
-0.00560922000000000
-0.00451661000000000
-0.00240793000000000
-0.000551090000000000
0.000198014000000000
1.01649000000000e-05
5.58888000000000e-05
0.00154132000000000
0.00384906000000000
0.00492184000000000
0.00400073000000000
0.00244338000000000
0.000984555000000000
-0.00120368000000000
-0.00409970000000000
-0.00588706000000000
-0.00552615000000000
-0.00407972000000000
-0.00281947000000000
-0.00179481000000000
-0.00110006000000000
-0.00142746000000000
-0.00251184000000000
-0.00276913000000000
-0.00162288000000000
-0.000277529000000000
0.000259669000000000
0.000340946000000000
0.000487279000000000
0.000815915000000000
0.00160648000000000
0.00292753000000000
0.00383174000000000
0.00320952000000000
0.00153501000000000
0.000436365000000000
0.000396951000000000
0.000122530000000000
-0.00138134000000000
-0.00329051000000000
-0.00435527000000000
-0.00459287000000000
-0.00481729000000000
-0.00483441000000000
-0.00361526000000000
-0.00103418000000000
0.00126362000000000
0.00176280000000000
0.000954336000000000
0.000874276000000000
0.00268792000000000
0.00547180000000000
0.00711072000000000
0.00643280000000000
0.00444478000000000
0.00312230000000000
0.00303229000000000
0.00303652000000000
0.00237420000000000
0.00164221000000000
0.00127128000000000
0.000683961000000000
-0.000241380000000000
-0.000308714000000000
0.00101234000000000
0.00221122000000000
0.00172564000000000
0.000100654000000000
-0.00106841000000000
-0.00131446000000000
-0.00104306000000000
-0.000480498000000000
0.000169857000000000
3.67004000000000e-05
-0.00135356000000000
-0.00299018000000000
-0.00321668000000000
-0.00170501000000000
0.000408731000000000
0.00202360000000000
0.00280157000000000
0.00275359000000000
0.00190616000000000
0.000704283000000000
-0.000149785000000000
-0.000348636000000000
-0.000161457000000000
0.000192242000000000
0.000671852000000000
0.000917600000000000
0.000518021000000000
-0.000404091000000000
-0.00133752000000000
-0.00210552000000000
-0.00264768000000000
-0.00252279000000000
-0.00148782000000000
-0.000592544000000000
-0.00117138000000000
-0.00268742000000000
-0.00302198000000000
-0.00145352000000000
0.000332274000000000
0.000726690000000000
0.000451797000000000
0.00100475000000000
0.00214577000000000
0.00251663000000000
0.00216883000000000
0.00242891000000000
0.00359800000000000
0.00445588000000000
0.00431116000000000
0.00377502000000000
0.00345364000000000
0.00328579000000000
0.00349424000000000
0.00430307000000000
0.00462495000000000
0.00284911000000000
-0.000507645000000000
-0.00298152000000000
-0.00339399000000000
-0.00296863000000000
-0.00270131000000000
-0.00223270000000000
-0.00184265000000000
-0.00270425000000000
-0.00412863000000000
-0.00360760000000000
-0.000889959000000000
0.00106655000000000
0.000603257000000000
-0.000187337000000000
0.000808897000000000
0.00244610000000000
0.00271821000000000
0.00177877000000000
0.000968729000000000
0.000788202000000000
0.00138406000000000
0.00282240000000000
0.00405458000000000
0.00343065000000000
0.00122953000000000
-0.000380574000000000
-0.000252136000000000
0.000512944000000000
0.000430994000000000
-0.000861745000000000
-0.00293934000000000
-0.00488009000000000
-0.00550761000000000
-0.00432634000000000
-0.00238673000000000
-0.00102816000000000
-0.000437332000000000
-8.42339000000000e-06
0.000344533000000000
0.000393564000000000
0.000511691000000000
0.00121707000000000
0.00202575000000000
0.00178908000000000
0.000674186000000000
0.000313863000000000
0.00147114000000000
0.00245827000000000
0.00136731000000000
-0.00120089000000000
-0.00302713000000000
-0.00337093000000000
-0.00328292000000000
-0.00325736000000000
-0.00285792000000000
-0.00240428000000000
-0.00288828000000000
-0.00392626000000000
-0.00407385000000000
-0.00312803000000000
-0.00246013000000000
-0.00271642000000000
-0.00305134000000000
-0.00274070000000000
-0.00229357000000000
-0.00224130000000000
-0.00214190000000000
-0.00131303000000000
-6.48278000000000e-05
0.000684297000000000
0.000640823000000000
0.000576153000000000
0.00134833000000000
0.00280729000000000
0.00402451000000000
0.00449849000000000
0.00441148000000000
0.00391366000000000
0.00303372000000000
0.00229336000000000
0.00226063000000000
0.00261946000000000
0.00247739000000000
0.00157204000000000
0.000393936000000000
-0.000680144000000000
-0.00152599000000000
-0.00185482000000000
-0.00157261000000000
-0.00148947000000000
-0.00244517000000000
-0.00385007000000000
-0.00415784000000000
-0.00296777000000000
-0.00148453000000000
-0.000827802000000000
-0.000730127000000000
-0.000495793000000000
-0.000297235000000000
-0.000760203000000000
-0.00168360000000000
-0.00210982000000000
-0.00160354000000000
-0.000625506000000000
0.000117360000000000
0.000259103000000000
-0.000358569000000000
-0.00154053000000000
-0.00249214000000000
-0.00225927000000000
-0.000829736000000000
0.000821071000000000
0.00198114000000000
0.00273547000000000
0.00315088000000000
0.00288535000000000
0.00203664000000000
0.00162123000000000
0.00242648000000000
0.00383460000000000
0.00435591000000000
0.00344154000000000
0.00184458000000000
0.000595588000000000
-1.95565000000000e-05
-0.000233969000000000
-0.000363531000000000
-0.000410578000000000
-1.69327000000000e-05
0.00108803000000000
0.00235788000000000
0.00269308000000000
0.00160834000000000
-0.000277099000000000
-0.00178701000000000
-0.00211154000000000
-0.00123089000000000
5.48956000000000e-05
0.000793430000000000
0.000646810000000000
0.000196825000000000
-0.000191870000000000
-0.000986130000000000
-0.00233045000000000
-0.00306058000000000
-0.00223299000000000
-0.000726547000000000
-8.92465000000000e-05
-0.000534341000000000
-0.00111066000000000
-0.00127063000000000
-0.00107335000000000
-0.000619405000000000
-0.000384276000000000
-0.00120182000000000
-0.00271728000000000
-0.00309566000000000
-0.00174290000000000
-0.000743805000000000
-0.00179453000000000
-0.00322048000000000
-0.00246830000000000
-0.000413357000000000
-0.000198615000000000
-0.00222432000000000
-0.00343302000000000
-0.00206270000000000
-2.86265000000000e-06
0.000691079000000000
0.000799087000000000
0.00168095000000000
0.00236124000000000
0.00140812000000000
5.20456000000000e-05
0.000629416000000000
0.00280479000000000
0.00417166000000000
0.00392855000000000
0.00335883000000000
0.00308714000000000
0.00268470000000000
0.00252379000000000
0.00358454000000000
0.00515371000000000
0.00539217000000000
0.00398305000000000
0.00248756000000000
0.00179675000000000
0.00145037000000000
0.000988493000000000
0.000666058000000000
0.000533231000000000
0.000470272000000000
0.000682729000000000
0.00143226000000000
0.00218659000000000
0.00232107000000000
0.00193123000000000
0.00159216000000000
0.00143970000000000
0.00133057000000000
0.000996298000000000
5.88047000000000e-05
-0.00183119000000000
-0.00404800000000000
-0.00511390000000000
-0.00413987000000000
-0.00205490000000000
-0.000603966000000000
-0.000620916000000000
-0.00159259000000000
-0.00269401000000000
-0.00332617000000000
-0.00288549000000000
-0.00114202000000000
0.000894971000000000
0.00168210000000000
0.000919247000000000
-0.000218608000000000
-0.000739365000000000
-0.000572394000000000
0.000122337000000000
0.00113937000000000
0.00158672000000000
0.000729268000000000
-0.000580972000000000
-0.000921395000000000
-0.000509972000000000
-0.000567539000000000
-0.00106891000000000
-0.00113164000000000
-0.00100418000000000
-0.00154934000000000
-0.00243987000000000
-0.00284668000000000
-0.00307547000000000
-0.00365429000000000
-0.00385222000000000
-0.00302105000000000
-0.00201086000000000
-0.00175500000000000
-0.00168711000000000
-0.00100711000000000
2.33453000000000e-05
0.000987705000000000
0.00199023000000000
0.00265291000000000
0.00219955000000000
0.00117339000000000
0.00104650000000000
0.00184437000000000
0.00202246000000000
0.000964003000000000
-0.000262713000000000
-0.000733994000000000
-0.000630046000000000
-0.000310497000000000
0.000256533000000000
0.000911012000000000
0.00127357000000000
0.00127937000000000
0.000982764000000000
0.000207523000000000
-0.00102029000000000
-0.00199582000000000
-0.00216689000000000
-0.00186893000000000
-0.00171411000000000
-0.00160118000000000
-0.00123433000000000
-0.000919820000000000
-0.000939727000000000
-0.000675260000000000
0.000512242000000000
0.00189392000000000
0.00209149000000000
0.000992288000000000
-0.000326001000000000
-0.00133186000000000
-0.00232322000000000
-0.00324382000000000
-0.00370585000000000
-0.00384291000000000
-0.00396135000000000
-0.00373256000000000
-0.00293333000000000
-0.00212450000000000
-0.00155829000000000
-0.000330670000000000
0.00199181000000000
0.00425301000000000
0.00519875000000000
0.00506391000000000
0.00458263000000000
0.00403840000000000
0.00385086000000000
0.00461285000000000
0.00566536000000000
0.00552379000000000
0.00404900000000000
0.00267202000000000
0.00198937000000000
0.00116100000000000
-0.000202976000000000
-0.00102079000000000
-0.000445724000000000
0.000979112000000000
0.00220248000000000
0.00289852000000000
0.00337788000000000
0.00381269000000000
0.00384384000000000
0.00303480000000000
0.00177297000000000
0.000897764000000000
0.000406590000000000
-0.000659492000000000
-0.00256970000000000
-0.00434883000000000
-0.00539403000000000
-0.00648922000000000
-0.00816201000000000
-0.00919533000000000
-0.00783476000000000
-0.00412949000000000
-0.000178507000000000
0.00181894000000000
0.00172127000000000
0.00148875000000000
0.00282255000000000
0.00506148000000000
0.00626265000000000
0.00593812000000000
0.00511096000000000
0.00413772000000000
0.00241667000000000
0.000130350000000000
-0.00173910000000000
-0.00301167000000000
-0.00419823000000000
-0.00498436000000000
-0.00462574000000000
-0.00354523000000000
-0.00286874000000000
-0.00275194000000000
-0.00256919000000000
-0.00217456000000000
-0.00187136000000000
-0.00162796000000000
-0.00116701000000000
-0.000376722000000000
0.000458950000000000
0.000757267000000000
0.000139817000000000
-0.000463805000000000
0.000634178000000000
0.00358017000000000
0.00613383000000000
0.00636219000000000
0.00500441000000000
0.00407084000000000
0.00415383000000000
0.00437332000000000
0.00382944000000000
0.00213266000000000
-0.000543779000000000
-0.00307798000000000
-0.00382909000000000
-0.00216947000000000
0.000568240000000000
0.00214111000000000
0.00168940000000000
0.000447514000000000
5.32994000000000e-05
0.000556869000000000
0.000879289000000000
0.000568956000000000
0.000153186000000000
-0.000214355000000000
-0.000856732000000000
-0.00128546000000000
-0.000508153000000000
0.00105480000000000
0.00171576000000000
0.00107206000000000
0.000544681000000000
0.000960780000000000
0.00135835000000000
0.000727907000000000
-0.000652531000000000
-0.00199453000000000
-0.00279813000000000
-0.00263880000000000
-0.00134418000000000
0.000364376000000000
0.00107056000000000
0.000148238000000000
-0.00144744000000000
-0.00199890000000000
-0.000710871000000000
0.00151325000000000
0.00280221000000000
0.00222289000000000
0.000721462000000000
-9.45671000000000e-05
0.000308020000000000
0.00135105000000000
0.00220728000000000
0.00214913000000000
0.000847208000000000
-0.000980401000000000
-0.00191712000000000
-0.00168769000000000
-0.00172184000000000
-0.00309903000000000
-0.00484415000000000
-0.00564137000000000
-0.00590167000000000
-0.00661884000000000
-0.00713521000000000
-0.00627082000000000
-0.00455076000000000
-0.00334515000000000
-0.00255215000000000
-0.00147945000000000
-0.000890818000000000
-0.00176739000000000
-0.00283608000000000
-0.00216983000000000
-0.000566214000000000
-0.000425094000000000
-0.00174440000000000
-0.00227323000000000
-0.00127557000000000
-0.000250238000000000
-3.10125000000000e-05
9.95654000000000e-05
0.000484386000000000
0.000524215000000000
0.000119774000000000
-0.000163699000000000
-0.000293727000000000
-0.000475635000000000
-4.01019000000000e-05
0.00169277000000000
0.00350713000000000
0.00330827000000000
0.000982550000000000
-0.00127164000000000
-0.00181651000000000
-0.00123905000000000
-0.000818923000000000
-0.000701161000000000
-0.000273740000000000
0.000439301000000000
0.000950540000000000
0.00120210000000000
0.00167114000000000
0.00257421000000000
0.00369912000000000
0.00461292000000000
0.00491812000000000
0.00444485000000000
0.00361046000000000
0.00308550000000000
0.00297987000000000
0.00254520000000000
0.00126899000000000
-0.000187401000000000
-0.000538365000000000
0.000544273000000000
0.00185761000000000
0.00188160000000000
0.000582548000000000
-0.000438721000000000
4.25101000000000e-05
0.00132599000000000
0.00181909000000000
0.00124407000000000
0.000768510000000000
0.00109519000000000
0.00145317000000000
0.000884660000000000
-0.000418233000000000
-0.00160032000000000
-0.00227875000000000
-0.00266085000000000
-0.00287002000000000
-0.00278137000000000
-0.00232551000000000
-0.00177677000000000
-0.00152198000000000
-0.00162682000000000
-0.00158786000000000
-0.000945814000000000
3.66066000000000e-05
0.000558988000000000
0.000352009000000000
7.53472000000000e-05
0.000395497000000000
0.00101327000000000
0.00110278000000000
0.000506979000000000
-0.000145610000000000
-0.000293633000000000
4.58628000000000e-06
0.000385938000000000
0.000485646000000000
9.61640000000000e-05
-0.000547524000000000
-0.000731488000000000
-0.000154089000000000
0.000529242000000000
0.000563421000000000
0.000202360000000000
0.000109720000000000
0.000276454000000000
0.000314622000000000
0.000432484000000000
0.000908864000000000
0.00104098000000000
-4.19866000000000e-05
-0.00172220000000000
-0.00242318000000000
-0.00175213000000000
-0.000828805000000000
-0.000582254000000000
-0.000721176000000000
-0.000668114000000000
-0.000483720000000000
-0.000655181000000000
-0.00128746000000000
-0.00205776000000000
-0.00247431000000000
-0.00230073000000000
-0.00171755000000000
-0.00120439000000000
-0.00100768000000000
-0.000943236000000000
-0.000672854000000000
-9.36934000000000e-05
0.000717954000000000
0.00172728000000000
0.00291263000000000
0.00395848000000000
0.00437754000000000
0.00403854000000000
0.00348930000000000
0.00325013000000000
0.00308607000000000
0.00232128000000000
0.000913590000000000
-0.000518400000000000
-0.00139180000000000
-0.00156731000000000
-0.00113601000000000
-0.000395992000000000
0.000300837000000000
0.000908649000000000
0.00164400000000000
0.00229486000000000
0.00222268000000000
0.00149004000000000
0.00108022000000000
0.00148525000000000
0.00179889000000000
0.00116215000000000
9.29702000000000e-05
-0.000124149000000000
0.000820856000000000
0.00207738000000000
0.00252387000000000
0.00184823000000000
0.000752254000000000
0.000365586000000000
0.000859525000000000
0.00116680000000000
0.000394832000000000
-0.000896117000000000
-0.00166706000000000
-0.00182059000000000
-0.00187093000000000
-0.00169549000000000
-0.000877284000000000
0.000200334000000000
0.000685894000000000
0.000516897000000000
0.000243013000000000
-6.52589000000000e-05
-0.000578502000000000
-0.000792785000000000
-8.52579000000000e-05
0.000926480000000000
0.000967870000000000
-1.29763000000000e-05
-0.000688128000000000
-0.000345643000000000
0.000234420000000000
0.000134546000000000
-0.000497612000000000
-0.00107679000000000
-0.00135735000000000
-0.00121421000000000
-0.000563013000000000
6.93528000000000e-05
-0.000155643000000000
-0.00116630000000000
-0.00190910000000000
-0.00170380000000000
-0.000926838000000000
-0.000127221000000000
0.000578001000000000
0.00107378000000000
0.000988565000000000
0.000421635000000000
2.11770000000000e-05
0.000111632000000000
0.000307418000000000
0.000181937000000000
-0.000263823000000000
-0.000891892000000000
-0.00156044000000000
-0.00198372000000000
-0.00174784000000000
-0.000913518000000000
-5.32744000000000e-05
0.000317014000000000
0.000189363000000000
-0.000185625000000000
-0.000490487000000000
-0.000368802000000000
0.000247460000000000
0.000853152000000000
0.000783548000000000
4.56401000000000e-05
-0.000695225000000000
-0.00104385000000000
-0.00130715000000000
-0.00172900000000000
-0.00185647000000000
-0.00124285000000000
-0.000335546000000000
7.29554000000000e-05
-6.53613000000000e-05
-0.000117145000000000
5.87138000000000e-05
4.21255000000000e-06
-0.000432312000000000
-0.000651844000000000
-0.000244373000000000
0.000399071000000000
0.000689711000000000
0.000592602000000000
0.000434224000000000
0.000297787000000000
0.000188876000000000
0.000330211000000000
0.000934858000000000
0.00158693000000000
0.00154547000000000
0.000708795000000000
-0.000123368000000000
-0.000343781000000000
-0.000350018000000000
-0.000714087000000000
-0.00105910000000000
-0.000671673000000000
0.000108989000000000
0.000238022000000000
-0.000453966000000000
-0.00108839000000000
-0.00113601000000000
-0.000884159000000000
-0.000604890000000000
-0.000189793000000000
0.000247918000000000
0.000341024000000000
6.30820000000000e-05
-0.000221058000000000
-0.000250446000000000
-7.16879000000000e-05
0.000180606000000000
0.000254778000000000
5.29987000000000e-05
-0.000152671000000000
-1.64071000000000e-05
0.000266014000000000
0.000362350000000000
0.000305778000000000
0.000185697000000000
-0.000236740000000000
-0.000869264000000000
-0.00105115000000000
-0.000479488000000000
0.000203821000000000
0.000449498000000000
0.000423260000000000
0.000322392000000000
-6.91301000000000e-05
-0.000600722000000000
-0.000668608000000000
-0.000211290000000000
0.000210030000000000
0.000460060000000000
0.000891677000000000
0.00129255000000000
0.00108975000000000
0.000422508000000000
2.80536000000000e-05
5.48168000000000e-05
5.01379000000000e-05
-0.000174476000000000
-0.000335869000000000
-0.000301303000000000
-0.000218773000000000
-0.000232422000000000
-0.000339077000000000
-0.000399465000000000
-0.000225118000000000
0.000141758000000000
0.000335016000000000
0.000241165000000000
0.000254914000000000
0.000652138000000000
0.00107356000000000
0.00109626000000000
0.000797010000000000
0.000466527000000000
0.000200384000000000
4.15963000000000e-05
5.30774000000000e-05
0.000144600000000000
0.000171561000000000
0.000280013000000000
0.000517605000000000
0.000401856000000000
-0.000494648000000000
-0.00161901000000000
-0.00201365000000000
-0.00157712000000000
-0.00102623000000000
-0.000804816000000000
-0.000723611000000000
-0.000623766000000000
-0.000497082000000000
-0.000208161000000000
0.000319520000000000
0.000556432000000000
6.59528000000000e-05
-0.000591929000000000
-0.000423146000000000
0.000410679000000000
0.000776816000000000
0.000284990000000000
-0.000202976000000000
-0.000117102000000000
2.12221000000000e-05
-0.000203850000000000
-0.000291499000000000
0.000123705000000000
0.000485353000000000
0.000303294000000000
2.23299000000000e-05
8.28447000000000e-05
-2.63149000000000e-06
-0.000706804000000000
-0.00139760000000000
-0.00126763000000000
-0.000677229000000000
-0.000392146000000000
-0.000262519000000000
0.000273533000000000
0.000906429000000000
0.00104320000000000
0.000990212000000000
0.00147078000000000
0.00221831000000000
0.00230818000000000
0.00152162000000000
0.000511554000000000
-0.000205590000000000
-0.000496173000000000
-0.000303530000000000
0.000159517000000000
0.000384792000000000
0.000281281000000000
0.000281761000000000
0.000409862000000000
0.000148833000000000
-0.000499961000000000
-0.000818851000000000
-0.000519582000000000
-4.27378000000000e-05
0.000436372000000000
0.00106268000000000
0.00141700000000000
0.000976463000000000
0.000400259000000000
0.000814554000000000
0.00186420000000000
0.00219432000000000
0.00162238000000000
0.00126641000000000
0.00144557000000000
0.00145102000000000
0.00110908000000000
0.000996298000000000
0.000967655000000000
0.000332961000000000
-0.000655152000000000
-0.000965793000000000
-0.000429068000000000
0.000212035000000000
0.000550990000000000
0.000589021000000000
-9.30346000000000e-06
-0.00131811000000000
-0.00240614000000000
-0.00240406000000000
-0.00183477000000000
-0.00164522000000000
-0.00170924000000000
-0.00141392000000000
-0.00104721000000000
-0.00125094000000000
-0.00167787000000000
-0.00139201000000000
-0.000375418000000000
0.000455828000000000
0.000459273000000000
-0.000204194000000000
-0.00102193000000000
-0.00140225000000000
-0.000975460000000000
-2.78703000000000e-05
0.000477870000000000
-5.61609000000000e-06
-0.000922111000000000
-0.00126684000000000
-0.000840692000000000
-0.000191376000000000
0.000212257000000000
0.000258523000000000
-0.000171454000000000
-0.00105824000000000
-0.00179338000000000
-0.00162539000000000
-0.000645077000000000
0.000275058000000000
0.000634364000000000
0.000757840000000000
0.00103590000000000
0.00137490000000000
0.00157039000000000
0.00168067000000000
0.00166942000000000
0.00121571000000000
0.000209120000000000
-0.000859668000000000
-0.00139072000000000
-0.00133429000000000
-0.00108144000000000
-0.000874921000000000
-0.000716049000000000
-0.000669188000000000
-0.000832170000000000
-0.00104413000000000
-0.00103132000000000
-0.000724470000000000
-0.000228791000000000
0.000335167000000000
0.000653727000000000
0.000312775000000000
-0.000560263000000000
-0.00109333000000000
-0.000748173000000000
-3.09946000000000e-06
0.000400589000000000
0.000486642000000000
0.000596605000000000
0.000712884000000000
0.000621897000000000
0.000378025000000000
9.40730000000000e-05
-0.000206900000000000
-0.000366152000000000
-0.000232272000000000
4.15498000000000e-05
0.000176853000000000
0.000237356000000000
0.000336198000000000
0.000324125000000000
0.000104191000000000
-1.17024000000000e-05
0.000185446000000000
0.000406425000000000
0.000384584000000000
0.000296920000000000
0.000321475000000000
0.000324325000000000
0.000262612000000000
0.000379106000000000
0.000712211000000000
0.000985987000000000
0.00104392000000000
0.000988350000000000
0.000783691000000000
0.000380059000000000
8.70123000000000e-05
0.000227015000000000
0.000476616000000000
0.000319513000000000
-2.73633000000000e-05
2.12221000000000e-05
0.000304368000000000
0.000122230000000000
-0.000473645000000000
-0.000671887000000000
-0.000259197000000000
4.41671000000000e-05
-0.000139416000000000
-0.000263966000000000
8.17705000000000e-05
0.000464378000000000
0.000399393000000000
5.86229000000000e-05
-0.000117625000000000
-4.04964000000000e-05
0.000155313000000000
0.000316362000000000
0.000346689000000000
0.000220435000000000
0.000121793000000000
0.000176316000000000
0.000176302000000000
-0.000124557000000000
-0.000558924000000000
-0.000806821000000000
-0.000926766000000000
-0.00103819000000000
-0.000888670000000000
-0.000277765000000000
0.000328743000000000
0.000336327000000000
-3.38067000000000e-05
2.73841000000000e-06
0.000633562000000000
0.00120117000000000
0.00119208000000000
0.000833244000000000
0.000539253000000000
0.000370764000000000
0.000234549000000000
0.000173624000000000
0.000225741000000000
0.000274535000000000
0.000243521000000000
0.000242261000000000
0.000348028000000000
0.000395247000000000
0.000281438000000000
0.000221788000000000
0.000377373000000000
0.000451310000000000
0.000117783000000000
-0.000374473000000000
-0.000565548000000000
-0.000564044000000000
-0.000719171000000000
-0.000786054000000000
-0.000321919000000000
0.000322091000000000
0.000439079000000000
0.000154182000000000
0.000166219000000000
0.000512278000000000
0.000571620000000000
0.000266164000000000
0.000160619000000000
0.000432777000000000
0.000601546000000000
0.000374516000000000
-3.06602000000000e-05
-0.000351680000000000
-0.000484092000000000
-0.000407535000000000
-0.000236647000000000
-0.000248906000000000
-0.000401355000000000
-0.000321690000000000
0.000109469000000000
0.000447106000000000
0.000361197000000000
8.23291000000000e-05
-9.07360000000000e-06
0.000102630000000000
0.000194025000000000
0.000181766000000000
0.000142015000000000
0.000146376000000000
0.000150687000000000
8.57735000000000e-05
7.68295000000000e-06
0.000108731000000000
0.000373069000000000
0.000414159000000000
-5.02174000000000e-05
-0.000655725000000000
-0.000906501000000000
-0.000918531000000000
-0.00115004000000000
-0.00144142000000000
-0.00129534000000000
-0.000745666000000000
-0.000278159000000000
3.47090000000000e-05
0.000362607000000000
0.000613769000000000
0.000630913000000000
0.000576461000000000
0.000469685000000000
5.26857000000000e-05
-0.000573353000000000
-0.000760275000000000
-0.000333004000000000
-2.76283000000000e-05
-0.000274163000000000
-0.000534641000000000
-0.000278194000000000
0.000123311000000000
0.000253317000000000
0.000236955000000000
0.000292645000000000
0.000209844000000000
-0.000105581000000000
-0.000302212000000000
-2.65663000000000e-05
0.000514505000000000
0.000878430000000000
0.000929630000000000
0.000911227000000000
0.000993792000000000
0.00103010000000000
0.000770586000000000
0.000302599000000000
1.02466000000000e-05
7.18168000000000e-05
0.000255408000000000
0.000197090000000000
-0.000274055000000000
-0.000979614000000000
-0.00137053000000000
-0.00100095000000000
-0.000202733000000000
0.000112792000000000
-0.000419272000000000
-0.00106862000000000
-0.00106089000000000
-0.000606043000000000
-0.000349209000000000
-0.000292839000000000
-1.12577000000000e-05
0.000436515000000000
0.000587861000000000
0.000328278000000000
8.17705000000000e-05
0.000104585000000000
0.000217470000000000
0.000218601000000000
0.000220993000000000
0.000289795000000000
0.000269637000000000
0.000158722000000000
0.000259383000000000
0.000610898000000000
0.000808682000000000
0.000650734000000000
0.000475499000000000
0.000433006000000000
0.000163613000000000
-0.000515128000000000
-0.00110307000000000
-0.00121048000000000
-0.00108588000000000
-0.000983552000000000
-0.000646674000000000
-4.82682000000000e-05
0.000288256000000000
0.000159173000000000
4.88439000000000e-05
0.000208046000000000
0.000321955000000000
0.000311421000000000
0.000621496000000000
0.00123640000000000
0.00144479000000000
0.000923973000000000
0.000290511000000000
9.33712000000000e-05
0.000170065000000000
0.000252265000000000
0.000345607000000000
0.000353971000000000
3.94473000000000e-05
-0.000427679000000000
-0.000615023000000000
-0.000539246000000000
-0.000577857000000000
-0.000682665000000000
-0.000452133000000000
5.71763000000000e-05
0.000346087000000000
0.000262369000000000
0.000145066000000000
0.000216181000000000
0.000290375000000000
0.000170408000000000
-9.33282000000000e-05
-0.000272895000000000
-0.000195608000000000
7.50464000000000e-05
0.000147422000000000
-0.000262340000000000
-0.000890818000000000
-0.00117998000000000
-0.00101907000000000
-0.000871340000000000
-0.00112033000000000
-0.00151790000000000
-0.00151210000000000
-0.000952688000000000
-0.000330455000000000
-0.000167959000000000
-0.000399866000000000
-0.000542812000000000
-0.000428402000000000
-0.000327913000000000
-0.000397653000000000
-0.000496323000000000
-0.000505052000000000
-0.000528554000000000
-0.000583629000000000
-0.000547610000000000
-0.000333341000000000
3.04761000000000e-05
0.000484064000000000
0.000794432000000000
0.000711344000000000
0.000434231000000000
0.000474318000000000
0.000869264000000000
0.00114016000000000
0.00104728000000000
0.000833531000000000
0.000595502000000000
0.000172671000000000
-0.000342492000000000
-0.000567216000000000
-0.000474626000000000
-0.000401742000000000
-0.000478371000000000
-0.000516102000000000
-0.000406891000000000
-0.000175192000000000
0.000180076000000000
0.000595359000000000
0.000881294000000000
0.000892966000000000
0.000594091000000000
3.26416000000000e-06
-0.000601667000000000
-0.000778249000000000
-0.000480863000000000
-0.000294514000000000
-0.000504780000000000
-0.000664948000000000
-0.000394194000000000
-0.000133916000000000
-0.000304876000000000
-0.000579662000000000
-0.000401785000000000
0.000205518000000000
0.000826871000000000
0.00110178000000000
0.000839188000000000
0.000171361000000000
-0.000320673000000000
-0.000199954000000000
0.000173624000000000
0.000212278000000000
1.78443000000000e-05
5.95810000000000e-05
0.000262662000000000
0.000271578000000000
0.000220857000000000
0.000498249000000000
0.000923257000000000
0.000967082000000000
0.000584467000000000
0.000173079000000000
-0.000109297000000000
-0.000372661000000000
-0.000560700000000000
-0.000505690000000000
-0.000279935000000000
-7.75599000000000e-06
0.000368121000000000
0.000844845000000000
0.00104428000000000
0.000755978000000000
0.000339370000000000
0.000222633000000000
0.000213324000000000
-6.99435000000000e-05
-0.000506871000000000
-0.000675446000000000
-0.000495435000000000
-0.000202854000000000
4.18928000000000e-05
0.000184415000000000
0.000213832000000000
0.000268205000000000
0.000504608000000000
0.000744521000000000
0.000674043000000000
0.000348944000000000
7.89420000000000e-05
-6.63223000000000e-05
-0.000202912000000000
-0.000268814000000000
-0.000268305000000000
-0.000319914000000000
-0.000270804000000000
0.000232379000000000
0.000837469000000000
0.000696020000000000
-0.000179145000000000
-0.000734639000000000
-0.000463856000000000
-9.68443000000000e-05
-0.000176058000000000
-0.000239604000000000
7.96867000000000e-05
0.000266400000000000
1.58314000000000e-05
-0.000141657000000000
0.000142495000000000
0.000386045000000000
0.000257428000000000
0.000164014000000000
0.000339757000000000
0.000251012000000000
-0.000449190000000000
-0.00114353000000000
-0.00108481000000000
-0.000422766000000000
0.000153351000000000
0.000330770000000000
0.000277607000000000
0.000196145000000000
0.000236905000000000
0.000450794000000000
0.000638074000000000
0.000506377000000000
0.000212149000000000
0.000157383000000000
0.000339750000000000
0.000331722000000000
9.14449000000000e-05
4.88912000000000e-05
0.000267045000000000
0.000188891000000000
-0.000360874000000000
-0.000753543000000000
-0.000493652000000000
6.35603000000000e-05
0.000403876000000000
0.000493044000000000
0.000469742000000000
0.000277335000000000
3.95898000000000e-05
9.94651000000000e-05
0.000425036000000000
0.000550309000000000
0.000272308000000000
-8.36180000000000e-05
-0.000276619000000000
-0.000316061000000000
-0.000174132000000000
0.000161801000000000
0.000299190000000000
-4.96108000000000e-05
-0.000450708000000000
-0.000303852000000000
0.000157569000000000
0.000291249000000000
0.000111281000000000
5.48734000000000e-05
2.98095000000000e-05
-0.000295202000000000
-0.000591041000000000
-0.000301503000000000
0.000289931000000000
0.000341168000000000
-0.000250962000000000
-0.000813122000000000
-0.000910367000000000
-0.000719386000000000
-0.000388086000000000
3.26660000000000e-05
0.000232859000000000
-0.000137303000000000
-0.000859382000000000
-0.00127593000000000
-0.00103260000000000
-0.000358218000000000
0.000294679000000000
0.000687842000000000
0.000842554000000000
0.000807179000000000
0.000561309000000000
0.000232587000000000
0.000103081000000000
0.000123547000000000
-0.000188447000000000
-0.000867760000000000
-0.00111367000000000
-0.000511984000000000
6.54622000000000e-05
-0.000190566000000000
-0.000537513000000000
6.29917000000000e-05
0.00105939000000000
0.00115506000000000
0.000439201000000000
2.27603000000000e-05
0.000181730000000000
0.000339922000000000
0.000341046000000000
0.000354881000000000
0.000184802000000000
-0.000267854000000000
-0.000466040000000000
-0.000169048000000000
2.34398000000000e-05
-0.000261044000000000