-0.000108116000000000
-0.000108656000000000
-0.000108783000000000
-0.000109594000000000
-0.000109403000000000
-0.000109031000000000
-0.000107504000000000
-0.000106082000000000
-0.000104565000000000
-0.000105162000000000
-0.000106851000000000
-0.000110281000000000
-0.000112055000000000
-0.000112794000000000
-0.000111977000000000
-0.000113139000000000
-0.000114003000000000
-0.000116053000000000
-0.000119859000000000
-0.000129156000000000
-0.000144203000000000
-0.000165008000000000
-0.000184532000000000
-0.000200349000000000
-0.000209233000000000
-0.000217793000000000
-0.000228386000000000
-0.000246898000000000
-0.000260459000000000
-0.000263596000000000
-0.000259904000000000
-0.000260179000000000
-0.000266905000000000
-0.000278798000000000
-0.000296269000000000
-0.000308637000000000
-0.000308008000000000
-0.000294511000000000
-0.000284892000000000
-0.000302622000000000
-0.000339972000000000
-0.000381406000000000
-0.000408732000000000
-0.000425747000000000
-0.000437820000000000
-0.000445002000000000
-0.000444824000000000
-0.000432118000000000
-0.000404300000000000
-0.000370341000000000
-0.000352557000000000
-0.000351437000000000
-0.000344438000000000
-0.000332286000000000
-0.000327312000000000
-0.000336038000000000
-0.000321908000000000
-0.000261122000000000
-0.000167728000000000
-8.09381000000000e-05
4.85920000000000e-07
7.96806000000000e-05
0.000166117000000000
0.000272854000000000
0.000406609000000000
0.000530464000000000
0.000620715000000000
0.000660502000000000
0.000696067000000000
0.000766505000000000
0.000810679000000000
0.000776294000000000
0.000701410000000000
0.000616654000000000
0.000563251000000000
0.000581194000000000
0.000731724000000000
0.000977221000000000
0.00131224000000000
0.00167856000000000
0.00204591000000000
0.00230847000000000
0.00243959000000000
0.00249851000000000
0.00256194000000000
0.00261342000000000
0.00262913000000000
0.00261806000000000
0.00259731000000000
0.00262628000000000
0.00266497000000000
0.00270094000000000
0.00265999000000000
0.00250929000000000
0.00234312000000000
0.00206485000000000
0.00169920000000000
0.00127655000000000
0.000891984000000000
0.000535740000000000
0.000277785000000000
0.000163713000000000
0.000154523000000000
0.000248831000000000
0.000411930000000000
0.000622311000000000
0.000826751000000000
0.00105432000000000
0.00126422000000000
0.00151754000000000
0.00172909000000000
0.00182779000000000
0.00174714000000000
0.00147814000000000
0.00109727000000000
0.000702590000000000
0.000466801000000000
0.000393338000000000
0.000371465000000000
0.000299323000000000
0.000177740000000000
-5.16621000000000e-06
-0.000240861000000000
-0.000472826000000000
-0.000646477000000000
-0.000825213000000000
-0.00104491000000000
-0.00125130000000000
-0.00137358000000000
-0.00144383000000000
-0.00138614000000000
-0.00111149000000000
-0.000634541000000000
-4.66898000000000e-05
0.000420964000000000
0.000466131000000000
0.000257269000000000
0.000124846000000000
0.000207198000000000
0.000545776000000000
0.00104528000000000
0.00141730000000000
0.00150248000000000
0.00132718000000000
0.00113111000000000
0.00106497000000000
0.00121288000000000
0.00146724000000000
0.00182418000000000
0.00212529000000000
0.00221809000000000
0.00220578000000000
0.00205493000000000
0.00182830000000000
0.00129254000000000
0.000331078000000000
-0.000944634000000000
-0.00238705000000000
-0.00381651000000000
-0.00510832000000000
-0.00621966000000000
-0.00724179000000000
-0.00819379000000000
-0.00909546000000000
-0.00980659000000000
-0.0101512000000000
-0.00992967000000000
-0.00917614000000000
-0.00832004000000000
-0.00758043000000000
-0.00708096000000000
-0.00670504000000000
-0.00648016000000000
-0.00646200000000000
-0.00663994000000000
-0.00706060000000000
-0.00765994000000000
-0.00826793000000000
-0.00848850000000000
-0.00837133000000000
-0.00805779000000000
-0.00765299000000000
-0.00712859000000000
-0.00654398000000000
-0.00595338000000000
-0.00538488000000000
-0.00475099000000000
-0.00393716000000000
-0.00295716000000000
-0.00182862000000000
-0.000699195000000000
0.000276631000000000
0.00106678000000000
0.00161520000000000
0.00201456000000000
0.00243536000000000
0.00313759000000000
0.00397881000000000
0.00490616000000000
0.00580296000000000
0.00665603000000000
0.00747183000000000
0.00816425000000000
0.00868272000000000
0.00899580000000000
0.00909746000000000
0.00900583000000000
0.00889265000000000
0.00878149000000000
0.00859468000000000
0.00818318000000000
0.00743831000000000
0.00640364000000000
0.00530724000000000
0.00432649000000000
0.00341826000000000
0.00247018000000000
0.00149790000000000
0.000476407000000000
-0.000597333000000000
-0.00149200000000000
-0.00219786000000000
-0.00283188000000000
-0.00332750000000000
-0.00353506000000000
-0.00353479000000000
-0.00351564000000000
-0.00357107000000000
-0.00368641000000000
-0.00373419000000000
-0.00368620000000000
-0.00358725000000000
-0.00358704000000000
-0.00369959000000000
-0.00385550000000000
-0.00402725000000000
-0.00420687000000000
-0.00435867000000000
-0.00440051000000000
-0.00418481000000000
-0.00357025000000000
-0.00277939000000000
-0.00202774000000000
-0.00136961000000000
-0.000652428000000000
0.000216463000000000
0.00117015000000000
0.00227376000000000
0.00348635000000000
0.00478801000000000
0.00598514000000000
0.00707329000000000
0.00815938000000000
0.00918725000000000
0.00998816000000000
0.0104964000000000
0.0106763000000000
0.0104667000000000
0.0100348000000000
0.00964037000000000
0.00948434000000000
0.00949393000000000
0.00958298000000000
0.00984833000000000
0.0100322000000000
0.0102861000000000
0.0104396000000000
0.0105263000000000
0.0105967000000000
0.0104746000000000
0.00994772000000000
0.00876495000000000
0.00721835000000000
0.00565573000000000
0.00426305000000000
0.00305759000000000
0.00206737000000000
0.00134760000000000
0.000723761000000000
0.000390701000000000
0.000292778000000000
0.000436872000000000
0.000693230000000000
0.000944107000000000
0.00122584000000000
0.00151453000000000
0.00177296000000000
0.00187488000000000
0.00185502000000000
0.00163241000000000
0.00123360000000000
0.000593348000000000
-0.000391172000000000
-0.00170011000000000
-0.00331060000000000
-0.00504786000000000
-0.00682543000000000
-0.00850268000000000
-0.0100423000000000
-0.0113511000000000
-0.0122245000000000
-0.0125288000000000
-0.0121350000000000
-0.0113899000000000
-0.0106501000000000
-0.0101431000000000
-0.00974660000000000
-0.00932935000000000
-0.00876287000000000
-0.00797526000000000
-0.00704947000000000
-0.00609085000000000
-0.00528726000000000
-0.00480687000000000
-0.00477593000000000
-0.00511468000000000
-0.00568362000000000
-0.00646348000000000
-0.00743757000000000
-0.00855164000000000
-0.00973896000000000
-0.0108200000000000
-0.0116328000000000
-0.0120945000000000
-0.0121836000000000
-0.0119493000000000
-0.0114334000000000
-0.0106872000000000
-0.00972650000000000
-0.00868578000000000
-0.00759126000000000
-0.00645494000000000
-0.00528712000000000
-0.00419052000000000
-0.00336842000000000
-0.00293617000000000
-0.00286664000000000
-0.00287075000000000
-0.00270563000000000
-0.00218620000000000
-0.00133150000000000
-0.000416772000000000
0.000300230000000000
0.000836291000000000
0.00129414000000000
0.00181633000000000
0.00256545000000000
0.00352605000000000
0.00463269000000000
0.00567958000000000
0.00641832000000000
0.00679556000000000
0.00689475000000000
0.00684257000000000
0.00676555000000000
0.00676369000000000
0.00690988000000000
0.00723155000000000
0.00769845000000000
0.00842137000000000
0.00937965000000000
0.0103887000000000
0.0114104000000000
0.0123463000000000
0.0132594000000000
0.0141282000000000
0.0149868000000000
0.0154115000000000
0.0154078000000000
0.0148643000000000
0.0139953000000000
0.0130557000000000
0.0120792000000000
0.0110296000000000
0.00971704000000000
0.00833274000000000
0.00680288000000000
0.00521005000000000
0.00333374000000000
0.00138253000000000
-0.000310928000000000
-0.00131916000000000
-0.00164707000000000
-0.00168687000000000
-0.00186156000000000
-0.00229326000000000
-0.00271341000000000
-0.00289218000000000
-0.00291832000000000
-0.00306107000000000
-0.00324353000000000
-0.00349345000000000
-0.00377505000000000
-0.00409699000000000
-0.00452827000000000
-0.00484087000000000
-0.00503842000000000
-0.00509033000000000
-0.00504780000000000
-0.00495115000000000
-0.00483208000000000
-0.00457106000000000
-0.00403329000000000
-0.00327842000000000
-0.00241603000000000
-0.00147296000000000
-0.000289004000000000
0.00105210000000000
0.00220234000000000
0.00295661000000000
0.00327673000000000
0.00318448000000000
0.00270306000000000
0.00190127000000000
0.000963376000000000
6.71569000000000e-05
-0.000738279000000000
-0.00134147000000000
-0.00159120000000000
-0.00141568000000000
-0.000960953000000000
-0.000367863000000000
0.000309158000000000
0.00100316000000000
0.00169182000000000
0.00243259000000000
0.00316833000000000
0.00381739000000000
0.00426531000000000
0.00449156000000000
0.00443254000000000
0.00422500000000000
0.00408391000000000
0.00396697000000000
0.00382404000000000
0.00361915000000000
0.00338111000000000
0.00324548000000000
0.00325888000000000
0.00344316000000000
0.00352213000000000
0.00326374000000000
0.00262208000000000
0.00192891000000000
0.00121475000000000
0.000586122000000000
7.03073000000000e-05
-0.000296739000000000
-0.000404701000000000
-0.000251319000000000
0.000195771000000000
0.000834393000000000
0.00169022000000000
0.00253708000000000
0.00324773000000000
0.00384934000000000
0.00431002000000000
0.00446153000000000
0.00444248000000000
0.00429662000000000
0.00370225000000000
0.00276289000000000
0.00168440000000000
0.000716181000000000
-0.000188063000000000
-0.00112886000000000
-0.00213088000000000
-0.00312071000000000
-0.00391065000000000
-0.00450484000000000
-0.00494788000000000
-0.00525195000000000
-0.00527422000000000
-0.00503475000000000
-0.00450061000000000
-0.00390958000000000
-0.00321825000000000
-0.00243683000000000
-0.00191180000000000
-0.00160437000000000
-0.00122407000000000
-0.000739056000000000
-0.000149489000000000
0.000464727000000000
0.000788117000000000
0.000940489000000000
0.00108892000000000
0.000920862000000000
0.000424964000000000
-0.000342751000000000
-0.00126460000000000
-0.00227237000000000
-0.00328768000000000
-0.00427877000000000
-0.00519510000000000
-0.00600510000000000
-0.00664447000000000
-0.00706341000000000
-0.00725689000000000
-0.00706905000000000
-0.00665803000000000
-0.00611678000000000
-0.00553399000000000
-0.00509555000000000
-0.00483706000000000
-0.00467350000000000
-0.00454678000000000
-0.00441935000000000
-0.00437120000000000
-0.00447698000000000
-0.00463146000000000
-0.00475463000000000
-0.00489362000000000
-0.00507725000000000
-0.00540533000000000
-0.00587290000000000
-0.00639116000000000
-0.00675769000000000
-0.00711850000000000
-0.00738793000000000
-0.00759031000000000
-0.00745406000000000
-0.00689457000000000
-0.00615839000000000
-0.00539424000000000
-0.00455072000000000
-0.00356581000000000
-0.00268409000000000
-0.00182566000000000
-0.000906361000000000
9.69032000000000e-05
0.00118365000000000
0.00229449000000000
0.00347134000000000
0.00443176000000000
0.00524481000000000
0.00591918000000000
0.00648489000000000
0.00696916000000000
0.00746012000000000
0.00786049000000000
0.00825927000000000
0.00868082000000000
0.00912525000000000
0.00936630000000000
0.00920561000000000
0.00879613000000000
0.00834196000000000
0.00810389000000000
0.00832566000000000
0.00880980000000000
0.00960409000000000
0.0105434000000000
0.0114831000000000
0.0121744000000000
0.0125070000000000
0.0125799000000000
0.0124409000000000
0.0121534000000000
0.0117142000000000
0.0111209000000000
0.0102373000000000
0.00918072000000000
0.00818111000000000
0.00739697000000000
0.00696268000000000
0.00665800000000000
0.00642260000000000
0.00613661000000000
0.00595338000000000
0.00595012000000000
0.00595219000000000
0.00596778000000000
0.00582902000000000
0.00551391000000000
0.00494815000000000
0.00421788000000000
0.00320944000000000
0.00190213000000000
0.000423342000000000
-0.000908670000000000
-0.00176503000000000
-0.00244545000000000
-0.00311712000000000
-0.00384534000000000
-0.00459710000000000
-0.00529912000000000
-0.00587788000000000
-0.00636680000000000
-0.00686877000000000
-0.00742871000000000
-0.00817642000000000
-0.00895846000000000
-0.00954467000000000
-0.00985266000000000
-0.00982992000000000
-0.00945862000000000
-0.00875746000000000
-0.00781104000000000
-0.00669140000000000
-0.00570525000000000
-0.00482669000000000
-0.00400699000000000
-0.00323925000000000
-0.00251014000000000
-0.00182541000000000
-0.00122471000000000
-0.000885027000000000
-0.000688443000000000
-0.000764460000000000
-0.00103597000000000
-0.00139438000000000
-0.00179884000000000
-0.00217469000000000
-0.00263629000000000
-0.00312653000000000
-0.00359950000000000
-0.00403220000000000
-0.00447849000000000
-0.00482798000000000
-0.00495036000000000
-0.00475836000000000
-0.00420573000000000
-0.00355771000000000
-0.00286795000000000
-0.00205332000000000
-0.00111517000000000
-0.000187819000000000
0.000619122000000000
0.00140294000000000
0.00231207000000000
0.00355028000000000
0.00498224000000000
0.00643238000000000
0.00765534000000000
0.00857015000000000
0.00921190000000000
0.00961612000000000
0.00958215000000000
0.00885935000000000
0.00755648000000000
0.00583935000000000
0.00386545000000000
0.00171210000000000
-0.000566932000000000
-0.00289106000000000
-0.00508227000000000
-0.00712319000000000
-0.00905427000000000
-0.0109210000000000
-0.0127097000000000
-0.0143526000000000
-0.0157028000000000
-0.0166558000000000
-0.0172564000000000
-0.0177668000000000
-0.0182484000000000
-0.0187266000000000
-0.0192101000000000
-0.0197168000000000
-0.0202738000000000
-0.0209398000000000
-0.0215652000000000
-0.0220802000000000
-0.0224571000000000
-0.0226657000000000
-0.0227321000000000
-0.0225673000000000
-0.0220598000000000
-0.0210725000000000
-0.0196440000000000
-0.0178719000000000
-0.0157795000000000
-0.0133469000000000
-0.0105698000000000
-0.00751193000000000
-0.00426337000000000
-0.000940713000000000
0.00233855000000000
0.00536547000000000
0.00810362000000000
0.0105329000000000
0.0126957000000000
0.0145312000000000
0.0159552000000000
0.0169548000000000
0.0176179000000000
0.0180592000000000
0.0181517000000000
0.0177236000000000
0.0167644000000000
0.0154873000000000
0.0140609000000000
0.0125526000000000
0.0109399000000000
0.00946588000000000
0.00833468000000000
0.00738279000000000
0.00646984000000000
0.00548845000000000
0.00444391000000000
0.00346806000000000
0.00270827000000000
0.00219304000000000
0.00189494000000000
0.00170915000000000
0.00179529000000000
0.00227789000000000
0.00302374000000000
0.00385901000000000
0.00469092000000000
0.00567908000000000
0.00693608000000000
0.00845872000000000
0.0100182000000000
0.0113585000000000
0.0124041000000000
0.0131374000000000
0.0136081000000000
0.0137774000000000
0.0134236000000000
0.0124647000000000
0.0112272000000000
0.0100189000000000
0.00889699000000000
0.00771275000000000
0.00633597000000000
0.00485230000000000
0.00345520000000000
0.00223404000000000
0.00109455000000000
0.000106662000000000
-0.000625096000000000
-0.00117461000000000
-0.00170121000000000
-0.00222862000000000
-0.00273837000000000
-0.00310741000000000
-0.00329303000000000
-0.00348162000000000
-0.00370560000000000
-0.00397908000000000
-0.00428018000000000
-0.00444481000000000
-0.00419793000000000
-0.00332417000000000
-0.00192197000000000
-0.000347649000000000
0.000999066000000000
0.00199672000000000
0.00266246000000000
0.00332375000000000
0.00428778000000000
0.00545253000000000
0.00652183000000000
0.00719915000000000
0.00731132000000000
0.00699968000000000
0.00668336000000000
0.00635551000000000
0.00573220000000000
0.00467577000000000
0.00319251000000000
0.00132865000000000
-0.000789439000000000
-0.00301940000000000
-0.00549817000000000
-0.00846051000000000
-0.0122093000000000
-0.0168170000000000
-0.0221846000000000
-0.0282562000000000
-0.0347476000000000
-0.0415331000000000
-0.0485433000000000
-0.0556647000000000
-0.0625557000000000
-0.0689754000000000
-0.0750630000000000
-0.0809984000000000
-0.0868471000000000
-0.0926351000000000
-0.0983137000000000
-0.103564000000000
-0.108432000000000
-0.112989000000000
-0.117333000000000
-0.121686000000000
-0.126254000000000
-0.131131000000000
-0.136114000000000
-0.140953000000000
-0.145589000000000
-0.150270000000000
-0.155038000000000
-0.159898000000000
-0.164965000000000
-0.170289000000000
-0.176094000000000
-0.182382000000000
-0.188730000000000
-0.194496000000000
-0.199563000000000
-0.204077000000000
-0.208252000000000
-0.212068000000000
-0.215254000000000
-0.217210000000000
-0.216853000000000
-0.212943000000000
-0.203937000000000
-0.188629000000000
-0.166484000000000
-0.138134000000000
-0.105094000000000
-0.0693207000000000
-0.0328452000000000
0.00253812000000000
0.0360010000000000
0.0678546000000000
0.0986407000000000
0.128931000000000
0.159028000000000
0.189136000000000
0.219109000000000
0.248445000000000
0.276209000000000
0.301106000000000
0.322259000000000
0.339291000000000
0.351845000000000
0.359779000000000
0.363395000000000
0.362834000000000
0.358542000000000
0.350917000000000
0.340571000000000
0.328277000000000
0.315011000000000
0.301950000000000
0.290089000000000
0.279372000000000
0.268771000000000
0.257514000000000
0.245132000000000
0.231846000000000
0.218217000000000
0.204594000000000
0.191551000000000
0.179067000000000
0.167124000000000
0.155339000000000
0.143441000000000
0.131321000000000
0.118860000000000
0.106746000000000
0.0952481000000000
0.0848189000000000
0.0757299000000000
0.0679990000000000
0.0612090000000000
0.0551252000000000
0.0497932000000000
0.0450246000000000
0.0409121000000000
0.0372644000000000
0.0339750000000000
0.0305829000000000
0.0270030000000000
0.0230933000000000
0.0187537000000000
0.0138847000000000
0.00846061000000000
0.00288142000000000
-0.00299789000000000
-0.00893243000000000
-0.0148184000000000
-0.0205955000000000
-0.0261225000000000
-0.0311539000000000
-0.0356138000000000
-0.0393675000000000
-0.0423930000000000
-0.0446715000000000
-0.0461510000000000
-0.0470846000000000
-0.0476671000000000
-0.0473443000000000
-0.0459499000000000
-0.0432920000000000
-0.0393202000000000
-0.0340825000000000
-0.0276926000000000
-0.0202462000000000
-0.0120455000000000
-0.00335381000000000
0.00543688000000000
0.0141675000000000
0.0226575000000000
0.0306164000000000
0.0381520000000000
0.0448406000000000
0.0502549000000000
0.0540204000000000
0.0559311000000000
0.0559392000000000
0.0534895000000000
0.0482903000000000
0.0400919000000000
0.0296357000000000
0.0170374000000000
0.00272757000000000
-0.0129404000000000
-0.0292243000000000
-0.0455272000000000
-0.0613497000000000
-0.0763437000000000
-0.0903089000000000
-0.103169000000000
-0.114901000000000
-0.125581000000000
-0.134767000000000
-0.142368000000000
-0.149105000000000
-0.155234000000000
-0.161131000000000
-0.166605000000000
-0.171865000000000
-0.176267000000000
-0.179558000000000
-0.181657000000000
-0.182544000000000
-0.182762000000000
-0.182025000000000
-0.180885000000000
-0.179356000000000
-0.177982000000000
-0.176288000000000
-0.173989000000000
-0.170725000000000
-0.166236000000000
-0.160762000000000
-0.153865000000000
-0.146032000000000
-0.137010000000000
-0.127032000000000
-0.116403000000000
-0.105752000000000
-0.0955105000000000
-0.0858507000000000
-0.0768494000000000
-0.0684036000000000
-0.0605061000000000
-0.0529837000000000
-0.0458384000000000
-0.0391869000000000
-0.0333098000000000
-0.0279851000000000
-0.0233060000000000
-0.0189979000000000
-0.0148439000000000
-0.0103181000000000
-0.00498333000000000
0.000969531000000000
0.00725179000000000
0.0136431000000000
0.0201816000000000
0.0268066000000000
0.0329552000000000
0.0381611000000000
0.0426168000000000
0.0460708000000000
0.0480995000000000
0.0490840000000000
0.0494584000000000
0.0496479000000000
0.0497975000000000
0.0500591000000000
0.0502175000000000
0.0501579000000000
0.0499492000000000
0.0493950000000000
0.0481277000000000
0.0463549000000000
0.0441739000000000
0.0419168000000000
0.0402492000000000
0.0393049000000000
0.0387911000000000
0.0382603000000000
0.0375994000000000
0.0368425000000000
0.0359923000000000
0.0351918000000000
0.0347483000000000
0.0348606000000000
0.0354361000000000
0.0365252000000000
0.0377611000000000
0.0387926000000000
0.0394930000000000
0.0397192000000000
0.0393515000000000
0.0387132000000000
0.0379985000000000
0.0372193000000000
0.0362508000000000
0.0352802000000000
0.0341377000000000
0.0329589000000000
0.0316260000000000
0.0301386000000000
0.0285988000000000
0.0276558000000000
0.0276684000000000
0.0285576000000000
0.0301092000000000
0.0321075000000000
0.0347023000000000
0.0380541000000000
0.0423569000000000
0.0472290000000000
0.0523313000000000
0.0571599000000000
0.0615009000000000
0.0651615000000000
0.0681999000000000
0.0704552000000000
0.0717910000000000
0.0722544000000000
0.0718812000000000
0.0708759000000000
0.0695095000000000
0.0678988000000000
0.0660319000000000
0.0638301000000000
0.0611253000000000
0.0577199000000000
0.0532418000000000
0.0476281000000000
0.0412163000000000
0.0340333000000000
0.0260537000000000
0.0176932000000000
0.00935126000000000
0.00128243000000000
-0.00614400000000000
-0.0127562000000000
-0.0184268000000000
-0.0230907000000000
-0.0268014000000000
-0.0297239000000000
-0.0318143000000000
-0.0331161000000000
-0.0336011000000000
-0.0335826000000000
-0.0334410000000000
-0.0334847000000000
-0.0336279000000000
-0.0336300000000000
-0.0335016000000000
-0.0333428000000000
-0.0332190000000000
-0.0332386000000000
-0.0334761000000000
-0.0334810000000000
-0.0331485000000000
-0.0327711000000000
-0.0325607000000000
-0.0323968000000000
-0.0319769000000000
-0.0314164000000000
-0.0303222000000000
-0.0289275000000000
-0.0274811000000000
-0.0264447000000000
-0.0253179000000000
-0.0242068000000000
-0.0232797000000000
-0.0226089000000000
-0.0223247000000000
-0.0224716000000000
-0.0228720000000000
-0.0236661000000000
-0.0250856000000000
-0.0272932000000000
-0.0302989000000000
-0.0339142000000000
-0.0380904000000000
-0.0420194000000000
-0.0455644000000000
-0.0486183000000000
-0.0512201000000000
-0.0532118000000000
-0.0545610000000000
-0.0553605000000000
-0.0554931000000000
-0.0548176000000000
-0.0531018000000000
-0.0507559000000000
-0.0479178000000000
-0.0449588000000000
-0.0419437000000000
-0.0390672000000000
-0.0360893000000000
-0.0330921000000000
-0.0301700000000000
-0.0274698000000000
-0.0250613000000000
-0.0227181000000000
-0.0202135000000000
-0.0175608000000000
-0.0150317000000000
-0.0126845000000000
-0.0104462000000000
-0.00821265000000000
-0.00604857000000000
-0.00385816000000000
-0.00164467000000000
0.000685098000000000
0.00303673000000000
0.00512150000000000
0.00684278000000000
0.00846698000000000
0.0102872000000000
0.0122277000000000
0.0140148000000000
0.0152294000000000
0.0154131000000000
0.0145185000000000
0.0129192000000000
0.0110451000000000
0.00911019000000000
0.00741907000000000
0.00596374000000000
0.00440305000000000
0.00241984000000000
-0.000188100000000000
-0.00320989000000000
-0.00629021000000000
-0.00910940000000000
-0.0116000000000000
-0.0138952000000000
-0.0159679000000000
-0.0179571000000000
-0.0199746000000000
-0.0221105000000000
-0.0242964000000000
-0.0265277000000000
-0.0288895000000000
-0.0312684000000000
-0.0334582000000000
-0.0352596000000000
-0.0366332000000000
-0.0376686000000000
-0.0384566000000000
-0.0390225000000000
-0.0393440000000000
-0.0392195000000000
-0.0386825000000000
-0.0375785000000000
-0.0358895000000000
-0.0339528000000000
-0.0314131000000000
-0.0279614000000000
-0.0233645000000000
-0.0176246000000000
-0.0111763000000000
-0.00449676000000000
0.00234390000000000
0.00936755000000000
0.0164275000000000
0.0233413000000000
0.0300841000000000
0.0366922000000000
0.0430868000000000
0.0490220000000000
0.0540890000000000
0.0581922000000000
0.0611293000000000
0.0630549000000000
0.0645049000000000
0.0659334000000000
0.0675570000000000
0.0691445000000000
0.0705280000000000
0.0714524000000000
0.0717024000000000
0.0716129000000000
0.0712927000000000
0.0708124000000000
0.0702454000000000
0.0695086000000000
0.0683426000000000
0.0669123000000000
0.0649462000000000
0.0623142000000000
0.0591873000000000
0.0559837000000000
0.0529003000000000
0.0500226000000000
0.0476771000000000
0.0458314000000000
0.0445230000000000
0.0436268000000000
0.0429679000000000
0.0427111000000000
0.0429120000000000
0.0432813000000000
0.0434156000000000
0.0436476000000000
0.0437992000000000
0.0437510000000000
0.0432606000000000
0.0421687000000000
0.0403933000000000
0.0380150000000000
0.0350637000000000
0.0317905000000000
0.0280368000000000
0.0236348000000000
0.0188712000000000
0.0136495000000000
0.00828926000000000
0.00273438000000000
-0.00282482000000000
-0.00809853000000000
-0.0130988000000000
-0.0179645000000000
-0.0227602000000000
-0.0274508000000000
-0.0319845000000000
-0.0360890000000000
-0.0394776000000000
-0.0419112000000000
-0.0435168000000000
-0.0446301000000000
-0.0454231000000000
-0.0460023000000000
-0.0465084000000000
-0.0469102000000000
-0.0468444000000000
-0.0463184000000000
-0.0452846000000000
-0.0436108000000000
-0.0413755000000000
-0.0385948000000000
-0.0357372000000000
-0.0329832000000000
-0.0302856000000000
-0.0275712000000000
-0.0245746000000000
-0.0211406000000000
-0.0173971000000000
-0.0134552000000000
-0.00928283000000000
-0.00508119000000000
-0.00116829000000000
0.00229473000000000
0.00538788000000000
0.00819780000000000
0.0108852000000000
0.0135219000000000
0.0160452000000000
0.0184875000000000
0.0208078000000000
0.0229594000000000
0.0246271000000000
0.0256754000000000
0.0261014000000000
0.0258276000000000
0.0249298000000000
0.0238531000000000
0.0228919000000000
0.0219493000000000
0.0206721000000000
0.0188223000000000
0.0162778000000000
0.0131125000000000
0.00955970000000000
0.00602145000000000
0.00270126000000000
-0.000352233000000000
-0.00318629000000000
-0.00579430000000000
-0.00812947000000000
-0.0102723000000000
-0.0122844000000000
-0.0143174000000000
-0.0164897000000000
-0.0186231000000000
-0.0204355000000000
-0.0217049000000000
-0.0223626000000000
-0.0226159000000000
-0.0227459000000000
-0.0229992000000000
-0.0234814000000000
-0.0240524000000000
-0.0244782000000000
-0.0245463000000000
-0.0242688000000000
-0.0236078000000000
-0.0226494000000000
-0.0215611000000000
-0.0206465000000000
-0.0196489000000000
-0.0182805000000000
-0.0164837000000000
-0.0143116000000000
-0.0119918000000000
-0.00993581000000000
-0.00820233000000000
-0.00683807000000000
-0.00585286000000000
-0.00494754000000000
-0.00406858000000000
-0.00339393000000000
-0.00310382000000000
-0.00309883000000000
-0.00322297000000000
-0.00340366000000000
-0.00359609000000000
-0.00378945000000000
-0.00392535000000000
-0.00390205000000000
-0.00377841000000000
-0.00362772000000000
-0.00335431000000000
-0.00286741000000000
-0.00206981000000000
-0.00135146000000000
-0.000605676000000000
-3.40963000000000e-05
0.000553213000000000
0.00119149000000000
0.00160597000000000
0.00184669000000000
0.00191642000000000
0.00190636000000000
0.00179676000000000
0.00158984000000000
0.000869450000000000
-0.000290839000000000
-0.00182816000000000
-0.00356020000000000
-0.00549680000000000
-0.00730002000000000
-0.00883170000000000
-0.0101146000000000
-0.0113953000000000
-0.0127812000000000
-0.0139925000000000
-0.0151403000000000
-0.0159283000000000
-0.0166473000000000
-0.0173087000000000
-0.0179721000000000
-0.0185777000000000
-0.0189558000000000
-0.0190512000000000
-0.0190886000000000
-0.0189403000000000
-0.0185075000000000
-0.0179448000000000
-0.0172391000000000
-0.0164100000000000
-0.0153400000000000
-0.0141809000000000
-0.0129575000000000
-0.0117000000000000
-0.0104474000000000
-0.00930746000000000
-0.00825702000000000
-0.00743482000000000
-0.00685710000000000
-0.00641796000000000
-0.00610433000000000
-0.00575123000000000
-0.00543754000000000
-0.00521379000000000
-0.00508079000000000
-0.00490057000000000
-0.00484706000000000
-0.00495175000000000
-0.00521119000000000
-0.00548952000000000
-0.00564926000000000
-0.00580051000000000
-0.00622090000000000
-0.00696531000000000
-0.00772574000000000
-0.00839616000000000
-0.00914105000000000
-0.0101065000000000
-0.0112591000000000
-0.0126451000000000
-0.0141392000000000
-0.0154631000000000
-0.0166801000000000
-0.0180994000000000
-0.0197689000000000
-0.0215876000000000
-0.0232879000000000
-0.0246603000000000
-0.0256981000000000
-0.0265024000000000
-0.0270945000000000
-0.0274715000000000
-0.0276965000000000
-0.0276873000000000
-0.0275755000000000
-0.0273011000000000
-0.0267176000000000
-0.0256590000000000
-0.0241804000000000
-0.0227074000000000
-0.0214527000000000
-0.0201617000000000
-0.0184752000000000
-0.0162914000000000
-0.0137709000000000
-0.0112123000000000
-0.00873036000000000
-0.00623631000000000
-0.00342229000000000
-0.000269810000000000
0.00298518000000000
0.00613179000000000
0.00909723000000000
0.0118397000000000
0.0141456000000000
0.0161049000000000
0.0178604000000000
0.0196350000000000
0.0214053000000000
0.0232179000000000
0.0252340000000000
0.0273521000000000
0.0292183000000000
0.0304900000000000
0.0312928000000000
0.0320418000000000
0.0331975000000000
0.0347296000000000
0.0363548000000000
0.0377695000000000
0.0390245000000000
0.0401146000000000
0.0410609000000000
0.0421318000000000
0.0433648000000000
0.0445725000000000
0.0457130000000000
0.0467870000000000
0.0478224000000000
0.0489918000000000
0.0502976000000000
0.0515437000000000
0.0524562000000000
0.0528980000000000
0.0528728000000000
0.0526468000000000
0.0524161000000000
0.0521757000000000
0.0517262000000000
0.0508231000000000
0.0495227000000000
0.0481577000000000
0.0471266000000000
0.0464732000000000
0.0459059000000000
0.0449822000000000
0.0433624000000000
0.0410758000000000
0.0380537000000000
0.0343741000000000
0.0304047000000000
0.0263673000000000
0.0224100000000000
0.0188358000000000
0.0156744000000000
0.0127934000000000
0.00998320000000000
0.00711373000000000
0.00434963000000000
0.00191414000000000
-0.000154047000000000
-0.00186795000000000
-0.00329787000000000
-0.00474041000000000
-0.00630685000000000
-0.00786472000000000
-0.00931954000000000
-0.0106850000000000
-0.0121684000000000
-0.0137947000000000
-0.0155282000000000
-0.0172465000000000
-0.0186604000000000
-0.0198083000000000
-0.0210519000000000
-0.0225382000000000
-0.0239310000000000
-0.0249771000000000
-0.0255618000000000
-0.0257750000000000
-0.0257065000000000
-0.0252650000000000
-0.0244197000000000
-0.0232777000000000
-0.0218502000000000
-0.0201572000000000
-0.0183133000000000
-0.0162952000000000
-0.0142314000000000
-0.0121548000000000
-0.00997718000000000
-0.00773756000000000
-0.00568415000000000
-0.00389589000000000
-0.00243324000000000
-0.00122237000000000
-7.73881000000000e-05
0.00102545000000000
0.00207329000000000
0.00295272000000000
0.00366051000000000
0.00426385000000000
0.00476010000000000
0.00515926000000000
0.00535570000000000
0.00532756000000000
0.00523516000000000
0.00538820000000000
0.00575404000000000
0.00623953000000000
0.00669371000000000
0.00691870000000000
0.00677504000000000
0.00642077000000000
0.00604031000000000
0.00576042000000000
0.00565645000000000
0.00581775000000000
0.00630305000000000
0.00692285000000000
0.00762987000000000
0.00831846000000000
0.00918064000000000
0.0103413000000000
0.0117608000000000
0.0132909000000000
0.0148252000000000
0.0163023000000000
0.0176403000000000
0.0188046000000000
0.0199262000000000
0.0211672000000000
0.0224568000000000
0.0238456000000000
0.0253022000000000
0.0266936000000000
0.0278614000000000
0.0287679000000000
0.0294040000000000
0.0298353000000000
0.0301799000000000
0.0302966000000000
0.0301992000000000
0.0299300000000000
0.0294592000000000
0.0287286000000000
0.0278080000000000
0.0267807000000000
0.0257723000000000
0.0246946000000000
0.0233623000000000
0.0217123000000000
0.0197257000000000
0.0172021000000000
0.0139120000000000
0.0100123000000000
0.00589635000000000
0.00181434000000000
-0.00241813000000000
-0.00677251000000000
-0.0109936000000000
-0.0147931000000000
-0.0182187000000000
-0.0214815000000000
-0.0246418000000000
-0.0276634000000000
-0.0307191000000000
-0.0337830000000000
-0.0366853000000000
-0.0395906000000000
-0.0424682000000000
-0.0451343000000000
-0.0474098000000000
-0.0491864000000000
-0.0505524000000000
-0.0515506000000000
-0.0523122000000000
-0.0529262000000000
-0.0535125000000000
-0.0539696000000000
-0.0541679000000000
-0.0539744000000000
-0.0533299000000000
-0.0520362000000000
-0.0500805000000000
-0.0476007000000000
-0.0448207000000000
-0.0419096000000000
-0.0390536000000000
-0.0362347000000000
-0.0334959000000000
-0.0310132000000000
-0.0286024000000000
-0.0262744000000000
-0.0243114000000000
-0.0225679000000000
-0.0209903000000000
-0.0195170000000000
-0.0181950000000000
-0.0172274000000000
-0.0166181000000000
-0.0163279000000000
-0.0163295000000000
-0.0164564000000000
-0.0167702000000000
-0.0172774000000000
-0.0180707000000000
-0.0190068000000000
-0.0202562000000000
-0.0215522000000000
-0.0227168000000000
-0.0237089000000000
-0.0246458000000000
-0.0254286000000000
-0.0262480000000000
-0.0274513000000000
-0.0287661000000000
-0.0302012000000000
-0.0315740000000000
-0.0328083000000000
-0.0335200000000000
-0.0336307000000000
-0.0329894000000000
-0.0317105000000000
-0.0300273000000000
-0.0282002000000000
-0.0263467000000000
-0.0244987000000000
-0.0225484000000000
-0.0201500000000000
-0.0172459000000000
-0.0139829000000000
-0.0105836000000000
-0.00748208000000000
-0.00474235000000000
-0.00194450000000000
0.00111531000000000
0.00443744000000000
0.00811194000000000
0.0121874000000000
0.0161930000000000
0.0201906000000000
0.0241892000000000
0.0274407000000000
0.0299261000000000
0.0323166000000000
0.0343730000000000
0.0359826000000000
0.0378710000000000
0.0397742000000000
0.0410440000000000
0.0421116000000000
0.0427120000000000
0.0420825000000000
0.0408289000000000
0.0396236000000000
0.0383775000000000
0.0371608000000000
0.0361873000000000
0.0351660000000000
0.0335475000000000
0.0313971000000000
0.0286112000000000
0.0253688000000000
0.0219677000000000
0.0187841000000000
0.0160322000000000
0.0137372000000000
0.0111973000000000
0.00804050000000000
0.00474784000000000
0.00146509000000000
-0.00170364000000000
-0.00434242000000000
-0.00641351000000000
-0.00837473000000000
-0.0101176000000000
-0.0115152000000000
-0.0128231000000000
-0.0140221000000000
-0.0151010000000000
-0.0162386000000000
-0.0173619000000000
-0.0180817000000000
-0.0185567000000000
-0.0187180000000000
-0.0184495000000000
-0.0178685000000000
-0.0172638000000000
-0.0166571000000000
-0.0162181000000000
-0.0160799000000000
-0.0161084000000000
-0.0161206000000000
-0.0160833000000000
-0.0160454000000000
-0.0159534000000000
-0.0160244000000000
-0.0161792000000000
-0.0164008000000000
-0.0166696000000000
-0.0167379000000000
-0.0165231000000000
-0.0161441000000000
-0.0156981000000000
-0.0151650000000000
-0.0148237000000000
-0.0145057000000000
-0.0139880000000000
-0.0130968000000000
-0.0116976000000000
-0.00973295000000000
-0.00765225000000000
-0.00575621000000000
-0.00404281000000000
-0.00224328000000000
-0.000179272000000000
0.00209318000000000
0.00473647000000000
0.00740200000000000
0.00984405000000000
0.0121187000000000
0.0143557000000000
0.0166675000000000
0.0189961000000000
0.0212952000000000
0.0235244000000000
0.0258277000000000
0.0279915000000000
0.0299677000000000
0.0319387000000000
0.0342110000000000
0.0367857000000000
0.0391715000000000
0.0411700000000000
0.0425753000000000
0.0434799000000000
0.0441024000000000
0.0447966000000000
0.0453535000000000
0.0455419000000000
0.0451491000000000
0.0440890000000000
0.0424707000000000
0.0403465000000000
0.0380363000000000
0.0356043000000000
0.0330483000000000
0.0303364000000000
0.0277163000000000
0.0252244000000000
0.0227370000000000
0.0203905000000000
0.0180136000000000
0.0154937000000000
0.0129875000000000
0.0107708000000000
0.00892804000000000
0.00763990000000000
0.00664359000000000
0.00580505000000000
0.00507054000000000
0.00435057000000000
0.00354638000000000
0.00251184000000000
0.00135360000000000
0.000241494000000000
-0.000693644000000000
-0.00158837000000000
-0.00238836000000000
-0.00316177000000000
-0.00383884000000000
-0.00447216000000000
-0.00505487000000000
-0.00572410000000000
-0.00636441000000000
-0.00670283000000000
-0.00663910000000000
-0.00603525000000000
-0.00522484000000000
-0.00422775000000000
-0.00322101000000000
-0.00236348000000000
-0.00169269000000000
-0.00115485000000000
-0.000579497000000000
0.000128554000000000
0.00106489000000000
0.00229983000000000
0.00366272000000000
0.00495947000000000
0.00625730000000000
0.00755704000000000
0.00875772000000000
0.00976580000000000
0.0104429000000000
0.0109125000000000
0.0114675000000000
0.0123837000000000
0.0134241000000000
0.0144379000000000
0.0152324000000000
0.0158031000000000
0.0162045000000000
0.0164799000000000
0.0167695000000000
0.0170953000000000
0.0173788000000000
0.0175719000000000
0.0175282000000000
0.0170856000000000
0.0163360000000000
0.0153239000000000
0.0142015000000000
0.0130511000000000
0.0120386000000000
0.0110149000000000
0.00986820000000000
0.00859539000000000
0.00712972000000000
0.00527271000000000
0.00296161000000000
0.000400014000000000
-0.00242331000000000
-0.00551692000000000
-0.00875263000000000
-0.0120907000000000
-0.0152591000000000
-0.0181329000000000
-0.0206843000000000
-0.0231328000000000
-0.0254178000000000
-0.0277158000000000
-0.0300509000000000
-0.0323707000000000
-0.0346100000000000
-0.0368233000000000
-0.0388691000000000
-0.0402492000000000
-0.0409952000000000
-0.0414491000000000
-0.0419822000000000
-0.0428462000000000
-0.0439382000000000
-0.0450268000000000
-0.0459526000000000
-0.0465140000000000
-0.0466352000000000
-0.0463985000000000
-0.0458742000000000
-0.0452687000000000
-0.0445129000000000
-0.0438108000000000
-0.0430229000000000
-0.0421303000000000
-0.0408406000000000
-0.0393526000000000
-0.0374437000000000
-0.0349710000000000
-0.0319425000000000
-0.0287482000000000
-0.0261223000000000
-0.0238423000000000
-0.0214748000000000
-0.0187063000000000
-0.0153891000000000
-0.0116079000000000
-0.00771561000000000
-0.00382689000000000
1.72681000000000e-05
0.00384542000000000
0.00743945000000000
0.0108313000000000
0.0139144000000000
0.0170385000000000
0.0201621000000000
0.0232336000000000
0.0262583000000000
0.0291864000000000
0.0321457000000000
0.0350351000000000
0.0375493000000000
0.0395333000000000
0.0410059000000000
0.0420705000000000
0.0431592000000000
0.0441923000000000
0.0449651000000000
0.0452699000000000
0.0454047000000000
0.0454787000000000
0.0456129000000000
0.0457063000000000
0.0456150000000000
0.0453382000000000
0.0449434000000000
0.0445487000000000
0.0442190000000000
0.0439913000000000
0.0436069000000000
0.0428566000000000
0.0417428000000000
0.0403349000000000
0.0385517000000000
0.0363212000000000
0.0337624000000000
0.0310572000000000
0.0283432000000000
0.0259400000000000
0.0237686000000000
0.0214744000000000
0.0187813000000000
0.0157511000000000
0.0126357000000000
0.00967345000000000
0.00693323000000000
0.00409729000000000
0.00111710000000000
-0.00187006000000000
-0.00481343000000000
-0.00768610000000000
-0.0104365000000000
-0.0129810000000000
-0.0155960000000000
-0.0181991000000000
-0.0205721000000000
-0.0226992000000000
-0.0246654000000000
-0.0265177000000000
-0.0282456000000000
-0.0297453000000000
-0.0308779000000000
-0.0317698000000000
-0.0326673000000000
-0.0335235000000000
-0.0338612000000000
-0.0339572000000000
-0.0340574000000000
-0.0343640000000000
-0.0347774000000000
-0.0350288000000000
-0.0350523000000000
-0.0350334000000000
-0.0350745000000000
-0.0350889000000000
-0.0350933000000000
-0.0350061000000000
-0.0348355000000000
-0.0342964000000000
-0.0334865000000000
-0.0325654000000000
-0.0319538000000000
-0.0317067000000000
-0.0315404000000000
-0.0311566000000000
-0.0305537000000000
-0.0300104000000000
-0.0296713000000000
-0.0298270000000000
-0.0299484000000000
-0.0296533000000000
-0.0287420000000000
-0.0273602000000000
-0.0258000000000000
-0.0243203000000000
-0.0230193000000000
-0.0214223000000000
-0.0198594000000000
-0.0185155000000000
-0.0173719000000000
-0.0160784000000000
-0.0143447000000000
-0.0118614000000000
-0.00916596000000000
-0.00628315000000000
-0.00343810000000000
-0.000762439000000000
0.00147026000000000
0.00349620000000000
0.00554119000000000
0.00768170000000000
0.0100977000000000
0.0126828000000000
0.0154675000000000
0.0183093000000000
0.0209549000000000
0.0231678000000000
0.0249833000000000
0.0265478000000000
0.0280495000000000
0.0294323000000000
0.0307012000000000
0.0317910000000000
0.0328075000000000
0.0337047000000000
0.0345178000000000
0.0351532000000000
0.0355911000000000
0.0358109000000000
0.0360129000000000
0.0363866000000000
0.0366362000000000
0.0366633000000000
0.0363042000000000
0.0357764000000000
0.0349975000000000
0.0340502000000000
0.0328681000000000
0.0312375000000000
0.0290253000000000
0.0265470000000000
0.0241419000000000
0.0219415000000000
0.0197498000000000
0.0177009000000000
0.0159049000000000
0.0140762000000000
0.0122377000000000
0.0101601000000000
0.00773993000000000
0.00511857000000000
0.00261583000000000
0.000335414000000000
-0.00162584000000000
-0.00343995000000000
-0.00509274000000000
-0.00648921000000000
-0.00760662000000000
-0.00830049000000000
-0.00894093000000000
-0.00970120000000000
-0.0106066000000000
-0.0115303000000000
-0.0123188000000000
-0.0130746000000000
-0.0140706000000000
-0.0151424000000000
-0.0160573000000000
-0.0167753000000000
-0.0172543000000000
-0.0176141000000000
-0.0178443000000000
-0.0181109000000000
-0.0183466000000000
-0.0186094000000000
-0.0190717000000000
-0.0194089000000000
-0.0195823000000000
-0.0193901000000000
-0.0189155000000000
-0.0184063000000000
-0.0180963000000000
-0.0181189000000000
-0.0185562000000000
-0.0190913000000000
-0.0194048000000000
-0.0193436000000000
-0.0187499000000000
-0.0176753000000000
-0.0163119000000000
-0.0149083000000000
-0.0136531000000000
-0.0129756000000000
-0.0126636000000000
-0.0124421000000000
-0.0120045000000000
-0.0110547000000000
-0.00975090000000000
-0.00821476000000000
-0.00662099000000000
-0.00499972000000000
-0.00354980000000000
-0.00223868000000000
-0.00111236000000000
-0.000172738000000000
0.000678773000000000
0.00150590000000000
0.00233618000000000
0.00295994000000000
0.00344941000000000
0.00373399000000000
0.00378668000000000
0.00351621000000000
0.00338439000000000
0.00359583000000000
0.00397325000000000
0.00438729000000000
0.00469998000000000
0.00496967000000000
0.00518365000000000
0.00535640000000000
0.00541731000000000
0.00547071000000000
0.00542576000000000
0.00514651000000000
0.00485275000000000
0.00445256000000000
0.00393226000000000
0.00319058000000000
0.00233728000000000
0.00132939000000000
0.000276712000000000
-0.000828346000000000
-0.00182608000000000
-0.00262752000000000
-0.00308311000000000
-0.00345049000000000
-0.00392482000000000
-0.00459707000000000
-0.00557734000000000
-0.00686545000000000
-0.00815127000000000
-0.00912441000000000
-0.00968501000000000
-0.00960439000000000
-0.00925490000000000
-0.00900820000000000
-0.00901288000000000
-0.00909808000000000
-0.00905509000000000
-0.00896404000000000
-0.00869030000000000
-0.00839216000000000
-0.00808121000000000
-0.00778407000000000
-0.00748905000000000
-0.00723702000000000
-0.00685956000000000
-0.00638711000000000
-0.00572394000000000
-0.00489835000000000
-0.00409477000000000
-0.00350898000000000
-0.00331219000000000
-0.00315283000000000
-0.00278314000000000
-0.00209746000000000
-0.00130849000000000
-0.000646662000000000
-0.000136606000000000
0.000368815000000000
0.000946836000000000
0.00156675000000000
0.00189040000000000
0.00201743000000000
0.00206377000000000
0.00209169000000000
0.00213828000000000
0.00247585000000000
0.00292780000000000
0.00338108000000000
0.00394634000000000
0.00463612000000000
0.00541096000000000
0.00596605000000000
0.00673969000000000
0.00773606000000000
0.00881479000000000
0.00982221000000000
0.0108153000000000
0.0121259000000000
0.0135076000000000
0.0147615000000000
0.0158083000000000
0.0168572000000000
0.0180839000000000
0.0194276000000000
0.0206196000000000
0.0217906000000000
0.0228174000000000
0.0237752000000000
0.0244916000000000
0.0249497000000000
0.0253189000000000
0.0256848000000000
0.0260417000000000
0.0264940000000000
0.0268872000000000
0.0269703000000000
0.0265477000000000
0.0257467000000000
0.0248791000000000
0.0240094000000000
0.0232050000000000
0.0222885000000000
0.0213729000000000
0.0204220000000000
0.0193184000000000
0.0182223000000000
0.0172854000000000
0.0165234000000000
0.0155846000000000
0.0143761000000000
0.0129691000000000
0.0117557000000000
0.0106838000000000
0.00964713000000000
0.00861234000000000
0.00761790000000000
0.00678499000000000
0.00594581000000000
0.00497577000000000
0.00389136000000000
0.00278704000000000
0.00156016000000000
0.000248425000000000
-0.00114890000000000
-0.00238345000000000
-0.00343101000000000
-0.00432620000000000
-0.00518281000000000
-0.00610445000000000
-0.00719134000000000
-0.00818546000000000
-0.00899933000000000
-0.00964984000000000
-0.0101447000000000
-0.0105709000000000
-0.0108632000000000
-0.0111045000000000
-0.0114725000000000
-0.0121902000000000
-0.0130830000000000
-0.0139299000000000
-0.0143066000000000
-0.0142080000000000
-0.0140763000000000
-0.0141927000000000
-0.0146233000000000
-0.0150958000000000
-0.0153183000000000
-0.0153059000000000
-0.0152034000000000
-0.0150882000000000
-0.0150422000000000
-0.0148015000000000
-0.0143589000000000
-0.0139159000000000
-0.0135369000000000
-0.0131445000000000
-0.0129053000000000
-0.0127779000000000
-0.0126379000000000
-0.0122401000000000
-0.0116804000000000
-0.0111570000000000
-0.0104524000000000
-0.00940295000000000
-0.00811789000000000
-0.00666105000000000
-0.00507726000000000
-0.00375181000000000
-0.00274946000000000
-0.00207294000000000
-0.00146670000000000
-0.000618004000000000
0.000417001000000000
0.00140779000000000
0.00210027000000000
0.00252308000000000
0.00264619000000000
0.00251948000000000
0.00231999000000000
0.00232459000000000
0.00258602000000000
0.00309991000000000
0.00358512000000000
0.00389318000000000
0.00418763000000000
0.00449930000000000
0.00459863000000000
0.00452536000000000
0.00423219000000000
0.00389905000000000
0.00371535000000000
0.00382553000000000
0.00429001000000000
0.00478330000000000
0.00500793000000000
0.00467730000000000
0.00389655000000000
0.00297917000000000
0.00218483000000000
0.00142663000000000
0.000678259000000000
-7.87320000000000e-05
-0.000792855000000000
-0.00145185000000000
-0.00205074000000000
-0.00265664000000000
-0.00340841000000000
-0.00433259000000000
-0.00520460000000000
-0.00583650000000000
-0.00627354000000000
-0.00664797000000000
-0.00706081000000000
-0.00747645000000000
-0.00784864000000000
-0.00821689000000000
-0.00861112000000000
-0.00898520000000000
-0.00934245000000000
-0.00962552000000000
-0.00969066000000000
-0.00968306000000000
-0.00971181000000000
-0.00971054000000000
-0.00962767000000000
-0.00943804000000000
-0.00917189000000000
-0.00894467000000000
-0.00895073000000000
-0.00925697000000000
-0.00961420000000000
-0.00964730000000000
-0.00920785000000000
-0.00851728000000000
-0.00795405000000000
-0.00780447000000000
-0.00797975000000000
-0.00824301000000000
-0.00840179000000000
-0.00836347000000000
-0.00808801000000000
-0.00766406000000000
-0.00728686000000000
-0.00717023000000000
-0.00716698000000000
-0.00703399000000000
-0.00675087000000000
-0.00633481000000000
-0.00593656000000000
-0.00551571000000000
-0.00515717000000000
-0.00483746000000000
-0.00433764000000000
-0.00363724000000000
-0.00289511000000000
-0.00225928000000000
-0.00168042000000000
-0.00103510000000000
-0.000277556000000000
0.000497637000000000
0.00116229000000000
0.00156633000000000
0.00175742000000000
0.00211324000000000
0.00271565000000000
0.00363059000000000
0.00450581000000000
0.00517701000000000
0.00574178000000000
0.00619949000000000
0.00655608000000000
0.00688236000000000
0.00726403000000000
0.00745585000000000
0.00743584000000000
0.00717852000000000
0.00685469000000000
0.00662247000000000
0.00656178000000000
0.00641340000000000
0.00626714000000000
0.00637606000000000
0.00658278000000000
0.00677437000000000
0.00681641000000000
0.00658110000000000
0.00597687000000000
0.00536341000000000
0.00493293000000000
0.00467487000000000
0.00456562000000000
0.00454726000000000
0.00463218000000000
0.00483986000000000
0.00519749000000000
0.00564400000000000
0.00599849000000000
0.00622037000000000
0.00641762000000000
0.00636433000000000
0.00611390000000000
0.00565463000000000
0.00522961000000000
0.00488870000000000
0.00464022000000000
0.00491573000000000
0.00546302000000000
0.00603290000000000
0.00629421000000000
0.00624787000000000
0.00586754000000000
0.00541024000000000
0.00488840000000000
0.00429365000000000
0.00382041000000000
0.00366255000000000
0.00393289000000000
0.00443091000000000
0.00502277000000000
0.00530715000000000
0.00512428000000000
0.00472975000000000
0.00444825000000000
0.00405693000000000
0.00352346000000000
0.00315445000000000
0.00289695000000000
0.00288672000000000
0.00317856000000000
0.00359102000000000
0.00391168000000000
0.00404063000000000
0.00395318000000000
0.00389797000000000
0.00409784000000000
0.00455319000000000
0.00535374000000000
0.00628277000000000
0.00700685000000000
0.00729598000000000
0.00717007000000000
0.00678518000000000
0.00647064000000000
0.00644528000000000
0.00668308000000000
0.00689685000000000
0.00682076000000000
0.00659404000000000
0.00631281000000000
0.00594659000000000
0.00555165000000000
0.00529163000000000
0.00507358000000000
0.00472020000000000
0.00420636000000000
0.00357135000000000
0.00284062000000000
0.00218095000000000
0.00175924000000000
0.00148069000000000
0.00128214000000000
0.00110080000000000
0.000782478000000000
0.000431994000000000
0.000149073000000000
-0.000224483000000000
-0.000815536000000000
-0.00155934000000000
-0.00228370000000000
-0.00291794000000000
-0.00362259000000000
-0.00445454000000000
-0.00528325000000000
-0.00593768000000000
-0.00617512000000000
-0.00601596000000000
-0.00576919000000000
-0.00565732000000000
-0.00568584000000000
-0.00589867000000000
-0.00632920000000000
-0.00683930000000000
-0.00713821000000000
-0.00721687000000000
-0.00717415000000000
-0.00707248000000000
-0.00702303000000000
-0.00709140000000000
-0.00734407000000000
-0.00776481000000000
-0.00824853000000000
-0.00864024000000000
-0.00894824000000000
-0.00917874000000000
-0.00939479000000000
-0.00954547000000000
-0.00958510000000000
-0.00960436000000000
-0.00965599000000000
-0.00977207000000000
-0.00971618000000000
-0.00957846000000000
-0.00946853000000000
-0.00943610000000000
-0.00936563000000000
-0.00939785000000000
-0.00948421000000000
-0.00955526000000000
-0.00963574000000000
-0.00972623000000000
-0.00984604000000000
-0.00996494000000000
-0.0100076000000000
-0.00983571000000000
-0.00936887000000000
-0.00884521000000000
-0.00852560000000000
-0.00836863000000000
-0.00813141000000000
-0.00752404000000000
-0.00657705000000000
-0.00544078000000000
-0.00421521000000000
-0.00309246000000000
-0.00218091000000000
-0.00138521000000000
-0.000554670000000000
0.000509594000000000
0.00171754000000000
0.00298406000000000
0.00420208000000000
0.00523615000000000
0.00614723000000000
0.00696403000000000
0.00783385000000000
0.00883149000000000
0.0100146000000000
0.0111081000000000
0.0121018000000000
0.0129765000000000
0.0139082000000000
0.0149609000000000
0.0160176000000000
0.0168766000000000
0.0175538000000000
0.0182422000000000
0.0190004000000000
0.0197577000000000
0.0203747000000000
0.0206949000000000
0.0206524000000000
0.0203512000000000
0.0199514000000000
0.0197128000000000
0.0196465000000000
0.0196130000000000
0.0193919000000000
0.0190133000000000
0.0185057000000000
0.0179173000000000
0.0171712000000000
0.0163495000000000
0.0154172000000000
0.0146867000000000
0.0141738000000000
0.0135662000000000
0.0126464000000000
0.0115105000000000
0.0103045000000000
0.00917936000000000
0.00826481000000000
0.00744692000000000
0.00661185000000000
0.00557139000000000
0.00447156000000000
0.00341083000000000
0.00250135000000000
0.00182025000000000
0.00140934000000000
0.00117290000000000
0.000903887000000000
0.000464507000000000
-0.000182419000000000
-0.000882588000000000
-0.00155152000000000
-0.00212385000000000
-0.00268861000000000
-0.00319377000000000
-0.00373770000000000
-0.00416552000000000
-0.00459471000000000
-0.00505016000000000
-0.00564014000000000
-0.00638227000000000
-0.00691591000000000
-0.00700819000000000
-0.00668316000000000
-0.00626978000000000
-0.00600544000000000
-0.00605059000000000
-0.00622903000000000
-0.00638525000000000
-0.00640256000000000
-0.00623067000000000
-0.00589752000000000
-0.00556719000000000
-0.00552687000000000
-0.00593239000000000
-0.00655475000000000
-0.00721531000000000
-0.00772135000000000
-0.00792361000000000
-0.00789705000000000
-0.00788196000000000
-0.00805897000000000
-0.00843684000000000
-0.00885618000000000
-0.00904450000000000
-0.00887015000000000
-0.00833747000000000
-0.00770632000000000
-0.00729068000000000
-0.00708971000000000
-0.00695206000000000
-0.00666827000000000
-0.00634563000000000
-0.00613087000000000
-0.00617140000000000
-0.00639842000000000
-0.00670793000000000
-0.00684548000000000
-0.00684214000000000
-0.00679253000000000
-0.00671461000000000
-0.00664440000000000
-0.00655827000000000
-0.00645450000000000
-0.00632599000000000
-0.00616610000000000
-0.00582414000000000
-0.00552103000000000
-0.00540996000000000
-0.00562795000000000
-0.00599168000000000
-0.00630532000000000
-0.00640755000000000
-0.00644195000000000
-0.00667925000000000
-0.00696875000000000
-0.00719722000000000
-0.00719471000000000
-0.00707632000000000
-0.00692198000000000
-0.00698135000000000
-0.00716179000000000
-0.00745058000000000
-0.00757999000000000
-0.00764001000000000
-0.00769493000000000
-0.00778010000000000
-0.00785159000000000
-0.00789050000000000
-0.00799133000000000
-0.00808189000000000
-0.00839989000000000
-0.00893633000000000
-0.00956776000000000
-0.0101627000000000
-0.0106651000000000
-0.0111041000000000
-0.0114528000000000
-0.0118384000000000
-0.0121608000000000
-0.0123441000000000
-0.0123660000000000
-0.0123527000000000
-0.0121515000000000
-0.0118041000000000
-0.0114118000000000
-0.0109975000000000
-0.0104625000000000
-0.00982505000000000
-0.00914475000000000
-0.00846398000000000
-0.00776157000000000
-0.00701936000000000
-0.00639531000000000
-0.00597247000000000
-0.00582339000000000
-0.00583570000000000
-0.00596499000000000
-0.00607531000000000
-0.00616225000000000
-0.00634445000000000
-0.00651402000000000
-0.00663867000000000
-0.00673189000000000
-0.00680498000000000
-0.00684660000000000
-0.00681081000000000
-0.00660772000000000
-0.00616244000000000
-0.00546347000000000
-0.00462375000000000
-0.00375788000000000
-0.00318900000000000
-0.00280113000000000
-0.00235705000000000
-0.00177925000000000
-0.00108215000000000
-0.000302643000000000
0.000530053000000000
0.00142234000000000
0.00234618000000000
0.00311197000000000
0.00380381000000000
0.00436926000000000
0.00475473000000000
0.00492839000000000
0.00498339000000000
0.00492442000000000
0.00480233000000000
0.00459881000000000
0.00436054000000000
0.00408262000000000
0.00369561000000000
0.00340951000000000
0.00316343000000000
0.00292285000000000
0.00258127000000000
0.00217826000000000
0.00177010000000000
0.00141601000000000
0.00122536000000000
0.00106714000000000
0.000720580000000000
0.000195186000000000
-0.000453288000000000
-0.00107432000000000
-0.00142278000000000
-0.00161972000000000
-0.00178641000000000
-0.00189715000000000
-0.00187683000000000
-0.00172578000000000
-0.00134555000000000
-0.000582097000000000
0.000417913000000000
0.00160798000000000
0.00271028000000000
0.00357139000000000
0.00415390000000000
0.00457868000000000
0.00505742000000000
0.00567870000000000
0.00639879000000000
0.00717920000000000
0.00797974000000000
0.00885224000000000
0.00983599000000000
0.0107900000000000
0.0116173000000000
0.0123582000000000
0.0130576000000000
0.0136505000000000
0.0141445000000000
0.0145560000000000
0.0150305000000000
0.0155431000000000
0.0160240000000000
0.0164140000000000
0.0167373000000000
0.0169099000000000
0.0168640000000000
0.0166667000000000
0.0164171000000000
0.0162980000000000
0.0162671000000000
0.0163113000000000
0.0160512000000000
0.0156632000000000
0.0153528000000000
0.0151731000000000
0.0149328000000000
0.0144568000000000
0.0138829000000000
0.0135582000000000
0.0135199000000000
0.0136882000000000
0.0141309000000000
0.0144414000000000
0.0145910000000000
0.0145222000000000
0.0144451000000000
0.0145122000000000
0.0150197000000000
0.0157160000000000
0.0163054000000000
0.0166048000000000
0.0166478000000000
0.0164702000000000
0.0162353000000000
0.0161026000000000
0.0159980000000000
0.0158605000000000
0.0155209000000000
0.0149468000000000
0.0142060000000000
0.0136872000000000
0.0133373000000000
0.0131471000000000
0.0132214000000000
0.0134192000000000
0.0133195000000000
0.0130796000000000
0.0127155000000000
0.0124140000000000
0.0123083000000000
0.0123604000000000
0.0121803000000000
0.0119996000000000
0.0118592000000000
0.0116684000000000
0.0115856000000000
0.0117142000000000
0.0119650000000000
0.0121614000000000
0.0122810000000000
0.0121837000000000
0.0118503000000000
0.0112054000000000
0.0103993000000000
0.00937267000000000
0.00848453000000000
0.00753646000000000
0.00664411000000000
0.00551413000000000
0.00416603000000000
0.00276485000000000
0.00152672000000000
0.000523456000000000
-0.000377159000000000
-0.00139275000000000
-0.00279422000000000
-0.00448476000000000
-0.00623577000000000
-0.00770932000000000
-0.00888925000000000
-0.00981993000000000
-0.0106682000000000
-0.0115387000000000
-0.0125680000000000
-0.0137683000000000
-0.0151024000000000
-0.0164038000000000
-0.0176443000000000
-0.0186184000000000
-0.0192219000000000
-0.0194963000000000
-0.0196662000000000
-0.0200720000000000
-0.0207124000000000
-0.0215026000000000
-0.0222248000000000
-0.0227198000000000
-0.0228640000000000
-0.0227415000000000
-0.0224050000000000
-0.0220028000000000
-0.0214256000000000
-0.0207666000000000
-0.0200732000000000
-0.0194362000000000
-0.0188086000000000
-0.0181717000000000
-0.0175844000000000
-0.0170565000000000
-0.0165500000000000
-0.0159320000000000
-0.0152652000000000
-0.0147137000000000
-0.0144133000000000
-0.0141882000000000
-0.0139700000000000
-0.0135865000000000
-0.0131123000000000
-0.0126434000000000
-0.0122888000000000
-0.0120164000000000
-0.0119323000000000
-0.0121081000000000
-0.0126615000000000
-0.0133065000000000
-0.0137534000000000
-0.0138764000000000
-0.0137418000000000
-0.0134280000000000
-0.0129600000000000
-0.0126299000000000
-0.0124306000000000
-0.0123510000000000
-0.0122885000000000
-0.0123937000000000
-0.0125015000000000
-0.0126654000000000
-0.0128517000000000
-0.0129156000000000
-0.0128425000000000
-0.0125208000000000
-0.0119745000000000
-0.0112584000000000
-0.0106246000000000
-0.0101878000000000
-0.0100430000000000
-0.0100139000000000
-0.00998806000000000
-0.00977266000000000
-0.00957991000000000
-0.00948235000000000
-0.00934890000000000
-0.00899294000000000
-0.00843933000000000
-0.00773685000000000
-0.00694352000000000
-0.00607411000000000
-0.00535150000000000
-0.00479142000000000
-0.00431656000000000
-0.00410941000000000
-0.00404927000000000
-0.00381211000000000
-0.00330033000000000
-0.00261604000000000
-0.00188712000000000
-0.00131097000000000
-0.000928371000000000
-0.000607192000000000
-0.000273130000000000
0.000131621000000000
0.000441565000000000
0.000694798000000000
0.00102026000000000
0.00159096000000000
0.00211764000000000
0.00251850000000000
0.00288883000000000
0.00336702000000000
0.00371281000000000
0.00391259000000000
0.00392101000000000
0.00383772000000000
0.00372161000000000
0.00374838000000000
0.00405866000000000
0.00451079000000000
0.00515839000000000
0.00572929000000000
0.00625745000000000
0.00673185000000000
0.00717642000000000
0.00772966000000000
0.00835114000000000
0.00918103000000000
0.00997740000000000
0.0107094000000000
0.0114954000000000
0.0123481000000000
0.0130730000000000
0.0138156000000000
0.0149423000000000
0.0163730000000000
0.0177177000000000
0.0188478000000000
0.0196839000000000
0.0206276000000000
0.0217255000000000
0.0229116000000000
0.0240483000000000
0.0248462000000000
0.0252741000000000
0.0252918000000000
0.0252093000000000
0.0252371000000000
0.0254349000000000
0.0256980000000000
0.0260578000000000
0.0263553000000000
0.0266765000000000
0.0270011000000000
0.0270623000000000
0.0268658000000000
0.0263629000000000
0.0257681000000000
0.0251080000000000
0.0244431000000000
0.0235570000000000
0.0224850000000000
0.0214065000000000
0.0205202000000000
0.0197651000000000
0.0189984000000000
0.0181271000000000
0.0170831000000000
0.0158764000000000
0.0146102000000000
0.0135242000000000
0.0127058000000000
0.0122636000000000
0.0118694000000000
0.0113151000000000
0.0105941000000000
0.00985127000000000
0.00903539000000000
0.00806353000000000
0.00718742000000000
0.00648141000000000
0.00588688000000000
0.00534200000000000
0.00493260000000000
0.00442053000000000
0.00375677000000000
0.00289027000000000
0.00190675000000000
0.000850841000000000
-0.000137182000000000
-0.000978590000000000
-0.00181187000000000
-0.00263085000000000
-0.00349853000000000
-0.00435493000000000
-0.00520030000000000
-0.00597678000000000
-0.00696651000000000
-0.00819061000000000
-0.00949791000000000
-0.0106233000000000
-0.0114472000000000
-0.0120958000000000
-0.0126317000000000
-0.0130106000000000
-0.0131851000000000
-0.0134701000000000
-0.0139027000000000
-0.0145600000000000
-0.0153822000000000
-0.0161912000000000
-0.0167299000000000
-0.0170527000000000
-0.0171176000000000
-0.0169920000000000
-0.0168750000000000
-0.0168264000000000
-0.0169053000000000
-0.0170524000000000
-0.0171815000000000
-0.0171074000000000
-0.0169013000000000
-0.0164947000000000
-0.0159926000000000
-0.0155049000000000
-0.0151469000000000
-0.0150406000000000
-0.0151492000000000
-0.0153524000000000
-0.0154255000000000
-0.0153016000000000
-0.0150280000000000
-0.0146503000000000
-0.0142399000000000
-0.0139653000000000
-0.0138895000000000
-0.0140616000000000
-0.0142561000000000
-0.0142959000000000
-0.0141503000000000
-0.0137984000000000
-0.0132493000000000
-0.0126338000000000
-0.0120386000000000
-0.0114677000000000
-0.0109469000000000
-0.0104422000000000
-0.00982028000000000
-0.00902195000000000
-0.00819357000000000
-0.00742972000000000
-0.00678306000000000
-0.00637860000000000
-0.00613087000000000
-0.00592573000000000
-0.00586037000000000
-0.00584403000000000
-0.00591901000000000
-0.00613988000000000
-0.00640891000000000
-0.00661613000000000
-0.00679895000000000
-0.00704115000000000
-0.00724571000000000
-0.00733258000000000
-0.00737456000000000
-0.00755271000000000
-0.00788690000000000
-0.00823808000000000
-0.00844315000000000
-0.00849282000000000
-0.00845926000000000
-0.00849883000000000
-0.00859143000000000
-0.00861299000000000
-0.00850538000000000
-0.00830164000000000
-0.00813346000000000
-0.00804122000000000
-0.00802104000000000
-0.00801184000000000
-0.00793615000000000
-0.00770356000000000
-0.00728048000000000
-0.00673731000000000
-0.00614562000000000
-0.00548208000000000
-0.00478916000000000
-0.00406728000000000
-0.00329008000000000
-0.00254766000000000
-0.00199491000000000
-0.00157988000000000
-0.00125553000000000
-0.00100724000000000
-0.000785769000000000
-0.000570606000000000
-0.000429933000000000
-0.000311693000000000
-0.000143699000000000
0.000159012000000000
0.000591536000000000
0.00103721000000000
0.00137184000000000
0.00161373000000000
0.00181758000000000
0.00204728000000000
0.00248155000000000
0.00309059000000000
0.00380083000000000
0.00451728000000000
0.00502178000000000
0.00527832000000000
0.00549459000000000
0.00580861000000000
0.00624250000000000
0.00679316000000000
0.00750277000000000
0.00831733000000000
0.00917089000000000
0.00999421000000000
0.0105543000000000
0.0107834000000000
0.0108038000000000
0.0108888000000000
0.0111317000000000
0.0114891000000000
0.0118585000000000
0.0122690000000000
0.0127078000000000
0.0131719000000000
0.0133882000000000
0.0132597000000000
0.0127675000000000
0.0121476000000000
0.0115207000000000
0.0109914000000000
0.0103895000000000
0.00965894000000000
0.00880513000000000
0.00771846000000000
0.00655954000000000
0.00552943000000000
0.00477792000000000
0.00438023000000000
0.00427505000000000
0.00415386000000000
0.00395566000000000
0.00362249000000000
0.00312196000000000
0.00221133000000000
0.00107534000000000
-0.000162002000000000
-0.00129011000000000
-0.00217817000000000
-0.00288092000000000
-0.00357855000000000
-0.00430143000000000
-0.00487013000000000
-0.00527962000000000
-0.00559032000000000
-0.00590711000000000
-0.00623500000000000
-0.00673767000000000
-0.00741107000000000
-0.00817884000000000
-0.00861908000000000
-0.00862345000000000
-0.00841766000000000
-0.00830176000000000
-0.00844864000000000
-0.00893938000000000
-0.00961513000000000
-0.0100943000000000
-0.0102453000000000
-0.0101361000000000
-0.00979243000000000
-0.00931455000000000
-0.00884037000000000
-0.00837173000000000
-0.00801225000000000
-0.00765460000000000
-0.00735776000000000
-0.00689717000000000
-0.00628158000000000
-0.00551025000000000
-0.00475375000000000
-0.00407138000000000
-0.00355688000000000
-0.00309192000000000
-0.00273695000000000
-0.00257675000000000
-0.00242550000000000
-0.00233075000000000
-0.00228933000000000
-0.00221954000000000
-0.00198293000000000
-0.00147459000000000
-0.000675527000000000
0.000195687000000000
0.000893914000000000
0.00136651000000000
0.00174038000000000
0.00214485000000000
0.00263509000000000
0.00304991000000000
0.00351176000000000
0.00395794000000000
0.00436820000000000
0.00470514000000000
0.00489406000000000
0.00498385000000000
0.00500947000000000
0.00505937000000000
0.00516312000000000
0.00534462000000000
0.00551952000000000
0.00556026000000000
0.00524612000000000
0.00491522000000000
0.00477130000000000
0.00486027000000000
0.00497846000000000
0.00505813000000000
0.00516089000000000
0.00525186000000000
0.00530835000000000
0.00523919000000000
0.00496588000000000
0.00468852000000000
0.00475595000000000
0.00510446000000000
0.00558379000000000
0.00599455000000000
0.00637704000000000
0.00669732000000000
0.00714765000000000
0.00775788000000000
0.00824094000000000
0.00847489000000000
0.00839595000000000
0.00808755000000000
0.00768666000000000
0.00747402000000000
0.00724816000000000
0.00698040000000000
0.00660599000000000
0.00633659000000000
0.00612343000000000
0.00589910000000000
0.00548802000000000
0.00514217000000000
0.00481665000000000
0.00422068000000000
0.00366444000000000
0.00316405000000000
0.00268889000000000
0.00218098000000000
0.00176191000000000
0.00136619000000000
0.00124955000000000
0.00129287000000000
0.00163072000000000
0.00208877000000000
0.00259580000000000
0.00303454000000000
0.00323761000000000
0.00320098000000000
0.00314474000000000
0.00334437000000000
0.00347128000000000
0.00351087000000000
0.00334368000000000
0.00310497000000000
0.00291056000000000
0.00311465000000000
0.00364972000000000
0.00419775000000000
0.00432397000000000
0.00403042000000000
0.00362672000000000
0.00349656000000000
0.00386545000000000
0.00454737000000000
0.00541651000000000
0.00620979000000000
0.00683002000000000
0.00719721000000000
0.00750413000000000
0.00775598000000000
0.00798659000000000
0.00825133000000000
0.00849257000000000
0.00862603000000000
0.00870422000000000
0.00870343000000000
0.00864390000000000
0.00846118000000000
0.00814079000000000
0.00767963000000000
0.00721963000000000
0.00690279000000000
0.00653771000000000
0.00605917000000000
0.00533298000000000
0.00448613000000000
0.00352600000000000
0.00261834000000000
0.00179770000000000
0.00118421000000000
0.000726561000000000
0.000396111000000000
0.000157744000000000
-9.06529000000000e-05
-0.000338903000000000
-0.000629109000000000
-0.00100606000000000
-0.00141900000000000
-0.00182384000000000
-0.00218102000000000
-0.00245988000000000
-0.00271570000000000
-0.00288810000000000
-0.00299081000000000
-0.00307212000000000
-0.00317930000000000
-0.00332793000000000
-0.00348997000000000
-0.00357142000000000
-0.00354495000000000
-0.00351407000000000
-0.00349063000000000
-0.00336400000000000
-0.00317723000000000
-0.00305865000000000
-0.00305800000000000
-0.00294717000000000
-0.00254664000000000
-0.00191457000000000
-0.00124400000000000
-0.000569896000000000
3.61049000000000e-05
0.000411053000000000
0.000583524000000000
0.000640477000000000
0.000708273000000000
0.000866933000000000
0.00115212000000000
0.00146590000000000
0.00179195000000000
0.00203410000000000
0.00225914000000000
0.00240761000000000
0.00258769000000000
0.00268315000000000
0.00263818000000000
0.00244947000000000
0.00224353000000000
0.00193754000000000
0.00154062000000000
0.00101283000000000
0.000267588000000000
-0.000661480000000000
-0.00174800000000000
-0.00261726000000000
-0.00313552000000000
-0.00336136000000000
-0.00350554000000000
-0.00375516000000000
-0.00426754000000000
-0.00499593000000000
-0.00595284000000000
-0.00704582000000000
-0.00800090000000000
-0.00850844000000000
-0.00891897000000000
-0.00931678000000000
-0.00972962000000000
-0.0100965000000000
-0.0104742000000000
-0.0106973000000000
-0.0109486000000000
-0.0111518000000000
-0.0114003000000000
-0.0118005000000000
-0.0121992000000000
-0.0126287000000000
-0.0130781000000000
-0.0134702000000000
-0.0136041000000000
-0.0134749000000000
-0.0131859000000000
-0.0127565000000000
-0.0123512000000000
-0.0120981000000000
-0.0119031000000000
-0.0116661000000000
-0.0114357000000000
-0.0110886000000000
-0.0104466000000000
-0.00957783000000000
-0.00862630000000000
-0.00772261000000000
-0.00680391000000000
-0.00590987000000000
-0.00514039000000000
-0.00439415000000000
-0.00365540000000000
-0.00307284000000000
-0.00270139000000000
-0.00243000000000000
-0.00210950000000000
-0.00164541000000000
-0.00107921000000000
-0.000468422000000000
0.000182903000000000
0.000838270000000000
0.00147111000000000
0.00213635000000000
0.00272109000000000
0.00318785000000000
0.00352454000000000
0.00366279000000000
0.00372162000000000
0.00375894000000000
0.00392173000000000
0.00422012000000000
0.00466194000000000
0.00501362000000000
0.00530496000000000
0.00527808000000000
0.00518922000000000
0.00504387000000000
0.00519655000000000
0.00539420000000000
0.00559210000000000
0.00557115000000000
0.00531842000000000
0.00485236000000000
0.00432317000000000
0.00384853000000000
0.00324086000000000
0.00245032000000000
0.00148096000000000
0.000611860000000000
-0.000180494000000000
-0.000952089000000000
-0.00168949000000000
-0.00226696000000000
-0.00279769000000000
-0.00337000000000000
-0.00401827000000000
-0.00464187000000000
-0.00521480000000000
-0.00572832000000000
-0.00623461000000000
-0.00659398000000000
-0.00681514000000000
-0.00703423000000000
-0.00718293000000000
-0.00723424000000000
-0.00729447000000000
-0.00739617000000000
-0.00749874000000000
-0.00747500000000000
-0.00733118000000000
-0.00716762000000000
-0.00703832000000000
-0.00696845000000000
-0.00697761000000000
-0.00707262000000000
-0.00725501000000000
-0.00748485000000000
-0.00766517000000000
-0.00763705000000000
-0.00748044000000000
-0.00731992000000000
-0.00719922000000000
-0.00714036000000000
-0.00712671000000000
-0.00714331000000000
-0.00716925000000000
-0.00719846000000000
-0.00721930000000000
-0.00722670000000000
-0.00720045000000000
-0.00712688000000000
-0.00698710000000000
-0.00679931000000000
-0.00661677000000000
-0.00653790000000000
-0.00637233000000000
-0.00601252000000000
-0.00555071000000000
-0.00494481000000000
-0.00414441000000000
-0.00326512000000000
-0.00234203000000000
-0.00149361000000000
-0.000772388000000000
-0.000264948000000000
9.28237000000000e-05
0.000465330000000000
0.000964423000000000
0.00158653000000000
0.00238423000000000
0.00308546000000000
0.00356650000000000
0.00394323000000000
0.00427211000000000
0.00463044000000000
0.00496454000000000
0.00532933000000000
0.00561722000000000
0.00595855000000000
0.00625048000000000
0.00651056000000000
0.00673087000000000
0.00697107000000000
0.00736102000000000
0.00769782000000000
0.00786130000000000
0.00798130000000000
0.00812443000000000
0.00826127000000000
0.00852677000000000
0.00889518000000000
0.00935118000000000
0.00971247000000000
0.0100333000000000
0.0104208000000000
0.0109521000000000
0.0116008000000000
0.0122456000000000
0.0128050000000000
0.0132718000000000
0.0136820000000000
0.0140656000000000
0.0144873000000000
0.0148242000000000
0.0149543000000000
0.0148576000000000
0.0146969000000000
0.0145713000000000
0.0145145000000000
0.0145094000000000
0.0145045000000000
0.0144286000000000
0.0142325000000000
0.0139137000000000
0.0135771000000000
0.0133076000000000
0.0131289000000000
0.0130743000000000
0.0132527000000000
0.0135378000000000
0.0136840000000000
0.0136516000000000
0.0135706000000000
0.0134839000000000
0.0133847000000000
0.0131736000000000
0.0127473000000000
0.0122353000000000
0.0118336000000000
0.0114896000000000
0.0110310000000000
0.0104587000000000
0.00982072000000000
0.00917034000000000
0.00848224000000000
0.00781231000000000
0.00718339000000000
0.00657550000000000
0.00603103000000000
0.00556929000000000
0.00512495000000000
0.00447582000000000
0.00362528000000000
0.00279287000000000
0.00215843000000000
0.00160479000000000
0.00105268000000000
0.000416512000000000
-0.000121064000000000
-0.000669607000000000
-0.00134044000000000
-0.00202780000000000
-0.00283102000000000
-0.00356486000000000
-0.00417291000000000
-0.00474180000000000
-0.00535819000000000
-0.00594774000000000
-0.00647922000000000
-0.00689815000000000
-0.00732492000000000
-0.00774914000000000
-0.00812670000000000
-0.00842650000000000
-0.00881130000000000
-0.00937198000000000
-0.0101391000000000
-0.0108424000000000
-0.0112215000000000
-0.0114748000000000
-0.0118739000000000
-0.0123139000000000
-0.0126687000000000
-0.0129680000000000
-0.0132328000000000
-0.0134727000000000
-0.0135736000000000
-0.0136024000000000
-0.0135669000000000
-0.0135643000000000
-0.0136306000000000
-0.0138297000000000
-0.0141079000000000
-0.0143510000000000
-0.0145563000000000
-0.0144275000000000
-0.0139537000000000
-0.0133097000000000
-0.0127993000000000
-0.0123616000000000
-0.0120088000000000
-0.0116178000000000
-0.0110503000000000
-0.0102219000000000
-0.00932110000000000
-0.00857764000000000
-0.00805939000000000
-0.00766103000000000
-0.00728347000000000
-0.00690012000000000
-0.00640777000000000
-0.00587976000000000
-0.00524698000000000
-0.00469169000000000
-0.00420567000000000
-0.00378663000000000
-0.00337933000000000
-0.00287442000000000
-0.00224554000000000
-0.00166072000000000
-0.00103369000000000
-0.000499517000000000
-0.000205604000000000
-8.41124000000000e-05
-3.82133000000000e-05
9.93478000000000e-05
0.000440327000000000
0.00102935000000000
0.00170642000000000
0.00235506000000000
0.00285898000000000
0.00330337000000000
0.00364848000000000
0.00388285000000000
0.00402085000000000
0.00400749000000000
0.00376222000000000
0.00351334000000000
0.00349736000000000
0.00384947000000000
0.00462954000000000
0.00565128000000000
0.00642492000000000
0.00674722000000000
0.00673599000000000
0.00661564000000000
0.00642987000000000
0.00625155000000000
0.00635446000000000
0.00668613000000000
0.00727933000000000
0.00782243000000000
0.00795508000000000
0.00798593000000000
0.00814336000000000
0.00834250000000000
0.00867185000000000
0.00887868000000000
0.00909148000000000
0.00944826000000000
0.00989862000000000
0.0102378000000000
0.0103595000000000
0.0102980000000000
0.0101501000000000
0.0100997000000000
0.0103533000000000
0.0107567000000000
0.0110882000000000
0.0111556000000000
0.0110055000000000
0.0107261000000000
0.0102957000000000
0.00980083000000000
0.00936563000000000
0.00932358000000000
0.00942996000000000
0.00961961000000000
0.00975572000000000
0.00983878000000000
0.00979709000000000
0.00965990000000000
0.00939721000000000
0.00909521000000000
0.00886149000000000
0.00862112000000000
0.00839871000000000
0.00817842000000000
0.00811030000000000
0.00804978000000000
0.00801838000000000
0.00784102000000000
0.00753059000000000
0.00703130000000000
0.00656782000000000
0.00609126000000000
0.00559933000000000
0.00504793000000000
0.00463041000000000
0.00433653000000000
0.00413320000000000
0.00393696000000000
0.00342375000000000
0.00272541000000000
0.00201539000000000
0.00132535000000000
0.000578784000000000
-0.000145539000000000
-0.000905419000000000
-0.00165689000000000
-0.00249842000000000
-0.00314184000000000
-0.00348919000000000
-0.00364387000000000
-0.00374113000000000
-0.00393376000000000
-0.00430853000000000
-0.00481140000000000
-0.00550888000000000
-0.00615125000000000
-0.00671271000000000
-0.00708173000000000
-0.00714421000000000
-0.00694926000000000
-0.00652870000000000
-0.00607055000000000
-0.00584336000000000
-0.00595852000000000
-0.00625684000000000
-0.00677991000000000
-0.00729524000000000
-0.00760441000000000
-0.00755778000000000
-0.00733032000000000
-0.00711613000000000
-0.00700808000000000
-0.00707275000000000
-0.00726811000000000
-0.00750059000000000
-0.00757992000000000
-0.00760309000000000
-0.00758502000000000
-0.00739637000000000
-0.00716762000000000
-0.00697935000000000
-0.00681516000000000
-0.00668984000000000
-0.00659799000000000
-0.00660568000000000
-0.00646198000000000
-0.00635153000000000
-0.00628024000000000
-0.00625183000000000
-0.00615246000000000
-0.00591342000000000
-0.00577232000000000
-0.00572685000000000
-0.00567987000000000
-0.00571799000000000
-0.00587741000000000
-0.00595669000000000
-0.00605043000000000
-0.00605602000000000
-0.00607066000000000
-0.00603195000000000
-0.00602466000000000
-0.00600138000000000
-0.00603715000000000
-0.00615086000000000
-0.00636765000000000
-0.00661913000000000
-0.00678338000000000
-0.00687628000000000
-0.00688448000000000
-0.00683253000000000
-0.00669753000000000
-0.00649319000000000
-0.00622847000000000
-0.00600917000000000
-0.00572903000000000
-0.00537693000000000
-0.00490281000000000
-0.00448121000000000
-0.00413002000000000
-0.00381224000000000
-0.00342795000000000
-0.00301842000000000
-0.00273540000000000
-0.00269006000000000
-0.00278389000000000
-0.00283367000000000
-0.00276774000000000
-0.00253360000000000
-0.00221028000000000
-0.00175976000000000
-0.00119167000000000
-0.000567943000000000
9.64655000000000e-06
0.000532145000000000
0.000890697000000000
0.00107836000000000
0.00123072000000000
0.00140290000000000
0.00151667000000000
0.00155530000000000
0.00149948000000000
0.00139504000000000
0.00132032000000000
0.00122361000000000
0.00115104000000000
0.00121511000000000
0.00158869000000000
0.00220851000000000
0.00271636000000000
0.00285913000000000
0.00258584000000000
0.00214299000000000
0.00184069000000000
0.00188987000000000
0.00217895000000000
0.00241360000000000
0.00239671000000000
0.00218921000000000
0.00205154000000000
0.00211517000000000
0.00240539000000000
0.00277205000000000
0.00303857000000000
0.00318653000000000
0.00333196000000000
0.00349794000000000
0.00366840000000000
0.00379212000000000
0.00405008000000000
0.00439876000000000
0.00493813000000000
0.00569685000000000
0.00655854000000000
0.00740852000000000
0.00806433000000000
0.00843379000000000
0.00852046000000000
0.00852641000000000
0.00855233000000000
0.00855695000000000
0.00864421000000000
0.00878623000000000
0.00901996000000000
0.00923762000000000
0.00931793000000000
0.00908417000000000
0.00871036000000000
0.00849989000000000
0.00843283000000000
0.00837951000000000
0.00826611000000000
0.00799827000000000
0.00760065000000000
0.00714073000000000
0.00660581000000000
0.00615436000000000
0.00568704000000000
0.00537917000000000
0.00503660000000000
0.00448162000000000
0.00375414000000000
0.00314841000000000
0.00265055000000000
0.00230482000000000
0.00206196000000000
0.00172362000000000
0.00116968000000000
0.000678686000000000
0.000408206000000000
0.000260022000000000
0.000109705000000000
-0.000265420000000000
-0.000685531000000000
-0.00121179000000000
-0.00178076000000000
-0.00233872000000000
-0.00289502000000000
-0.00329167000000000
-0.00357227000000000
-0.00385774000000000
-0.00428028000000000
-0.00486407000000000
-0.00571156000000000
-0.00663788000000000
-0.00747857000000000
-0.00816473000000000
-0.00877151000000000
-0.00923985000000000
-0.00963021000000000
-0.0100072000000000
-0.0103701000000000
-0.0107763000000000
-0.0111356000000000
-0.0114783000000000
-0.0116545000000000
-0.0117499000000000
-0.0119302000000000
-0.0122344000000000
-0.0125529000000000
-0.0128180000000000
-0.0130470000000000
-0.0132297000000000
-0.0132880000000000
-0.0132447000000000
-0.0131389000000000
-0.0130087000000000
-0.0128745000000000
-0.0127465000000000
-0.0126173000000000
-0.0123138000000000
-0.0117771000000000
-0.0110722000000000
-0.0103260000000000
-0.00962864000000000
-0.00900426000000000
-0.00851573000000000
-0.00817870000000000
-0.00788037000000000
-0.00748852000000000
-0.00692013000000000
-0.00624451000000000
-0.00556682000000000
-0.00498433000000000
-0.00452614000000000
-0.00409941000000000
-0.00358313000000000
-0.00296574000000000
-0.00241305000000000
-0.00199729000000000
-0.00153261000000000
-0.00103914000000000
-0.000476824000000000
0.000180413000000000
0.000781246000000000
0.00119342000000000
0.00147642000000000
0.00173940000000000
0.00209992000000000
0.00255904000000000
0.00307490000000000
0.00363158000000000
0.00417882000000000
0.00460391000000000
0.00487286000000000
0.00493843000000000
0.00482503000000000
0.00466849000000000
0.00464772000000000
0.00489433000000000
0.00535477000000000
0.00593914000000000
0.00654568000000000
0.00704516000000000
0.00733472000000000
0.00754674000000000
0.00772428000000000
0.00789297000000000
0.00805479000000000
0.00809603000000000
0.00792427000000000
0.00761980000000000
0.00736246000000000
0.00724198000000000
0.00728130000000000
0.00742068000000000
0.00752273000000000
0.00746879000000000
0.00724013000000000
0.00685199000000000
0.00644102000000000
0.00612424000000000
0.00591488000000000
0.00572834000000000
0.00548342000000000
0.00510283000000000
0.00461279000000000
0.00407703000000000
0.00353462000000000
0.00295230000000000
0.00231188000000000
0.00174644000000000
0.00140079000000000
0.00119414000000000
0.000981567000000000
0.000718762000000000
0.000340794000000000
-0.000151743000000000
-0.000622480000000000
-0.000929774000000000
-0.00108339000000000
-0.00112698000000000
-0.00113959000000000
-0.00116279000000000
-0.00121222000000000
-0.00124721000000000
-0.00129774000000000
-0.00138963000000000
-0.00143743000000000
-0.00141725000000000
-0.00135181000000000
-0.00130303000000000
-0.00127992000000000
-0.00119696000000000
-0.00102516000000000
-0.000835313000000000
-0.000780287000000000
-0.000934151000000000
-0.00115065000000000
-0.00126874000000000
-0.00115975000000000
-0.000912049000000000
-0.000715108000000000
-0.000648776000000000
-0.000610497000000000
-0.000516067000000000
-0.000313590000000000
-4.26412000000000e-05
0.000220535000000000
0.000449232000000000
0.000641831000000000
0.000760139000000000
0.000802151000000000
0.000812538000000000
0.000828750000000000
0.000897364000000000
0.00103130000000000
0.00121387000000000
0.00142346000000000
0.00166437000000000
0.00193022000000000
0.00224858000000000
0.00249658000000000
0.00256892000000000
0.00245729000000000
0.00232962000000000
0.00224537000000000
0.00223464000000000
0.00234717000000000
0.00253876000000000
0.00267072000000000
0.00271115000000000
0.00274658000000000
0.00284902000000000
0.00299766000000000
0.00311976000000000
0.00314379000000000
0.00307159000000000
0.00295648000000000
0.00277101000000000
0.00258250000000000
0.00248429000000000
0.00249461000000000
0.00253755000000000
0.00252517000000000
0.00243334000000000
0.00229404000000000
0.00208888000000000
0.00186396000000000
0.00162913000000000
0.00140604000000000
0.00111656000000000
0.000808850000000000
0.000515541000000000
0.000296929000000000
0.000145477000000000
3.02463000000000e-05
-8.71732000000000e-05
-0.000218093000000000
-0.000380727000000000
-0.000615569000000000
-0.000907641000000000
-0.00122915000000000
-0.00154941000000000
-0.00180221000000000
-0.00192440000000000
-0.00195290000000000
-0.00194364000000000
-0.00197570000000000
-0.00205107000000000
-0.00212886000000000
-0.00220694000000000
-0.00229761000000000
-0.00240109000000000
-0.00252203000000000
-0.00265797000000000
-0.00274450000000000
-0.00274131000000000
-0.00269143000000000
-0.00264615000000000
-0.00262399000000000
-0.00262387000000000
-0.00263228000000000
-0.00265168000000000
-0.00265081000000000
-0.00262299000000000
-0.00257128000000000
-0.00249567000000000
-0.00238997000000000
-0.00227518000000000
-0.00218242000000000
-0.00211134000000000
-0.00206927000000000
-0.00203776000000000
-0.00199770000000000
-0.00193657000000000
-0.00188152000000000
-0.00184752000000000
-0.00185316000000000
-0.00185078000000000
-0.00178297000000000
-0.00164284000000000
-0.00146145000000000
-0.00128960000000000
-0.00115400000000000
-0.00104567000000000
-0.000944262000000000
-0.000861982000000000
-0.000797118000000000
-0.000746420000000000
-0.000698515000000000
-0.000636085000000000
-0.000535748000000000
-0.000402910000000000
-0.000266939000000000
-0.000144620000000000
-4.04142000000000e-05
5.43137000000000e-05
0.000111530000000000
0.000106425000000000
7.94879000000000e-05
7.77228000000000e-05
9.85777000000000e-05
0.000141380000000000
0.000200437000000000
0.000270818000000000
0.000341109000000000
0.000409685000000000
0.000478449000000000
0.000539119000000000
0.000582909000000000
0.000615249000000000
0.000647944000000000
0.000689449000000000
0.000738176000000000
0.000776614000000000
0.000792758000000000
0.000801174000000000
0.000815659000000000
0.000841353000000000
0.000872978000000000
0.000899078000000000
0.000915081000000000
0.000917660000000000
0.000908958000000000
0.000898899000000000
0.000893894000000000
0.000898487000000000
0.000907166000000000
0.000913564000000000
0.000914729000000000
0.000912921000000000
0.000903578000000000
0.000882678000000000
0.000851304000000000
0.000820588000000000
0.000798332000000000
0.000783882000000000
0.000773055000000000
0.000757279000000000
0.000737199000000000
0.000718325000000000
0.000705665000000000
0.000692656000000000
0.000673083000000000
0.000649335000000000
0.000627236000000000
0.000606608000000000
0.000586771000000000
0.000562473000000000
0.000535527000000000
0.000508815000000000
0.000482697000000000
0.000457913000000000
0.000433667000000000
0.000409654000000000
0.000385307000000000
0.000361372000000000
0.000339169000000000
0.000320438000000000
0.000303463000000000
0.000287157000000000
0.000268513000000000
0.000246810000000000
0.000224772000000000
0.000206286000000000
0.000191345000000000
0.000178974000000000
0.000166876000000000
0.000153982000000000
0.000141394000000000
0.000129023000000000
0.000116805000000000
0.000104961000000000
9.42799000000000e-05
8.46627000000000e-05
7.61607000000000e-05
6.90692000000000e-05
6.29306000000000e-05
5.72293000000000e-05
5.24458000000000e-05
4.79116000000000e-05
4.32053000000000e-05
3.84639000000000e-05
3.38913000000000e-05
2.93989000000000e-05
2.52280000000000e-05
2.13468000000000e-05
1.72322000000000e-05
1.33560000000000e-05
1.02458000000000e-05
7.67793000000000e-06
5.41922000000000e-06
3.33351000000000e-06
1.23654000000000e-06
-1.04846000000000e-06
-3.66649000000000e-06
-6.38256000000000e-06
-9.17157000000000e-06
-1.20262000000000e-05
-1.48666000000000e-05
-1.75572000000000e-05
-2.01374000000000e-05
-2.26893000000000e-05
-2.52455000000000e-05
-2.77906000000000e-05
-3.03118000000000e-05
-3.27939000000000e-05
-3.52353000000000e-05
-3.76274000000000e-05
-3.99432000000000e-05
-4.21926000000000e-05
-4.43711000000000e-05
-4.64888000000000e-05
-4.85466000000000e-05
-5.05515000000000e-05
-5.25014000000000e-05
-5.43923000000000e-05
-5.62211000000000e-05
-5.79900000000000e-05
-5.96990000000000e-05
-6.13486000000000e-05
-6.29387000000000e-05
-6.44706000000000e-05
-6.59447000000000e-05
-6.73615000000000e-05
-6.87211000000000e-05
-7.00237000000000e-05
-7.12697000000000e-05
-7.24592000000000e-05
-7.35924000000000e-05