0.000119129000000000
0.000323399000000000
0.000437170000000000
0.000464338000000000
0.000643546000000000
0.000978412000000000
0.00109545000000000
0.000755082000000000
0.000277071000000000
0.000185977000000000
0.000320484000000000
2.01484000000000e-05
-0.000838885000000000
-0.00143245000000000
-0.00106193000000000
-0.000237584000000000
-0.000200080000000000
-0.00126492000000000
-0.00223158000000000
-0.00191865000000000
-0.000634149000000000
0.000253692000000000
0.000249839000000000
-2.62223000000000e-05
-2.57503000000000e-06
0.000114809000000000
6.34435000000000e-05
-3.21530000000000e-05
4.61938000000000e-06
5.50396000000000e-05
-8.38168000000000e-06
-6.23849000000000e-05
-1.70936000000000e-05
3.70235000000000e-07
-6.94601000000000e-05
-9.56781000000000e-05
-4.48938000000000e-05
-5.35906000000000e-05
-0.000129958000000000
-0.000129249000000000
-7.14148000000000e-05
-0.000111694000000000
-0.000195167000000000
-0.000155629000000000
-9.34004000000000e-05
-0.000183821000000000
-0.000267251000000000
-0.000158315000000000
-0.000100105000000000
-0.000321422000000000
-0.000397811000000000
0.000136197000000000
0.000943960000000000
0.00133310000000000
0.00130689000000000
0.00130367000000000
0.00129521000000000
0.000889739000000000
0.000121836000000000
-0.000473785000000000
-0.000589927000000000
-0.000288961000000000
0.000129256000000000
0.000325011000000000
3.66375000000000e-05
-0.000383658000000000
-0.000390950000000000
0.000117589000000000
0.000510035000000000
0.000460986000000000
0.000258047000000000
0.000473484000000000
0.000993311000000000
0.00128096000000000
0.000975547000000000
0.000366747000000000
-0.000117059000000000
-0.000363732000000000
-0.000501275000000000
-0.000615791000000000
-0.000647163000000000
-0.000595055000000000
-0.000565617000000000
-0.000636885000000000
-0.000693792000000000
-0.000646382000000000
-0.000612059000000000
-0.000691528000000000
-0.000753578000000000
-0.000682940000000000
-0.000643818000000000
-0.000765898000000000
-0.000827281000000000
-0.000679868000000000
-0.000653717000000000
-0.000960864000000000
-0.000939519000000000
9.86291000000000e-05
0.00164504000000000
0.00251178000000000
0.00239783000000000
0.00181529000000000
0.00100756000000000
-4.25595000000000e-05
-0.000882648000000000
-0.000858009000000000
-0.000118398000000000
0.000531179000000000
0.000696621000000000
0.000737032000000000
0.00107962000000000
0.00171365000000000
0.00200811000000000
0.00123670000000000
-0.000406270000000000
-0.00167197000000000
-0.00161947000000000
-0.000451452000000000
0.000897547000000000
0.00150608000000000
0.000935365000000000
-0.000393757000000000
-0.00118076000000000
-0.000522484000000000
0.000907503000000000
0.00171895000000000
0.00176780000000000
0.00167161000000000
0.00128469000000000
0.000106164000000000
-0.00128168000000000
-0.00186751000000000
-0.00173844000000000
-0.00159454000000000
-0.00138847000000000
-0.000688864000000000
5.37325000000000e-05
4.92408000000000e-05
-0.000618914000000000
-0.00126348000000000
-0.00168271000000000
-0.00201950000000000
-0.00194057000000000
-0.00100606000000000
0.000386673000000000
0.00126993000000000
0.00121592000000000
0.000568482000000000
-0.000159218000000000
-0.000651382000000000
-0.000688900000000000
-0.000166323000000000
0.000633368000000000
0.00110032000000000
0.00101372000000000
0.000808372000000000
0.000903850000000000
0.000958357000000000
0.000401600000000000
-0.000585250000000000
-0.00105777000000000
-0.000572729000000000
0.000286640000000000
0.000708339000000000
0.000642472000000000
0.000513136000000000
0.000518179000000000
0.000514347000000000
0.000442227000000000
0.000392633000000000
0.000387010000000000
0.000354263000000000
0.000292106000000000
0.000258871000000000
0.000244102000000000
0.000200453000000000
0.000147313000000000
0.000122165000000000
9.91233000000000e-05
4.96311000000000e-05
4.66816000000000e-06
-1.54483000000000e-05
-4.62640000000000e-05
-9.98611000000000e-05
-0.000136190000000000
-0.000152213000000000
-0.000192481000000000
-0.000249266000000000
-0.000273755000000000
-0.000287242000000000
-0.000341621000000000
-0.000398413000000000
-0.000405081000000000
-0.000421613000000000
-0.000496806000000000
-0.000544673000000000
-0.000526710000000000
-0.000559113000000000
-0.000661689000000000
-0.000683793000000000
-0.000630338000000000
-0.000700081000000000
-0.000876918000000000
-0.000821623000000000
-0.000481736000000000
-0.000308157000000000
-0.000509519000000000
-0.000537017000000000
4.76428000000000e-05
0.000760597000000000
0.000781083000000000
4.91376000000000e-05
-0.000766686000000000
-0.00117832000000000
-0.00125847000000000
-0.00109273000000000
-0.000464467000000000
0.000585314000000000
0.00150529000000000
0.00181486000000000
0.00170270000000000
0.00159640000000000
0.00159676000000000
0.00155414000000000
0.00149011000000000
0.00147693000000000
0.00144054000000000
0.00135402000000000
0.00133081000000000
0.00134571000000000
0.00125661000000000
0.00115576000000000
0.00120095000000000
0.00121062000000000
0.00102597000000000
0.000974759000000000
0.00119394000000000
0.000959073000000000
-0.000271456000000000
-0.00171981000000000
-0.00232154000000000
-0.00230708000000000
-0.00240535000000000
-0.00226940000000000
-0.00118706000000000
0.000258692000000000
0.000846477000000000
0.000575351000000000
0.000385112000000000
0.000529797000000000
0.000525635000000000
0.000331930000000000
0.000310521000000000
0.000396200000000000
0.000297864000000000
0.000160242000000000
0.000210523000000000
0.000236552000000000
7.15666000000000e-05
1.06623000000000e-06
0.000156589000000000
7.55154000000000e-05
-0.000435308000000000
-0.000798559000000000
-0.000523200000000000
-8.67535000000000e-05
-7.41258000000000e-05
-0.000315191000000000
-0.000340353000000000
-0.000246781000000000
-0.000333355000000000
-0.000476335000000000
-0.000436425000000000
-0.000410317000000000
-0.000576841000000000
-0.000554973000000000
0.000112840000000000
0.00121857000000000
0.00206484000000000
0.00212300000000000
0.00138231000000000
0.000326930000000000
-0.000294168000000000
-0.000209621000000000
-4.06929000000000e-05
-0.000453350000000000
-0.00102748000000000
-0.00102633000000000
-0.000747705000000000
-0.00124730000000000
-0.00267187000000000
-0.00390355000000000
-0.00388572000000000
-0.00268849000000000
-0.00115497000000000
-4.21126000000000e-05
0.000420782000000000
0.000420101000000000
5.31867000000000e-05
-0.000707601000000000
-0.00146726000000000
-0.00150866000000000
-0.000799347000000000
-0.000128476000000000
5.54723000000000e-05
0.000111078000000000
8.16752000000000e-05
-0.000533464000000000
-0.00147098000000000
-0.00159984000000000
-0.000770553000000000
-0.000116006000000000
-0.000171158000000000
-0.000267989000000000
-0.000161732000000000
-0.000491291000000000
-0.00134872000000000
-0.00194236000000000
-0.00201885000000000
-0.00199658000000000
-0.00182675000000000
-0.00116349000000000
-0.000477051000000000
-0.000434011000000000
-0.000699844000000000
-0.000596839000000000
-0.000462182000000000
-0.000981134000000000
-0.00188377000000000
-0.00239518000000000
-0.00241000000000000
-0.00217414000000000
-0.00156639000000000
-0.000554672000000000
0.000377226000000000
0.000763104000000000
0.000711698000000000
0.000556169000000000
0.000526659000000000
0.000627860000000000
0.000655594000000000
0.000481191000000000
0.000403054000000000
0.000670141000000000
0.000724713000000000
-8.26135000000000e-05
-0.00113284000000000
-0.00113169000000000
-0.000101107000000000
0.000655286000000000
0.000556055000000000
0.000262209000000000
0.000310850000000000
0.000446940000000000
0.000388249000000000
0.000267373000000000
0.000269099000000000
0.000347738000000000
0.000351340000000000
0.000184824000000000
9.88154000000000e-05
0.000574807000000000
0.00148882000000000
0.00181393000000000
0.00107138000000000
0.000173915000000000
3.76768000000000e-05
0.000240814000000000
0.000132437000000000
-4.66859000000000e-06
0.000158981000000000
0.000173306000000000
-0.000118054000000000
2.34862000000000e-05
0.000782372000000000
0.00118584000000000
0.000696091000000000
6.39098000000000e-05
-0.000106465000000000
-8.60158000000000e-05
-9.01772000000000e-05
2.91905000000000e-05
-3.11022000000000e-05
-0.000550031000000000
-0.000926269000000000
-0.000540440000000000
-8.48626000000000e-05
-0.000213396000000000
-7.79722000000000e-05
0.00123827000000000
0.00275245000000000
0.00308895000000000
0.00269085000000000
0.00277214000000000
0.00305199000000000
0.00241287000000000
0.000996749000000000
-0.000114623000000000
-0.000671237000000000
-0.00122481000000000
-0.00183800000000000
-0.00205130000000000
-0.00167720000000000
-0.000984214000000000
-0.000387304000000000
-0.000211010000000000
-0.000350280000000000
-0.000248636000000000
0.000400784000000000
0.00113406000000000
0.00136655000000000
0.00123089000000000
0.00119107000000000
0.00126807000000000
0.00124787000000000
0.00123741000000000
0.00128784000000000
0.000973184000000000
-3.18528000000000e-05
-0.00120174000000000
-0.00179624000000000
-0.00183821000000000
-0.00187560000000000
-0.00189458000000000
-0.00136555000000000
-0.000255798000000000
0.000742906000000000
0.00117030000000000
0.00127645000000000
0.00131420000000000
0.00105856000000000
0.000379174000000000
-0.000275352000000000
-0.000454109000000000
-0.000281734000000000
-0.000214893000000000
-0.000530850000000000
-0.00121012000000000
-0.00192015000000000
-0.00206648000000000
-0.00125260000000000
0.000139334000000000
0.00117696000000000
0.00137014000000000
0.00111579000000000
0.00116765000000000
0.00181099000000000
0.00259938000000000
0.00288811000000000
0.00270639000000000
0.00266657000000000
0.00288352000000000
0.00268447000000000
0.00184158000000000
0.00119315000000000
0.00128182000000000
0.00130145000000000
0.000501039000000000
-0.000153459000000000
0.000889524000000000
0.00350409000000000
0.00614273000000000
0.00798201000000000
0.00938445000000000
0.0105376000000000
0.0109015000000000
0.0102690000000000
0.00921685000000000
0.00836521000000000
0.00774779000000000
0.00736818000000000
0.00739611000000000
0.00765325000000000
0.00758520000000000
0.00731087000000000
0.00764322000000000
0.00867607000000000
0.00923833000000000
0.00861232000000000
0.00769766000000000
0.00767760000000000
0.00835160000000000
0.00897332000000000
0.00954131000000000
0.0102798000000000
0.0107368000000000
0.0106823000000000
0.0106709000000000
0.0107124000000000
0.00986220000000000
0.00824273000000000
0.00776570000000000
0.00968528000000000
0.0129779000000000
0.0158594000000000
0.0168837000000000
0.0141046000000000
0.00532597000000000
-0.00899624000000000
-0.0248872000000000
-0.0380041000000000
-0.0467174000000000
-0.0516030000000000
-0.0538377000000000
-0.0546127000000000
-0.0543835000000000
-0.0525463000000000
-0.0489693000000000
-0.0449382000000000
-0.0406815000000000
-0.0335389000000000
-0.0210115000000000
-0.00501512000000000
0.00928417000000000
0.0182775000000000
0.0218030000000000
0.0213396000000000
0.0185855000000000
0.0154089000000000
0.0128418000000000
0.0105333000000000
0.00790680000000000
0.00515565000000000
0.00213353000000000
-0.00201305000000000
-0.00717908000000000
-0.0115848000000000
-0.0137536000000000
-0.0139492000000000
-0.0131735000000000
-0.0121514000000000
-0.0118183000000000
-0.0130481000000000
-0.0151611000000000
-0.0155873000000000
-0.0119587000000000
-0.00432922000000000
0.00476313000000000
0.0119522000000000
0.0149656000000000
0.0137758000000000
0.0105871000000000
0.00822841000000000
0.00846764000000000
0.0114136000000000
0.0157298000000000
0.0190375000000000
0.0191485000000000
0.0158981000000000
0.0112840000000000
0.00732663000000000
0.00444125000000000
0.00254115000000000
0.00205545000000000
0.00262116000000000
0.00227255000000000
9.83784000000000e-05
-0.00158695000000000
1.53165000000000e-05
0.00424549000000000
0.00800995000000000
0.00931569000000000
0.00754151000000000
0.00211025000000000
-0.00586696000000000
-0.0122323000000000
-0.0131685000000000
-0.00926842000000000
-0.00404064000000000
0.000295271000000000
0.00351569000000000
0.00542661000000000
0.00560961000000000
0.00438029000000000
0.00226546000000000
-0.000801066000000000
-0.00462404000000000
-0.00813744000000000
-0.0103127000000000
-0.0110003000000000
-0.0103070000000000
-0.00833011000000000
-0.00551256000000000
-0.00253234000000000
0.000598214000000000
0.00418669000000000
0.00795408000000000
0.0109788000000000
0.0129643000000000
0.0144814000000000
0.0159504000000000
0.0167175000000000
0.0159103000000000
0.0136412000000000
0.0109223000000000
0.00856075000000000
0.00670363000000000
0.00547596000000000
0.00481893000000000
0.00374325000000000
0.000763749000000000
-0.00383336000000000
-0.00779077000000000
-0.00928847000000000
-0.00884654000000000
-0.00764035000000000
-0.00576884000000000
-0.00323614000000000
-0.00111636000000000
0.000182861000000000
0.00198017000000000
0.00498525000000000
0.00796267000000000
0.0101695000000000
0.0122753000000000
0.0132186000000000
0.00912301000000000
-0.00143725000000000
-0.0136448000000000
-0.0209599000000000
-0.0220859000000000
-0.0204328000000000
-0.0187875000000000
-0.0171903000000000
-0.0146060000000000
-0.0104381000000000
-0.00518473000000000
-0.000694365000000000
0.00104603000000000
-0.000239231000000000
-0.00289391000000000
-0.00508101000000000
-0.00580537000000000
-0.00458980000000000
-0.00148130000000000
0.00235428000000000
0.00528729000000000
0.00662656000000000
0.00696392000000000
0.00738608000000000
0.00859943000000000
0.0104452000000000
0.0117409000000000
0.0113126000000000
0.00935723000000000
0.00740112000000000
0.00623491000000000
0.00497522000000000
0.00239023000000000
-0.00138468000000000
-0.00540376000000000
-0.00915095000000000
-0.0121671000000000
-0.0128504000000000
-0.00957712000000000
-0.00297012000000000
0.00418103000000000
0.00927271000000000
0.0113126000000000
0.0105913000000000
0.00831507000000000
0.00621363000000000
0.00545977000000000
0.00555510000000000
0.00495151000000000
0.00265618000000000
-0.000941095000000000
-0.00457555000000000
-0.00713933000000000
-0.00820477000000000
-0.00800636000000000
-0.00687947000000000
-0.00500853000000000
-0.00247597000000000
0.000406936000000000
0.00315778000000000
0.00548742000000000
0.00770912000000000
0.0102139000000000
0.0121922000000000
0.0115425000000000
0.00717980000000000
0.000482509000000000
-0.00623806000000000
-0.0116478000000000
-0.0145623000000000
-0.0135774000000000
-0.00918819000000000
-0.00437213000000000
-0.00114809000000000
0.00166036000000000
0.00533937000000000
0.00850990000000000
0.00948759000000000
0.00930709000000000
0.00978197000000000
0.0107060000000000
0.0109874000000000
0.0107869000000000
0.0106888000000000
0.0103836000000000
0.00943101000000000
0.00805364000000000
0.00645716000000000
0.00467153000000000
0.00307355000000000
0.00181959000000000
0.000156603000000000
-0.00234167000000000
-0.00467102000000000
-0.00590156000000000
-0.00666008000000000
-0.00779722000000000
-0.00871904000000000
-0.00871904000000000
-0.00842681000000000
-0.00871618000000000
-0.00919178000000000
-0.00927629000000000
-0.00922472000000000
-0.00918891000000000
-0.00844257000000000
-0.00658029000000000
-0.00437693000000000
-0.00271742000000000
-0.00179996000000000
-0.00164719000000000
-0.00250498000000000
-0.00425079000000000
-0.00627910000000000
-0.00803716000000000
-0.00918819000000000
-0.00926698000000000
-0.00795336000000000
-0.00556929000000000
-0.00293452000000000
-0.000737247000000000
0.000478820000000000
0.000419235000000000
-0.000654412000000000
-0.00197982000000000
-0.00290859000000000
-0.00287063000000000
-0.00100993000000000
0.00305485000000000
0.00808300000000000
0.0117066000000000
0.0123319000000000
0.00999184000000000
0.00591467000000000
0.00191421000000000
-0.000393141000000000
-0.000999614000000000
-0.00149999000000000
-0.00284671000000000
-0.00411076000000000
-0.00436561000000000
-0.00422007000000000
-0.00439756000000000
-0.00423110000000000
-0.00312884000000000
-0.00208632000000000
-0.00222743000000000
-0.00279320000000000
-0.00220100000000000
-0.000167455000000000
0.00228645000000000
0.00412323000000000
0.00503195000000000
0.00525599000000000
0.00514605000000000
0.00459854000000000
0.00319832000000000
0.00112045000000000
-0.000596832000000000
-0.00118742000000000
-0.00102203000000000
-0.000604066000000000
0.000407223000000000
0.00241401000000000
0.00486914000000000
0.00682769000000000
0.00796410000000000
0.00845331000000000
0.00838885000000000
0.00786311000000000
0.00723853000000000
0.00668852000000000
0.00571304000000000
0.00385169000000000
0.00170821000000000
0.000486764000000000
0.000474530000000000
0.000740327000000000
0.000543678000000000
0.000312290000000000
0.000836664000000000
0.00202215000000000
0.00319395000000000
0.00414393000000000
0.00498389000000000
0.00538872000000000
0.00476450000000000
0.00304454000000000
0.000688420000000000
-0.00146332000000000
-0.00259788000000000
-0.00257195000000000
-0.00228795000000000
-0.00248342000000000
-0.00271033000000000
-0.00231202000000000
-0.00209499000000000
-0.00318292000000000
-0.00486699000000000
-0.00558877000000000
-0.00578108000000000
-0.00696077000000000
-0.00861519000000000
-0.00866031000000000
-0.00699357000000000
-0.00564313000000000
-0.00531494000000000
-0.00460355000000000
-0.00304869000000000
-0.00209170000000000
-0.00235750000000000
-0.00272609000000000
-0.00241194000000000
-0.00177912000000000
-0.000690375000000000
0.00138754000000000
0.00380958000000000
0.00499248000000000
0.00477574000000000
0.00429112000000000
0.00381917000000000
0.00271671000000000
0.00143933000000000
0.00129285000000000
0.00207458000000000
0.00226704000000000
0.00125417000000000
-0.000137458000000000
-0.00128211000000000
-0.00212644000000000
-0.00253585000000000
-0.00238407000000000
-0.00216304000000000
-0.00237849000000000
-0.00255204000000000
-0.00185490000000000
-0.000297664000000000
0.00127788000000000
0.00221217000000000
0.00223044000000000
0.00154576000000000
0.000832224000000000
0.000677153000000000
0.000820620000000000
0.000755369000000000
0.000831579000000000
0.00182725000000000
0.00343626000000000
0.00424642000000000
0.00345059000000000
0.00160614000000000
-0.000519354000000000
-0.00270009000000000
-0.00473828000000000
-0.00602977000000000
-0.00641490000000000
-0.00639764000000000
-0.00648166000000000
-0.00662749000000000
-0.00687933000000000
-0.00744410000000000
-0.00815177000000000
-0.00848053000000000
-0.00844042000000000
-0.00847122000000000
-0.00838885000000000
-0.00736316000000000
-0.00506139000000000
-0.00224670000000000
-7.88102000000000e-07
0.00102920000000000
0.000964230000000000
0.000632265000000000
0.00115870000000000
0.00294928000000000
0.00531423000000000
0.00740614000000000
0.00899266000000000
0.0100448000000000
0.0103664000000000
0.0101451000000000
0.0100241000000000
0.0102905000000000
0.0103844000000000
0.00969029000000000
0.00841463000000000
0.00718123000000000
0.00613241000000000
0.00492659000000000
0.00347422000000000
0.00207157000000000
0.00115110000000000
0.000818758000000000
0.000861447000000000
0.000966737000000000
0.000979773000000000
0.000907503000000000
0.000882433000000000
0.000949619000000000
0.000960864000000000
0.000912373000000000
0.000962655000000000
0.000810664000000000
-0.000339830000000000
-0.00250118000000000
-0.00440615000000000
-0.00509706000000000
-0.00517298000000000
-0.00543886000000000
-0.00540175000000000
-0.00443459000000000
-0.00324738000000000
-0.00254667000000000
-0.00154376000000000
0.000525635000000000
0.00270639000000000
0.00401672000000000
0.00504720000000000
0.00648359000000000
0.00732162000000000
0.00655099000000000
0.00482237000000000
0.00337860000000000
0.00232727000000000
0.00135502000000000
0.000516338000000000
-0.000255841000000000
-0.00124142000000000
-0.00205696000000000
-0.00192302000000000
-0.00104617000000000
-0.000449253000000000
-0.000353045000000000
1.20676000000000e-07
0.000806581000000000
0.00128555000000000
0.00106916000000000
0.000791325000000000
0.000989013000000000
0.00131656000000000
0.00112460000000000
0.000288087000000000
-0.00108105000000000
-0.00282830000000000
-0.00440114000000000
-0.00487172000000000
-0.00415818000000000
-0.00323506000000000
-0.00260146000000000
-0.00170370000000000
-0.000328628000000000
0.000731517000000000
0.00110412000000000
0.00125518000000000
0.00113928000000000
0.000154934000000000
-0.00124357000000000
-0.00185590000000000
-0.00197122000000000
-0.00290207000000000
-0.00450292000000000
-0.00526896000000000
-0.00511768000000000
-0.00534603000000000
-0.00615734000000000
-0.00635904000000000
-0.00560438000000000
-0.00462289000000000
-0.00370608000000000
-0.00265396000000000
-0.00172476000000000
-0.00120547000000000
-0.000751931000000000
-0.000271463000000000
-0.000435043000000000
-0.00157219000000000
-0.00276205000000000
-0.00305614000000000
-0.00262545000000000
-0.00213489000000000
-0.00151640000000000
-0.000372441000000000
0.00112374000000000
0.00239367000000000
0.00336714000000000
0.00452512000000000
0.00604008000000000
0.00729727000000000
0.00765325000000000
0.00727578000000000
0.00665385000000000
0.00578689000000000
0.00433417000000000
0.00237856000000000
0.000231359000000000
-0.00201735000000000
-0.00429162000000000
-0.00600800000000000
-0.00660650000000000
-0.00636068000000000
-0.00611594000000000
-0.00631742000000000
-0.00650236000000000
-0.00587993000000000
-0.00442843000000000
-0.00319904000000000
-0.00299003000000000
-0.00327410000000000
-0.00317554000000000
-0.00292893000000000
-0.00321157000000000
-0.00343913000000000
-0.00249889000000000
-0.000787887000000000
0.000160965000000000
9.57927000000000e-05
-2.07207000000000e-05
9.18318000000000e-05
-4.67453000000000e-05
-2.62316000000000e-05
0.00100420000000000
0.00262331000000000
0.00346742000000000
0.00330132000000000
0.00304017000000000
0.00315971000000000
0.00333670000000000
0.00334702000000000
0.00302484000000000
0.00200904000000000
0.000526939000000000
-0.000182761000000000
0.000725501000000000
0.00265468000000000
0.00450521000000000
0.00587986000000000
0.00664289000000000
0.00656990000000000
0.00609932000000000
0.00644363000000000
0.00794835000000000
0.00929205000000000
0.00916026000000000
0.00785094000000000
0.00638067000000000
0.00509125000000000
0.00396952000000000
0.00326522000000000
0.00288897000000000
0.00212715000000000
0.000747203000000000
-0.000589067000000000
-0.00153208000000000
-0.00269121000000000
-0.00424206000000000
-0.00529625000000000
-0.00548950000000000
-0.00592878000000000
-0.00736603000000000
-0.00878780000000000
-0.00902417000000000
-0.00853926000000000
-0.00808229000000000
-0.00691772000000000
-0.00397990000000000
-8.42681000000000e-05
0.00294254000000000
0.00449353000000000
0.00520715000000000
0.00525886000000000
0.00428174000000000
0.00230700000000000
-0.000120174000000000
-0.00267459000000000
-0.00497672000000000
-0.00655300000000000
-0.00724211000000000
-0.00741258000000000
-0.00701155000000000
-0.00571784000000000
-0.00396128000000000
-0.00272537000000000
-0.00214656000000000
-0.00158824000000000
-0.00100556000000000
-0.000850417000000000
-0.000856003000000000
-0.000233401000000000
0.00106623000000000
0.00246129000000000
0.00376395000000000
0.00495610000000000
0.00558805000000000
0.00546572000000000
0.00522684000000000
0.00537418000000000
0.00551986000000000
0.00534904000000000
0.00532010000000000
0.00560639000000000
0.00535541000000000
0.00404508000000000
0.00260361000000000
0.00214198000000000
0.00240105000000000
0.00249194000000000
0.00231975000000000
0.00233845000000000
0.00249903000000000
0.00244381000000000
0.00230034000000000
0.00245298000000000
0.00265181000000000
0.00217070000000000
0.000759666000000000
-0.00112654000000000
-0.00308701000000000
-0.00495903000000000
-0.00640087000000000
-0.00696019000000000
-0.00679273000000000
-0.00659569000000000
-0.00677941000000000
-0.00693577000000000
-0.00640051000000000
-0.00508581000000000
-0.00365229000000000
-0.00265339000000000
-0.00194708000000000
-0.00102203000000000
9.01414000000000e-05
0.000865745000000000
0.00106322000000000
0.00109051000000000
0.00120067000000000
0.00109960000000000
0.000601559000000000
-3.88987000000000e-05
-0.000677977000000000
-0.00141197000000000
-0.00195840000000000
-0.00195453000000000
-0.00175570000000000
-0.00206734000000000
-0.00281018000000000
-0.00332187000000000
-0.00343970000000000
-0.00348303000000000
-0.00344113000000000
-0.00308107000000000
-0.00253800000000000
-0.00200768000000000
-0.00126678000000000
-0.000114100000000000
0.00115633000000000
0.00225178000000000
0.00317490000000000
0.00395054000000000
0.00442857000000000
0.00455062000000000
0.00438345000000000
0.00422214000000000
0.00440952000000000
0.00461530000000000
0.00387991000000000
0.00219591000000000
0.00115189000000000
0.00170599000000000
0.00261507000000000
0.00242103000000000
0.00167462000000000
0.00141046000000000
0.00109968000000000
-5.33729000000000e-05
-0.00136577000000000
-0.00188713000000000
-0.00191979000000000
-0.00179703000000000
-0.00101981000000000
0.000469860000000000
0.00157219000000000
0.00174760000000000
0.00141626000000000
0.000734454000000000
-0.000560911000000000
-0.00179660000000000
-0.00201384000000000
-0.00152836000000000
-0.00145415000000000
-0.00180684000000000
-0.00178879000000000
-0.00145716000000000
-0.00156202000000000
-0.00192216000000000
-0.00150945000000000
-0.000135803000000000
0.00119351000000000
0.00166738000000000
0.00148287000000000
0.00130102000000000
0.00170434000000000
0.00290494000000000
0.00433803000000000
0.00495051000000000
0.00454174000000000
0.00426025000000000
0.00500172000000000
0.00603321000000000
0.00610863000000000
0.00538420000000000
0.00489278000000000
0.00465763000000000
0.00386938000000000
0.00243321000000000
0.00100828000000000
-0.000210351000000000
-0.00125797000000000
-0.00180068000000000
-0.00168665000000000
-0.00159010000000000
-0.00218882000000000
-0.00329609000000000
-0.00428209000000000
-0.00479200000000000
-0.00484185000000000
-0.00467969000000000
-0.00469495000000000
-0.00497594000000000
-0.00492322000000000
-0.00402166000000000
-0.00260733000000000
-0.00140015000000000
-0.000452018000000000
0.000510608000000000
0.00134829000000000
0.00161947000000000
0.00134686000000000
0.00111328000000000
0.00131763000000000
0.00160700000000000
0.00135115000000000
0.000521352000000000
-0.000415625000000000
-0.00138539000000000
-0.00266886000000000
-0.00406249000000000
-0.00486363000000000
-0.00499936000000000
-0.00502693000000000
-0.00495903000000000
-0.00421455000000000
-0.00279506000000000
-0.00140688000000000
-0.000297033000000000
0.000710531000000000
0.00141440000000000
0.00145258000000000
0.00115633000000000
0.00113062000000000
0.00132121000000000
0.00131348000000000
0.00115605000000000
0.00117094000000000
0.00131899000000000
0.00130932000000000
0.000979988000000000
0.000314675000000000
-0.000387691000000000
-0.000496147000000000
0.000218574000000000
0.00105140000000000
0.00121879000000000
0.00103027000000000
0.00135051000000000
0.00236488000000000
0.00343325000000000
0.00406278000000000
0.00422723000000000
0.00416291000000000
0.00409859000000000
0.00417802000000000
0.00421570000000000
0.00386086000000000
0.00311101000000000
0.00248743000000000
0.00238271000000000
0.00261514000000000
0.00263906000000000
0.00217213000000000
0.00143252000000000
0.000811738000000000
0.000339744000000000
-0.000247948000000000
-0.00103034000000000
-0.00179903000000000
-0.00218316000000000
-0.00190719000000000
-0.00108277000000000
-0.000445342000000000
-0.000589468000000000
-0.00108363000000000
-0.000864455000000000
0.000164489000000000
0.000982423000000000
0.00108822000000000
0.00126076000000000
0.00212285000000000
0.00326536000000000
0.00417286000000000
0.00474509000000000
0.00478061000000000
0.00421190000000000
0.00370028000000000
0.00371818000000000
0.00361153000000000
0.00265375000000000
0.00126377000000000
0.000174997000000000
-0.000748421000000000
-0.00173980000000000
-0.00242583000000000
-0.00257675000000000
-0.00272602000000000
-0.00294591000000000
-0.00267602000000000
-0.00200718000000000
-0.00179402000000000
-0.00205388000000000
-0.00214577000000000
-0.00220007000000000
-0.00268641000000000
-0.00307656000000000
-0.00253327000000000
-0.00150909000000000
-0.00120138000000000
-0.00180276000000000
-0.00250963000000000
-0.00289692000000000
-0.00324208000000000
-0.00380120000000000
-0.00454059000000000
-0.00525449000000000
-0.00570380000000000
-0.00594289000000000
-0.00621213000000000
-0.00621958000000000
-0.00537704000000000
-0.00400411000000000
-0.00322740000000000
-0.00307412000000000
-0.00236416000000000
-0.000781870000000000
0.000341871000000000
0.000244582000000000
-0.000208181000000000
-0.000110268000000000
0.000122173000000000
-3.98212000000000e-05
-0.000114272000000000
0.000595714000000000
0.00179044000000000
0.00267094000000000
0.00296625000000000
0.00298996000000000
0.00296661000000000
0.00290809000000000
0.00285015000000000
0.00288109000000000
0.00295035000000000
0.00288875000000000
0.00261228000000000
0.00201276000000000
0.00101251000000000
-9.35938000000000e-05
-0.000563991000000000
-0.000205180000000000
-3.01804000000000e-05
-0.00106243000000000
-0.00278095000000000
-0.00373509000000000
-0.00363502000000000
-0.00338304000000000
-0.00350273000000000
-0.00362815000000000
-0.00355910000000000
-0.00352988000000000
-0.00360637000000000
-0.00360602000000000
-0.00357944000000000
-0.00368137000000000
-0.00362242000000000
-0.00293388000000000
-0.00161703000000000
-0.000228960000000000
0.000687131000000000
0.000964374000000000
0.000929922000000000
0.000990374000000000
0.00104101000000000
0.000606587000000000
-0.000283381000000000
-0.000853282000000000
-0.000589955000000000
0.000128619000000000
0.000723352000000000
0.00124680000000000
0.00195840000000000
0.00253700000000000
0.00253843000000000
0.00221525000000000
0.00222650000000000
0.00254702000000000
0.00242254000000000
0.00144721000000000
0.000162713000000000
-0.000660564000000000
-0.000984214000000000
-0.00116679000000000
-0.00132580000000000
-0.00140953000000000
-0.00166452000000000
-0.00217944000000000
-0.00257460000000000
-0.00250018000000000
-0.00229153000000000
-0.00244087000000000
-0.00264644000000000
-0.00219362000000000
-0.00122151000000000
-0.000718410000000000
-0.000990016000000000
-0.00118899000000000
-0.000629128000000000
0.000237333000000000
0.000626248000000000
0.000560904000000000
0.000507356000000000
0.000528121000000000
0.000441467000000000
0.000488948000000000
0.000974616000000000
0.00171143000000000
0.00230672000000000
0.00290329000000000
0.00379919000000000
0.00477639000000000
0.00522075000000000
0.00508502000000000
0.00491720000000000
0.00506590000000000
0.00513444000000000
0.00458608000000000
0.00349750000000000
0.00250741000000000
0.00204106000000000
0.00185913000000000
0.00148395000000000
0.000785452000000000
1.02325000000000e-05
-0.000644470000000000
-0.00109402000000000
-0.00129543000000000
-0.00126485000000000
-0.00118333000000000
-0.00120604000000000
-0.00128024000000000
-0.00126957000000000
-0.00121549000000000
-0.00124665000000000
-0.00131119000000000
-0.00128368000000000
-0.00123297000000000
-0.00128719000000000
-0.00135280000000000
-0.00128569000000000
-0.00122481000000000
-0.00138288000000000
-0.00147134000000000
-0.000862879000000000
0.000479035000000000
0.00166781000000000
0.00196098000000000
0.00168035000000000
0.00160220000000000
0.00180018000000000
0.00180326000000000
0.00160314000000000
0.00162763000000000
0.00182618000000000
0.00174388000000000
0.00147507000000000
0.00163071000000000
0.00215552000000000
0.00231696000000000
0.00194078000000000
0.00176881000000000
0.00206448000000000
0.00221339000000000
0.00186056000000000
0.00151410000000000
0.00154168000000000
0.00165807000000000
0.00159927000000000
0.00158580000000000
0.00164525000000000
0.00131047000000000
0.000405919000000000
-0.000278625000000000
5.92813000000000e-05
0.00108306000000000
0.00166323000000000
0.00148316000000000
0.00132802000000000
0.00170427000000000
0.00179516000000000
0.000744123000000000
-0.000899624000000000
-0.00181622000000000
-0.00177762000000000
-0.00153724000000000
-0.00156532000000000
-0.00167447000000000
-0.00169546000000000
-0.00164582000000000
-0.00160206000000000
-0.00166087000000000
-0.00177726000000000
-0.00167519000000000
-0.00146325000000000
-0.00191893000000000
-0.00332632000000000
-0.00464567000000000
-0.00494478000000000
-0.00476793000000000
-0.00489622000000000
-0.00480468000000000
-0.00373637000000000
-0.00229533000000000
-0.00162534000000000
-0.00172941000000000
-0.00175599000000000
-0.00115390000000000
-3.35146000000000e-05
0.00104030000000000
0.00135266000000000
0.00110533000000000
0.00151260000000000
0.00302370000000000
0.00433646000000000
0.00446037000000000
0.00422880000000000
0.00447541000000000
0.00434047000000000
0.00304776000000000
0.00164618000000000
0.00124386000000000
0.00103865000000000
-9.19679000000000e-05
-0.00157105000000000
-0.00220422000000000
-0.00195926000000000
-0.00138532000000000
-0.000563432000000000
0.000441503000000000
0.00114308000000000
0.00125876000000000
0.00111314000000000
0.00105949000000000
0.00112174000000000
0.00120969000000000
0.00115275000000000
0.000737462000000000
9.57784000000000e-06
-0.000709650000000000
-0.00133225000000000
-0.00187832000000000
-0.00215401000000000
-0.00204428000000000
-0.00197795000000000
-0.00231689000000000
-0.00270525000000000
-0.00259938000000000
-0.00218553000000000
-0.00200216000000000
-0.00211569000000000
-0.00220222000000000
-0.00215279000000000
-0.00210466000000000
-0.00214807000000000
-0.00222542000000000
-0.00221976000000000
-0.00209334000000000
-0.00209864000000000
-0.00256357000000000
-0.00336757000000000
-0.00389868000000000
-0.00388672000000000
-0.00369619000000000
-0.00372398000000000
-0.00387662000000000
-0.00387468000000000
-0.00363488000000000
-0.00313171000000000
-0.00219505000000000
-0.000807513000000000
0.000582170000000000
0.00152915000000000
0.00220064000000000
0.00311022000000000
0.00427063000000000
0.00510887000000000
0.00534209000000000
0.00552552000000000
0.00620311000000000
0.00689537000000000
0.00670506000000000
0.00573116000000000
0.00506096000000000
0.00521094000000000
0.00556277000000000
0.00537926000000000
0.00480174000000000
0.00426211000000000
0.00365236000000000
0.00258692000000000
0.00132895000000000
0.000583180000000000
0.000525979000000000
0.000677182000000000
0.000669797000000000
0.000587556000000000
0.000585400000000000
0.000644312000000000
0.000657527000000000
0.000492000000000000
-9.75189000000000e-05
-0.00114659000000000
-0.00218739000000000
-0.00262954000000000
-0.00253707000000000
-0.00243751000000000
-0.00253864000000000
-0.00258434000000000
-0.00249323000000000
-0.00248507000000000
-0.00258807000000000
-0.00257990000000000
-0.00247962000000000
-0.00252324000000000
-0.00263785000000000
-0.00256121000000000
-0.00243607000000000
-0.00261163000000000
-0.00279621000000000
-0.00223402000000000
-0.000870543000000000
0.000355530000000000
0.000721561000000000
0.000513817000000000
0.000392697000000000
0.000511360000000000
0.000585171000000000
0.000483870000000000
0.000409228000000000
0.000509627000000000
0.000598092000000000
0.000453902000000000
0.000287629000000000
0.000646619000000000
0.00173700000000000
0.00304225000000000
0.00377276000000000
0.00367628000000000
0.00335489000000000
0.00366869000000000
0.00465412000000000
0.00533457000000000
0.00502958000000000
0.00426827000000000
0.00386781000000000
0.00367707000000000
0.00305578000000000
0.00203232000000000
0.000992738000000000
-0.000162240000000000
-0.00142335000000000
-0.00202738000000000
-0.00159848000000000
-0.000980704000000000
-0.000905640000000000
-0.00101587000000000
-0.000989586000000000
-0.00131040000000000
-0.00214785000000000
-0.00272903000000000
-0.00263290000000000
-0.00240972000000000
-0.00249237000000000
-0.00258119000000000
-0.00249653000000000
-0.00245792000000000
-0.00249667000000000
-0.00247418000000000
-0.00249030000000000
-0.00249653000000000
-0.00201355000000000
-0.000927916000000000
4.73978000000000e-05
0.000490359000000000
0.00102561000000000
0.00225708000000000
0.00360036000000000
0.00412975000000000
0.00381237000000000
0.00328420000000000
0.00279027000000000
0.00215143000000000
0.00139413000000000
0.000898693000000000
0.000772846000000000
0.000731374000000000
0.000678371000000000
0.000820477000000000
0.000957426000000000
0.000526502000000000
-0.000386494000000000
-0.000805435000000000
-0.000234934000000000
0.000622151000000000
0.000947470000000000
0.000909651000000000
0.000833728000000000
0.000448401000000000
-0.000353797000000000
-0.000871904000000000
-0.000718768000000000
-0.000490452000000000
-0.000685648000000000
-0.000792256000000000
-0.000361583000000000
6.50444000000000e-05
-0.000135660000000000
-0.000579147000000000
-0.000663079000000000
-0.000530907000000000
-0.000554092000000000
-0.000604782000000000
-0.000538657000000000
-0.000542861000000000
-0.000505788000000000
5.49909000000000e-05
0.000988297000000000
0.00131248000000000
0.000644205000000000
-0.000225386000000000
-0.000536458000000000
-0.000506167000000000
-0.000479830000000000
-0.000384625000000000
-0.000383429000000000
-0.000938803000000000
-0.00178406000000000
-0.00205130000000000
-0.00184366000000000
-0.00216977000000000
-0.00318543000000000
-0.00374253000000000
-0.00326307000000000
-0.00248206000000000
-0.00201907000000000
-0.00149247000000000
-0.000665292000000000
-0.000136906000000000
-0.000227807000000000
-0.000411499000000000
-0.000286605000000000
-0.000174696000000000
-0.000288460000000000
-0.000331657000000000
-0.000187818000000000
-0.000170921000000000
-0.000309482000000000
-0.000230579000000000
-4.57068000000000e-05
-0.000368609000000000
-0.00121163000000000
-0.00177375000000000
-0.00169575000000000
-0.00159791000000000
-0.00195711000000000
-0.00232606000000000
-0.00214205000000000
-0.00168651000000000
-0.00152750000000000
-0.00165950000000000
-0.00169303000000000
-0.00158265000000000
-0.00155823000000000
-0.00163393000000000
-0.00162333000000000
-0.00153316000000000
-0.00153380000000000
-0.00159912000000000
-0.00156345000000000
-0.00147600000000000
-0.00150350000000000
-0.00156345000000000
-0.00149706000000000
-0.00144584000000000
-0.00147170000000000
-0.00108213000000000
5.49129000000000e-05
0.00123884000000000
0.00160894000000000
0.00152069000000000
0.00185082000000000
0.00234647000000000
0.00216698000000000
0.00172246000000000
0.00209986000000000
0.00294039000000000
0.00288152000000000
0.00198354000000000
0.00158645000000000
0.00183893000000000
0.00156854000000000
0.000563540000000000
-5.40576000000000e-06
0.000257224000000000
0.000453422000000000
0.000192989000000000
0.000244789000000000
0.000838956000000000
0.00106830000000000
0.000480919000000000
6.00764000000000e-05
0.000692137000000000
0.00175212000000000
0.00193498000000000
0.00112145000000000
0.000377262000000000
0.000363280000000000
0.000452720000000000
-0.000107038000000000
-0.000972682000000000
-0.00128189000000000
-0.00106272000000000
-0.00100900000000000
-0.00120088000000000
-0.00110641000000000
-0.000880213000000000
-0.00129751000000000
-0.00228659000000000
-0.00269114000000000
-0.00203604000000000
-0.00118584000000000
-0.000938588000000000
-0.00101458000000000
-0.000993096000000000
-0.00100764000000000
-0.00108234000000000
-0.000780724000000000
-2.55010000000000e-05
0.000587327000000000
0.000697416000000000
0.000596380000000000
0.000598185000000000
0.000651497000000000
0.000669546000000000
0.000672777000000000
0.000661274000000000
0.000663215000000000
0.000725429000000000
0.000753292000000000
0.000673651000000000
0.000669432000000000
0.000848554000000000
0.000868251000000000
0.000429792000000000
-0.000201971000000000
-0.000622803000000000
-0.000931855000000000
-0.00138811000000000
-0.00193219000000000
-0.00234905000000000
-0.00251350000000000
-0.00213768000000000
-0.00104689000000000
0.000297828000000000
0.00108700000000000
0.00114380000000000
0.000819689000000000
0.000354621000000000
-0.000217528000000000
-0.000664282000000000
-0.000794405000000000
-0.000605004000000000
-0.000129135000000000
0.000616486000000000
0.00116858000000000
0.000927486000000000
-6.59870000000000e-06
-0.000703583000000000
-0.000532590000000000
0.000210437000000000
0.000857078000000000
0.00111973000000000
0.00112109000000000
0.00106444000000000
0.00106680000000000
0.00111078000000000
0.00112639000000000
0.00110963000000000
0.00111858000000000
0.00114910000000000
0.00115368000000000
0.00114695000000000
0.00116400000000000
0.00118154000000000
0.00117388000000000
0.00116872000000000
0.00118212000000000
0.00118584000000000
0.00117538000000000
0.00117947000000000
0.00119243000000000
0.00118641000000000
0.00117760000000000
0.00119086000000000
0.00119938000000000
0.00118355000000000
0.00118119000000000
0.00120368000000000
0.00120196000000000
0.00117682000000000
0.00118813000000000
0.00121779000000000
0.00119694000000000
0.00116693000000000
0.00120232000000000
0.00123140000000000
0.00117975000000000
0.00115755000000000
0.00123046000000000
0.00123820000000000
0.00113463000000000
0.00116593000000000
0.00133289000000000
0.00113814000000000
0.000354485000000000
-0.000317526000000000
-8.67822000000000e-05
0.000801066000000000
0.00137723000000000
0.00129228000000000
0.00106501000000000
0.00114752000000000
0.00130997000000000
0.00121363000000000
0.00105018000000000
0.00120568000000000
0.00141719000000000
0.000912301000000000
-0.000433431000000000
-0.00169489000000000
-0.00208016000000000
-0.00189988000000000
-0.00183707000000000
-0.00193827000000000
-0.00192130000000000
-0.00186350000000000
-0.00192230000000000
-0.00194185000000000
-0.00185168000000000
-0.00190067000000000
-0.00203819000000000
-0.00178091000000000
-0.00106157000000000
-0.000463772000000000
-0.000317275000000000
-0.000358138000000000
-0.000393177000000000
-0.000492078000000000
-0.000425932000000000
1.33282000000000e-05
0.000335232000000000
-1.81458000000000e-05
-0.000407001000000000
0.000132036000000000
0.00119651000000000
0.00137587000000000
0.000474960000000000
-0.000193326000000000
0.000215881000000000
0.000954847000000000
0.00115304000000000
0.00101265000000000
0.00102461000000000
0.00108227000000000
0.00100262000000000
0.000973613000000000
0.00106121000000000
0.00103485000000000
0.000920467000000000
0.000985861000000000
0.00108771000000000
0.000905712000000000
0.000833083000000000
0.00149047000000000
0.00239303000000000
0.00239525000000000
0.00153502000000000
0.000935795000000000
0.000847480000000000
0.000434305000000000
-0.000430408000000000
-0.000855359000000000
-0.000633533000000000
-0.000531036000000000
-0.000763892000000000
-0.000725930000000000
-0.000503402000000000
-0.000913949000000000
-0.00188412000000000
-0.00234783000000000
-0.00215186000000000
-0.00232226000000000
-0.00323628000000000
-0.00385843000000000
-0.00345868000000000
-0.00271986000000000
-0.00259494000000000
-0.00284520000000000
-0.00269214000000000
-0.00218982000000000
-0.00208375000000000
-0.00251823000000000
-0.00262918000000000
-0.00173392000000000
-0.000300758000000000
0.000660350000000000
0.000915095000000000
0.000821623000000000
0.000482452000000000
-0.000183363000000000
-0.000813601000000000
-0.000948258000000000
-0.000675900000000000
-0.000357027000000000
-4.62275000000000e-05
0.000340124000000000
0.000603629000000000
0.000664683000000000
0.000861375000000000
0.00139571000000000
0.00204435000000000
0.00268970000000000
0.00343025000000000
0.00393320000000000
0.00368624000000000
0.00285552000000000
0.00222850000000000
0.00212128000000000
0.00220315000000000
0.00224412000000000
0.00222779000000000
0.00191994000000000
0.00118520000000000
0.000515751000000000
0.000445378000000000
0.000879497000000000
0.00144806000000000
0.00200997000000000
0.00237118000000000
0.00215372000000000
0.00141949000000000
0.000779578000000000
0.000563783000000000
0.000527791000000000
0.000563633000000000
0.000696678000000000
0.000509691000000000
-0.000337431000000000
-0.00106243000000000
-0.000663336000000000
0.000382147000000000
0.000616837000000000
-0.000205918000000000
-0.000980275000000000
-0.00107633000000000
-0.000961437000000000
-0.00100234000000000
-0.00102418000000000
-0.000986291000000000
-0.00106988000000000
-0.00105956000000000
-0.000574040000000000
0.000206169000000000
0.000664490000000000
0.000611744000000000
0.000409859000000000
0.000425244000000000
0.000617589000000000
0.000626649000000000
0.000188792000000000
-0.000481327000000000
-0.000929420000000000
-0.00118283000000000
-0.00165585000000000
-0.00234962000000000
-0.00273891000000000
-0.00265740000000000
-0.00251859000000000
-0.00258978000000000
-0.00266091000000000
-0.00259781000000000
-0.00256643000000000
-0.00262524000000000
-0.00263075000000000
-0.00258484000000000
-0.00260239000000000
-0.00263348000000000
-0.00260010000000000
-0.00258964000000000
-0.00263548000000000
-0.00262058000000000
-0.00256063000000000
-0.00261664000000000
-0.00271506000000000
-0.00251587000000000
-0.00198275000000000
-0.00150049000000000
-0.00146060000000000
-0.00183728000000000
-0.00238329000000000
-0.00268612000000000
-0.00246444000000000
-0.00183327000000000
-0.00117402000000000
-0.000558619000000000
0.000131985000000000
0.000635524000000000
0.000618670000000000
0.000370099000000000
0.000449855000000000
0.000671674000000000
0.000472646000000000
0.000227055000000000
0.000926340000000000
0.00247619000000000
0.00359806000000000
0.00373136000000000
0.00355093000000000
0.00359527000000000
0.00364577000000000
0.00358152000000000
0.00360401000000000
0.00366303000000000
0.00358811000000000
0.00355896000000000
0.00368753000000000
0.00366317000000000
0.00347945000000000
0.00364312000000000
0.00390040000000000
0.00316322000000000
0.00144398000000000
0.000447914000000000
0.00100556000000000
0.00178098000000000
0.00143567000000000
0.000597648000000000
0.000365888000000000
0.000592061000000000
0.000616600000000000
0.000493088000000000
0.000516789000000000
0.000578481000000000
0.000551893000000000
0.000543878000000000
0.000548856000000000
0.000509369000000000
0.000593250000000000
0.000683026000000000
0.000120454000000000
-0.00125732000000000
-0.00247425000000000
-0.00272158000000000
-0.00245549000000000
-0.00244431000000000
-0.00260031000000000
-0.00254437000000000
-0.00243837000000000
-0.00252131000000000
-0.00257474000000000
-0.00246100000000000
-0.00247984000000000
-0.00261650000000000
-0.00231324000000000
-0.00147593000000000
-0.000863667000000000
-0.000898191000000000
-0.00105799000000000
-0.000878207000000000
-0.000801066000000000
-0.00133984000000000
-0.00216461000000000
-0.00257317000000000
-0.00251150000000000
-0.00240492000000000
-0.00244395000000000
-0.00248149000000000
-0.00244703000000000
-0.00241566000000000
-0.00243099000000000
-0.00245011000000000
-0.00243335000000000
-0.00239496000000000
-0.00239238000000000
-0.00247010000000000
-0.00246329000000000
-0.00206813000000000
-0.00130460000000000
-0.000729512000000000
-0.000723710000000000
-0.000951194000000000
-0.000885298000000000
-0.000654920000000000
-0.000812741000000000
-0.00144921000000000
-0.00208812000000000
-0.00239138000000000
-0.00246387000000000
-0.00232341000000000
-0.00181465000000000
-0.00107654000000000
-0.000628540000000000
-0.000665392000000000
-0.000833011000000000
-0.000776857000000000
-0.000646268000000000
-0.000736746000000000
-0.000837237000000000
-0.000427364000000000
0.000444153000000000
0.00100685000000000
0.000868753000000000
0.000668329000000000
0.00115139000000000
0.00202458000000000
0.00243808000000000
0.00237412000000000
0.00258133000000000
0.00330282000000000
0.00394567000000000
0.00410647000000000
0.00401572000000000
0.00398334000000000
0.00402668000000000
0.00406815000000000
0.00406628000000000
0.00401543000000000
0.00401736000000000
0.00415095000000000
0.00416083000000000
0.00371997000000000
0.00299225000000000
0.00251630000000000
0.00245713000000000
0.00257002000000000
0.00267108000000000
0.00261199000000000
0.00214212000000000
0.00136476000000000
0.000900483000000000
0.000997250000000000
0.00117309000000000
0.00107217000000000
0.000998038000000000
0.00113119000000000
0.00115841000000000
0.00101201000000000
0.00107461000000000
0.00128540000000000
0.00102361000000000
0.000294827000000000
-3.61740000000000e-05
0.000455814000000000
0.00111558000000000
0.00129564000000000
0.00114043000000000
0.00108127000000000
0.00117288000000000
0.00124945000000000
0.00122165000000000
0.00103127000000000
0.000601208000000000
-6.88534000000000e-05
-0.000816179000000000
-0.00145179000000000
-0.00185182000000000
-0.00194909000000000
-0.00172067000000000
-0.00125912000000000
-0.000826350000000000
-0.000694651000000000
-0.000931569000000000
-0.00123562000000000
-0.00118534000000000
-0.000562000000000000
0.000404250000000000
0.00103972000000000
0.000759881000000000
-8.20334000000000e-05
-0.000393686000000000
0.000163866000000000
0.000643589000000000
0.000121499000000000
-0.000978197000000000
-0.00168515000000000
-0.00176959000000000
-0.00170398000000000
-0.00170821000000000
-0.00170355000000000
-0.00169295000000000
-0.00174016000000000
-0.00167648000000000
-0.00128655000000000
-0.000568188000000000
0.000255225000000000
0.000863882000000000
0.000938517000000000
0.000491828000000000
-5.07514000000000e-05
-0.000289391000000000
-0.000104925000000000
0.000316158000000000
0.000599059000000000
0.000412058000000000
-0.000134872000000000
-0.000754438000000000
-0.00132258000000000
-0.00175097000000000
-0.00168371000000000
-0.000988512000000000
-0.000217801000000000
1.26105000000000e-05
-4.07137000000000e-06
0.000382963000000000
0.00112825000000000
0.00164045000000000
0.00172454000000000
0.00158322000000000
0.00144642000000000
0.00160306000000000
0.00220222000000000
0.00275259000000000
0.00255684000000000
0.00184015000000000
0.00145945000000000
0.00161703000000000
0.00175627000000000
0.00165478000000000
0.00160879000000000
0.00169740000000000
0.00171100000000000
0.00166065000000000
0.00168937000000000
0.00171767000000000
0.00167576000000000
0.00171000000000000
0.00179961000000000
0.00162871000000000
0.00110720000000000
0.000455112000000000
-0.000212293000000000
-0.000892891000000000
-0.00134156000000000
-0.00140144000000000
-0.00130890000000000
-0.00131620000000000
-0.00133268000000000
-0.00129271000000000
-0.00130904000000000
-0.00134585000000000
-0.00127788000000000
-0.00123906000000000
-0.00134213000000000
-0.00134593000000000
-0.00118570000000000
-0.00122588000000000
-0.00142880000000000
-0.00124665000000000
-0.000983641000000000
-0.00180032000000000
-0.00346498000000000
-0.00396085000000000
-0.00252052000000000
-0.00115218000000000
-0.00153394000000000
-0.00251809000000000
-0.00228867000000000
-0.00128383000000000
-0.000958572000000000
-0.00129837000000000
-0.00133919000000000
-0.00106651000000000
-0.00110182000000000
-0.00135925000000000
-0.00123534000000000
-0.000638038000000000
4.53945000000000e-05
0.000502679000000000
0.000538528000000000
2.48836000000000e-05
-0.000750283000000000
-0.00120740000000000
-0.00120024000000000
-0.00109359000000000
-0.00112331000000000
-0.00116049000000000
-0.00112045000000000
-0.00109781000000000
-0.00112682000000000
-0.00112603000000000
-0.00109266000000000
-0.00109638000000000
-0.00111507000000000
-0.00109337000000000
-0.00107432000000000
-0.00109516000000000
-0.00109602000000000
-0.00106128000000000
-0.00106415000000000
-0.00109402000000000
-0.00106873000000000
-0.00103041000000000
-0.00106436000000000
-0.00109094000000000
-0.00102955000000000
-0.00100441000000000
-0.00108170000000000
-0.00107919000000000
-0.000957211000000000
-0.00100692000000000
-0.00120740000000000
-0.000899051000000000
0.000283510000000000
0.00163214000000000
0.00222320000000000
0.00211834000000000
0.00199636000000000
0.00208661000000000
0.00213417000000000
0.00207071000000000
0.00205904000000000
0.00211082000000000
0.00211290000000000
0.00208296000000000
0.00209248000000000
0.00211118000000000
0.00210602000000000
0.00210588000000000
0.00210874000000000
0.00209936000000000
0.00211555000000000
0.00214198000000000
0.00208059000000000
0.00204091000000000
0.00237075000000000
0.00322403000000000
0.00413232000000000
0.00446510000000000
0.00403685000000000
0.00326758000000000
0.00258986000000000
0.00218417000000000
0.00202344000000000
0.00207601000000000
0.00218660000000000
0.00215566000000000
0.00202580000000000
0.00208754000000000
0.00229433000000000
0.00203146000000000
0.000930996000000000
-0.000411112000000000
-0.00109273000000000
-0.00104889000000000
-0.000902059000000000
-0.000967382000000000
-0.00103256000000000
-0.000975977000000000
-0.000947971000000000
-0.000999470000000000
-0.00101050000000000
-0.000972611000000000
-0.000978556000000000
-0.00100785000000000
-0.000996820000000000
-0.000983928000000000
-0.00100226000000000
-0.00100563000000000
-0.000991305000000000
-0.00100434000000000
-0.00101781000000000
-0.000996677000000000
-0.000995818000000000
-0.00103091000000000
-0.00102246000000000
-0.000983713000000000
-0.00101394000000000
-0.00106035000000000
-0.00101172000000000
-0.000971393000000000
-0.00105140000000000
-0.00108578000000000
-0.000977553000000000
-0.000971321000000000
-0.00112575000000000
-0.00107690000000000
-0.000860444000000000
-0.00113083000000000
-0.00198347000000000
-0.00255254000000000
-0.00248442000000000
-0.00263856000000000
-0.00337867000000000
-0.00359849000000000
-0.00250054000000000
-0.00113814000000000
-0.000782443000000000
-0.00112847000000000
-0.00119637000000000
-0.000980561000000000
-0.000994457000000000
-0.00115633000000000
-0.00111142000000000
-0.000994886000000000
-0.00106465000000000
-0.00115067000000000
-0.00107368000000000
-0.00102304000000000
-0.00111049000000000
-0.00113757000000000
-0.00105269000000000
-0.00105656000000000
-0.00114509000000000
-0.00111973000000000
-0.00103915000000000