0.000224627000000000
0.000611526000000000
0.000875019000000000
0.000747992000000000
0.000692308000000000
0.00106216000000000
0.00121595000000000
-0.000127492000000000
-0.00269791000000000
-0.00448631000000000
-0.00400074000000000
-0.00173258000000000
0.000769104000000000
0.00219102000000000
0.00215767000000000
0.00148339000000000
0.00140746000000000
0.00164362000000000
-0.000138935000000000
-0.00515765000000000
-0.0104262000000000
-0.0108678000000000
-0.00517648000000000
0.00225679000000000
0.00595560000000000
0.00503635000000000
0.00284032000000000
0.00158938000000000
-0.000319156000000000
-0.00422367000000000
-0.00703186000000000
-0.00459058000000000
0.00174438000000000
0.00604863000000000
0.00555505000000000
0.00314920000000000
0.00163840000000000
-6.70352000000000e-05
-0.00334543000000000
-0.00681051000000000
-0.00859060000000000
-0.00844962000000000
-0.00583923000000000
0.000481100000000000
0.00876594000000000
0.0134656000000000
0.0111204000000000
0.00475596000000000
-6.16271000000000e-05
-0.00177072000000000
-0.00303462000000000
-0.00576710000000000
-0.00832224000000000
-0.00769891000000000
-0.00328581000000000
0.00201912000000000
0.00434769000000000
0.00271566000000000
-0.000320630000000000
-0.00243577000000000
-0.00454170000000000
-0.00825854000000000
-0.0117223000000000
-0.0108735000000000
-0.00482309000000000
0.00259965000000000
0.00715001000000000
0.00805459000000000
0.00725020000000000
0.00652590000000000
0.00604785000000000
0.00452080000000000
0.000603947000000000
-0.00492858000000000
-0.00854623000000000
-0.00705197000000000
-0.00140052000000000
0.00370253000000000
0.00470308000000000
0.00268102000000000
0.00137211000000000
0.00247871000000000
0.00416384000000000
0.00398307000000000
0.00192430000000000
-0.000296234000000000
-0.00200645000000000
-0.00384151000000000
-0.00529799000000000
-0.00410515000000000
0.000634820000000000
0.00626025000000000
0.00904218000000000
0.00827143000000000
0.00612156000000000
0.00424993000000000
0.00222795000000000
-0.000383321000000000
-0.00250390000000000
-0.00258312000000000
-7.59371000000000e-05
0.00431563000000000
0.00880673000000000
0.0114460000000000
0.0116586000000000
0.00971345000000000
0.00457948000000000
-0.00466357000000000
-0.0143415000000000
-0.0173480000000000
-0.0116686000000000
-0.00371799000000000
0.000648668000000000
0.00402078000000000
0.0107533000000000
0.0166552000000000
0.0132459000000000
0.00113637000000000
-0.00894270000000000
-0.00930339000000000
-0.00354158000000000
0.000749638000000000
0.00165529000000000
0.00228420000000000
0.00452910000000000
0.00770964000000000
0.0103819000000000
0.0102151000000000
0.00484098000000000
-0.00346229000000000
-0.00733536000000000
-0.00315743000000000
0.00249531000000000
0.00171855000000000
-0.00220233000000000
0.000992958000000000
0.0119212000000000
0.0186977000000000
0.0132817000000000
0.00266156000000000
-0.00180557000000000
0.000758512000000000
0.00339302000000000
0.00347188000000000
0.00358001000000000
0.00375635000000000
0.00189116000000000
0.000491677000000000
0.00389382000000000
0.00902929000000000
0.00774113000000000
-0.000628580000000000
-0.00776761000000000
-0.00914022000000000
-0.00941216000000000
-0.0124687000000000
-0.0148353000000000
-0.0130899000000000
-0.0102502000000000
-0.00991956000000000
-0.00987519000000000
-0.00629782000000000
-0.000565825000000000
0.00255457000000000
0.00127685000000000
-0.00164591000000000
-0.00248894000000000
9.30052000000000e-05
0.00427755000000000
0.00675454000000000
0.00608148000000000
0.00418982000000000
0.00368006000000000
0.00437281000000000
0.00396503000000000
0.00132108000000000
-0.00218121000000000
-0.00433209000000000
-0.00435284000000000
-0.00370389000000000
-0.00467681000000000
-0.00721084000000000
-0.00745058000000000
-0.00157521000000000
0.00827429000000000
0.0144346000000000
0.0111913000000000
0.000661235000000000
-0.00964117000000000
-0.0143251000000000
-0.0147144000000000
-0.0155037000000000
-0.0175734000000000
-0.0165264000000000
-0.00959394000000000
-0.00113444000000000
0.00257575000000000
0.00206235000000000
0.00299648000000000
0.00642256000000000
0.00722372000000000
0.00321668000000000
-0.000412133000000000
0.00128723000000000
0.00570011000000000
0.00597743000000000
-0.000902929000000000
-0.0117960000000000
-0.0204331000000000
-0.0209169000000000
-0.0110274000000000
0.00484205000000000
0.0174832000000000
0.0200602000000000
0.0133690000000000
0.00335108000000000
-0.00484027000000000
-0.00906865000000000
-0.00868149000000000
-0.00408225000000000
0.00216726000000000
0.00569961000000000
0.00312107000000000
-0.00460697000000000
-0.0111820000000000
-0.00999041000000000
-0.00270306000000000
0.000433209000000000
-0.00675462000000000
-0.0166717000000000
-0.0173243000000000
-0.00785134000000000
0.00259958000000000
0.00854122000000000
0.0113430000000000
0.0114038000000000
0.00670617000000000
-0.000357329000000000
-0.00340411000000000
-0.000167354000000000
0.00496908000000000
0.00675412000000000
0.00317968000000000
-0.00470322000000000
-0.0132781000000000
-0.0174897000000000
-0.0138413000000000
-0.00305065000000000
0.00972562000000000
0.0175154000000000
0.0179326000000000
0.0159231000000000
0.0150894000000000
0.00913521000000000
-0.00775401000000000
-0.0265454000000000
-0.0342930000000000
-0.0357307000000000
-0.0434590000000000
-0.0489387000000000
-0.0287947000000000
0.0155488000000000
0.0511049000000000
0.0553967000000000
0.0422474000000000
0.0344011000000000
0.0318870000000000
0.0216010000000000
0.00214364000000000
-0.0157234000000000
-0.0244493000000000
-0.0238668000000000
-0.0158329000000000
-0.00331494000000000
0.00758512000000000
0.0113530000000000
0.00951736000000000
0.00969484000000000
0.0159689000000000
0.0219338000000000
0.0177258000000000
0.00356778000000000
-0.00936493000000000
-0.0142492000000000
-0.0174403000000000
-0.0268073000000000
-0.0375714000000000
-0.0383750000000000
-0.0273362000000000
-0.0141948000000000
-0.00745917000000000
-0.00614503000000000
-0.00427555000000000
0.000910730000000000
0.00708868000000000
0.0108821000000000
0.0121101000000000
0.0136932000000000
0.0181953000000000
0.0255721000000000
0.0340389000000000
0.0404483000000000
0.0399466000000000
0.0299791000000000
0.0159410000000000
0.00723732000000000
0.00583337000000000
0.00496472000000000
0.000813331000000000
-0.00225457000000000
-0.00101071000000000
0.00112063000000000
0.00234417000000000
0.00702806000000000
0.0157971000000000
0.0196917000000000
0.0115512000000000
-0.00395888000000000
-0.0180521000000000
-0.0295540000000000
-0.0418466000000000
-0.0535968000000000
-0.0589978000000000
-0.0549673000000000
-0.0431627000000000
-0.0268281000000000
-0.00919175000000000
0.00600326000000000
0.0150021000000000
0.0164813000000000
0.0125524000000000
0.00663339000000000
-0.000455980000000000
-0.0102194000000000
-0.0212382000000000
-0.0264846000000000
-0.0203744000000000
-0.00707830000000000
0.00291726000000000
0.00534809000000000
0.00676299000000000
0.0155445000000000
0.0315929000000000
0.0464819000000000
0.0519573000000000
0.0469313000000000
0.0366324000000000
0.0252644000000000
0.0119677000000000
-0.00424306000000000
-0.0170681000000000
-0.0153377000000000
0.00706335000000000
0.0450284000000000
0.0860062000000000
0.116314000000000
0.124601000000000
0.105271000000000
0.0628358000000000
0.00977070000000000
-0.0420692000000000
-0.0851117000000000
-0.112836000000000
-0.119234000000000
-0.103668000000000
-0.0728384000000000
-0.0360292000000000
-0.00115655000000000
0.0236349000000000
0.0303104000000000
0.0180292000000000
-0.00323178000000000
-0.0204324000000000
-0.0279517000000000
-0.0297751000000000
-0.0336604000000000
-0.0440107000000000
-0.0589971000000000
-0.0739476000000000
-0.0866646000000000
-0.0971417000000000
-0.101121000000000
-0.0876522000000000
-0.0474172000000000
0.0154973000000000
0.0834585000000000
0.137619000000000
0.170402000000000
0.185094000000000
0.184386000000000
0.164813000000000
0.127027000000000
0.0850759000000000
0.0554081000000000
0.0394886000000000
0.0253288000000000
0.00548377000000000
-0.0146142000000000
-0.0258412000000000
-0.0263758000000000
-0.0224662000000000
-0.0237537000000000
-0.0354223000000000
-0.0519759000000000
-0.0623728000000000
-0.0633604000000000
-0.0600319000000000
-0.0547934000000000
-0.0463702000000000
-0.0393054000000000
-0.0403130000000000
-0.0444437000000000
-0.0398858000000000
-0.0283531000000000
-0.0251270000000000
-0.0353307000000000
-0.0456166000000000
-0.0430360000000000
-0.0283689000000000
-0.00660433000000000
0.0216175000000000
0.0534480000000000
0.0796370000000000
0.0928335000000000
0.0925401000000000
0.0801523000000000
0.0576760000000000
0.0321475000000000
0.0123728000000000
-0.000589634000000000
-0.0122268000000000
-0.0235190000000000
-0.0282172000000000
-0.0228477000000000
-0.0116650000000000
0.000598401000000000
0.0137497000000000
0.0261812000000000
0.0311871000000000
0.0247899000000000
0.0128745000000000
0.00485637000000000
0.00228098000000000
-0.00162723000000000
-0.0121645000000000
-0.0267887000000000
-0.0391229000000000
-0.0470365000000000
-0.0549394000000000
-0.0667189000000000
-0.0786422000000000
-0.0835229000000000
-0.0801379000000000
-0.0719581000000000
-0.0568695000000000
-0.0272697000000000
0.0162151000000000
0.0583730000000000
0.0816909000000000
0.0798016000000000
0.0577576000000000
0.0270814000000000
-0.000101428000000000
-0.0191292000000000
-0.0334764000000000
-0.0422982000000000
-0.0367527000000000
-0.0158587000000000
0.00499663000000000
0.0131850000000000
0.0153427000000000
0.0232377000000000
0.0343674000000000
0.0392317000000000
0.0359633000000000
0.0264631000000000
0.00972490000000000
-0.0121481000000000
-0.0327064000000000
-0.0504065000000000
-0.0668849000000000
-0.0761017000000000
-0.0699171000000000
-0.0526378000000000
-0.0331179000000000
-0.00615154000000000
0.0377667000000000
0.0869151000000000
0.113788000000000
0.105973000000000
0.0748135000000000
0.0359891000000000
-0.00417121000000000
-0.0445525000000000
-0.0833941000000000
-0.116622000000000
-0.135944000000000
-0.132759000000000
-0.107662000000000
-0.0721299000000000
-0.0376043000000000
-0.00828145000000000
0.0167289000000000
0.0393268000000000
0.0589777000000000
0.0694720000000000
0.0641340000000000
0.0473771000000000
0.0331451000000000
0.0280583000000000
0.0259679000000000
0.0226974000000000
0.0236005000000000
0.0308221000000000
0.0363269000000000
0.0337326000000000
0.0259972000000000
0.0163425000000000
0.00246862000000000
-0.0150693000000000
-0.0292706000000000
-0.0358710000000000
-0.0373846000000000
-0.0347918000000000
-0.0252494000000000
-0.0107926000000000
0.000348462000000000
0.00452417000000000
0.00703465000000000
0.0131743000000000
0.0216461000000000
0.0284397000000000
0.0314089000000000
0.0298531000000000
0.0248586000000000
0.0209562000000000
0.0224011000000000
0.0270564000000000
0.0280468000000000
0.0220304000000000
0.0123277000000000
0.00392918000000000
-0.00117165000000000
-0.00387200000000000
-0.00620042000000000
-0.00960682000000000
-0.0123592000000000
-0.00964546000000000
0.000544706000000000
0.0127964000000000
0.0193797000000000
0.0189209000000000
0.0157027000000000
0.0117924000000000
0.00568408000000000
-0.00139866000000000
-0.00449268000000000
-0.00177781000000000
0.00276611000000000
0.00574441000000000
0.00853550000000000
0.0125674000000000
0.0146256000000000
0.0100591000000000
-0.00107726000000000
-0.0135751000000000
-0.0214422000000000
-0.0227167000000000
-0.0197303000000000
-0.0147802000000000
-0.00664934000000000
0.00576910000000000
0.0176364000000000
0.0205712000000000
0.0119878000000000
-0.00154816000000000
-0.0118024000000000
-0.0158909000000000
-0.0146442000000000
-0.00869580000000000
0.000944795000000000
0.0113709000000000
0.0199286000000000
0.0262678000000000
0.0306954000000000
0.0320867000000000
0.0284591000000000
0.0185438000000000
0.00241273000000000
-0.0167175000000000
-0.0311535000000000
-0.0324524000000000
-0.0200137000000000
-0.00341799000000000
0.00665357000000000
0.00827286000000000
0.00619026000000000
0.00314039000000000
-0.00254820000000000
-0.0117058000000000
-0.0218300000000000
-0.0303226000000000
-0.0367706000000000
-0.0406551000000000
-0.0402880000000000
-0.0351525000000000
-0.0273985000000000
-0.0197289000000000
-0.0132351000000000
-0.00765311000000000
-0.00242053000000000
0.00275953000000000
0.00731318000000000
0.00938783000000000
0.00751928000000000
0.00288884000000000
-0.000826999000000000
-0.000235218000000000
0.00589305000000000
0.0164992000000000
0.0288298000000000
0.0400174000000000
0.0495799000000000
0.0590565000000000
0.0680321000000000
0.0726523000000000
0.0697582000000000
0.0599009000000000
0.0445274000000000
0.0243792000000000
0.00251642000000000
-0.0161242000000000
-0.0310118000000000
-0.0457963000000000
-0.0594250000000000
-0.0644424000000000
-0.0580381000000000
-0.0470995000000000
-0.0378447000000000
-0.0281284000000000
-0.0153613000000000
-0.00454277000000000
-0.00179634000000000
-0.00557824000000000
-0.0103160000000000
-0.0152819000000000
-0.0241273000000000
-0.0367656000000000
-0.0455429000000000
-0.0414437000000000
-0.0232284000000000
0.00109179000000000
0.0230309000000000
0.0405098000000000
0.0543418000000000
0.0618138000000000
0.0593406000000000
0.0482989000000000
0.0333727000000000
0.0171955000000000
0.000902357000000000
-0.0130569000000000
-0.0227625000000000
-0.0280833000000000
-0.0273176000000000
-0.0172614000000000
0.000413450000000000
0.0178367000000000
0.0287489000000000
0.0326642000000000
0.0304743000000000
0.0216039000000000
0.00768317000000000
-0.00653083000000000
-0.0175719000000000
-0.0251313000000000
-0.0288620000000000
-0.0278393000000000
-0.0239877000000000
-0.0215087000000000
-0.0212704000000000
-0.0187742000000000
-0.00923397000000000
0.00661349000000000
0.0221456000000000
0.0298868000000000
0.0274486000000000
0.0187735000000000
0.00939785000000000
0.000822133000000000
-0.00962328000000000
-0.0236306000000000
-0.0386255000000000
-0.0501789000000000
-0.0559212000000000
-0.0557309000000000
-0.0499699000000000
-0.0394235000000000
-0.0267293000000000
-0.0156633000000000
-0.00812687000000000
-0.00253038000000000
0.00363261000000000
0.0105135000000000
0.0159589000000000
0.0186154000000000
0.0197647000000000
0.0221843000000000
0.0276590000000000
0.0356205000000000
0.0437846000000000
0.0496593000000000
0.0517197000000000
0.0492471000000000
0.0421966000000000
0.0318906000000000
0.0217270000000000
0.0148096000000000
0.0108155000000000
0.00717864000000000
0.00420048000000000
0.00543769000000000
0.0116421000000000
0.0173537000000000
0.0163038000000000
0.00758512000000000
-0.00572130000000000
-0.0208732000000000
-0.0354015000000000
-0.0455329000000000
-0.0485809000000000
-0.0455379000000000
-0.0388595000000000
-0.0295425000000000
-0.0184007000000000
-0.00808178000000000
-0.000814189000000000
0.00396310000000000
0.00822133000000000
0.0124393000000000
0.0154057000000000
0.0154536000000000
0.0117337000000000
0.00526665000000000
-0.00122204000000000
-0.00563170000000000
-0.00813975000000000
-0.00959394000000000
-0.00975567000000000
-0.00849829000000000
-0.00698656000000000
-0.00595445000000000
-0.00466429000000000
-0.00319693000000000
-0.00352813000000000
-0.00633618000000000
-0.00891551000000000
-0.00838307000000000
-0.00520195000000000
-0.00166058000000000
0.00148589000000000
0.00543761000000000
0.0113058000000000
0.0183620000000000
0.0234617000000000
0.0228570000000000
0.0161321000000000
0.00753073000000000
0.00124987000000000
-0.00325590000000000
-0.00892409000000000
-0.0157614000000000
-0.0210006000000000
-0.0230681000000000
-0.0224319000000000
-0.0195464000000000
-0.0149233000000000
-0.0105150000000000
-0.00869938000000000
-0.00984298000000000
-0.0120779000000000
-0.0129317000000000
-0.0108170000000000
-0.00602659000000000
-0.000564515000000000
0.00400640000000000
0.00806890000000000
0.0123527000000000
0.0159768000000000
0.0175319000000000
0.0168706000000000
0.0146392000000000
0.0112378000000000
0.00732320000000000
0.00441052000000000
0.00434812000000000
0.00852047000000000
0.0164813000000000
0.0242482000000000
0.0258741000000000
0.0195328000000000
0.0106488000000000
0.00613236000000000
0.00682325000000000
0.00839881000000000
0.00784562000000000
0.00592132000000000
0.00437774000000000
0.00387987000000000
0.00416327000000000
0.00428772000000000
0.00268560000000000
-0.00136080000000000
-0.00669772000000000
-0.0113501000000000
-0.0141225000000000
-0.0145111000000000
-0.0124766000000000
-0.00898206000000000
-0.00565832000000000
-0.00307341000000000
-0.000434533000000000
0.00222301000000000
0.00275230000000000
-0.000725521000000000
-0.00675798000000000
-0.0116614000000000
-0.0135042000000000
-0.0134176000000000
-0.0128065000000000
-0.0113673000000000
-0.00851260000000000
-0.00513196000000000
-0.00254126000000000
-0.000813760000000000
0.000943435000000000
0.00346816000000000
0.00728384000000000
0.0127163000000000
0.0187206000000000
0.0225135000000000
0.0218401000000000
0.0173587000000000
0.0115405000000000
0.00574191000000000
-0.000115405000000000
-0.00504880000000000
-0.00630762000000000
-0.00225278000000000
0.00521297000000000
0.0124007000000000
0.0167304000000000
0.0171876000000000
0.0133224000000000
0.00573561000000000
-0.00340626000000000
-0.0118217000000000
-0.0187635000000000
-0.0238804000000000
-0.0251836000000000
-0.0204395000000000
-0.0106280000000000
-0.000102688000000000
0.00742983000000000
0.0117316000000000
0.0143093000000000
0.0151330000000000
0.0124930000000000
0.00586822000000000
-0.00244922000000000
-0.00911517000000000
-0.0124572000000000
-0.0132523000000000
-0.0132709000000000
-0.0131135000000000
-0.0113000000000000
-0.00581998000000000
0.00273842000000000
0.00994174000000000
0.0106567000000000
0.00391100000000000
-0.00641998000000000
-0.0158730000000000
-0.0228513000000000
-0.0275030000000000
-0.0292999000000000
-0.0273291000000000
-0.0221864000000000
-0.0159940000000000
-0.0106524000000000
-0.00693539000000000
-0.00502054000000000
-0.00475331000000000
-0.00532447000000000
-0.00556886000000000
-0.00487125000000000
-0.00344147000000000
-0.00156841000000000
0.000939857000000000
0.00418302000000000
0.00733751000000000
0.00916169000000000
0.00944866000000000
0.00920176000000000
0.00915954000000000
0.00878240000000000
0.00744271000000000
0.00592017000000000
0.00563477000000000
0.00657284000000000
0.00721012000000000
0.00644682000000000
0.00452001000000000
0.00200638000000000
-0.000883106000000000
-0.00359175000000000
-0.00495527000000000
-0.00441016000000000
-0.00276797000000000
-0.00123613000000000
-0.000284405000000000
0.000142342000000000
0.000210679000000000
0.000185824000000000
0.000203322000000000
-0.000144296000000000
-0.000985658000000000
-0.00126390000000000
9.54527000000000e-05
0.00229414000000000
0.00375506000000000
0.00497109000000000
0.00784705000000000
0.0119971000000000
0.0142943000000000
0.0127907000000000
0.00857486000000000
0.00345499000000000
-0.00172714000000000
-0.00579794000000000
-0.00716504000000000
-0.00593678000000000
-0.00404289000000000
-0.00222115000000000
0.000711194000000000
0.00514628000000000
0.00936708000000000
0.0117094000000000
0.0120944000000000
0.0114138000000000
0.0106409000000000
0.0106459000000000
0.0112507000000000
0.0109100000000000
0.00832582000000000
0.00435076000000000
0.00109809000000000
-0.000251242000000000
-0.000180915000000000
7.06785000000000e-05
-0.000550961000000000
-0.00209949000000000
-0.00328617000000000
-0.00265977000000000
-0.000279975000000000
0.00245073000000000
0.00429237000000000
0.00448910000000000
0.00246425000000000
-0.00144589000000000
-0.00541929000000000
-0.00785420000000000
-0.00917242000000000
-0.0103883000000000
-0.0104541000000000
-0.00699056000000000
0.000278014000000000
0.00857271000000000
0.0147580000000000
0.0178146000000000
0.0185302000000000
0.0177630000000000
0.0156025000000000
0.0119756000000000
0.00771823000000000
0.00441474000000000
0.00271552000000000
0.00170281000000000
0.000387329000000000
-0.000948516000000000
-0.00205383000000000
-0.00376844000000000
-0.00668169000000000
-0.00972061000000000
-0.0116765000000000
-0.0125703000000000
-0.0124608000000000
-0.0105264000000000
-0.00673308000000000
-0.00267179000000000
0.000414459000000000
0.00282222000000000
0.00470644000000000
0.00534616000000000
0.00508516000000000
0.00562468000000000
0.00734395000000000
0.00848970000000000
0.00799376000000000
0.00681630000000000
0.00591953000000000
0.00482323000000000
0.00313574000000000
0.00154937000000000
0.000711988000000000
0.000281843000000000
-0.000274049000000000
-0.00112328000000000
-0.00226738000000000
-0.00349170000000000
-0.00412348000000000
-0.00382577000000000
-0.00340890000000000
-0.00394893000000000
-0.00511371000000000
-0.00511035000000000
-0.00251971000000000
0.00209763000000000
0.00635650000000000
0.00795940000000000
0.00656361000000000
0.00365308000000000
0.000546395000000000
-0.00266113000000000
-0.00606652000000000
-0.00874160000000000
-0.00938425000000000
-0.00774328000000000
-0.00485279000000000
-0.00214736000000000
-0.000604276000000000
-0.000302496000000000
-0.000386863000000000
-8.60349000000000e-06
0.000605765000000000
0.000431155000000000
-0.000867720000000000
-0.00252286000000000
-0.00374297000000000
-0.00446470000000000
-0.00479761000000000
-0.00493988000000000
-0.00555741000000000
-0.00737973000000000
-0.00995749000000000
-0.0121445000000000
-0.0135486000000000
-0.0146743000000000
-0.0154014000000000
-0.0148933000000000
-0.0130777000000000
-0.0110166000000000
-0.00928693000000000
-0.00720655000000000
-0.00416047000000000
-0.000650557000000000
0.00244328000000000
0.00486903000000000
0.00679276000000000
0.00805387000000000
0.00808106000000000
0.00662780000000000
0.00451150000000000
0.00308844000000000
0.00280039000000000
0.00269991000000000
0.00190240000000000
0.000853765000000000
0.000468411000000000
0.000597714000000000
0.000187249000000000
-0.00133632000000000
-0.00375520000000000
-0.00658644000000000
-0.00925401000000000
-0.0109458000000000
-0.0112829000000000
-0.0107297000000000
-0.00999041000000000
-0.00907009000000000
-0.00732463000000000
-0.00426968000000000
-0.000361959000000000
0.00299061000000000
0.00443743000000000
0.00387200000000000
0.00250497000000000
0.00151889000000000
0.00103439000000000
0.000708074000000000
0.000759299000000000
0.00168577000000000
0.00326191000000000
0.00460847000000000
0.00500186000000000
0.00424327000000000
0.00254519000000000
0.000556214000000000
-0.000769175000000000
-0.000780411000000000
0.000418516000000000
0.00237723000000000
0.00505904000000000
0.00866503000000000
0.0126011000000000
0.0153413000000000
0.0156669000000000
0.0137905000000000
0.0107740000000000
0.00751499000000000
0.00458414000000000
0.00268481000000000
0.00213348000000000
0.00239047000000000
0.00277212000000000
0.00352627000000000
0.00508659000000000
0.00675190000000000
0.00706091000000000
0.00547805000000000
0.00240679000000000
-0.00183012000000000
-0.00693889000000000
-0.0116192000000000
-0.0139200000000000
-0.0126505000000000
-0.00841098000000000
-0.00307935000000000
0.00140767000000000
0.00419783000000000
0.00562504000000000
0.00637532000000000
0.00674746000000000
0.00701704000000000
0.00790358000000000
0.00974709000000000
0.0118074000000000
0.0129195000000000
0.0127521000000000
0.0119090000000000
0.0113194000000000
0.0115312000000000
0.0121989000000000
0.0121917000000000
0.0105572000000000
0.00747205000000000
0.00383421000000000
0.000358545000000000
-0.00276146000000000
-0.00545135000000000
-0.00759586000000000
-0.00887328000000000
-0.00882247000000000
-0.00741337000000000
-0.00559341000000000
-0.00461276000000000
-0.00491391000000000
-0.00600949000000000
-0.00737544000000000
-0.00873087000000000
-0.00967767000000000
-0.00957032000000000
-0.00803097000000000
-0.00525305000000000
-0.00213591000000000
-6.39729000000000e-05
-4.12448000000000e-05
-0.00160591000000000
-0.00306661000000000
-0.00304715000000000
-0.00157356000000000
0.000457984000000000
0.00236514000000000
0.00385883000000000
0.00474022000000000
0.00500773000000000
0.00503363000000000
0.00484449000000000
0.00369373000000000
0.00103053000000000
-0.00231039000000000
-0.00492407000000000
-0.00661886000000000
-0.00835015000000000
-0.0102888000000000
-0.0113537000000000
-0.0109351000000000
-0.00994317000000000
-0.00948158000000000
-0.00963187000000000
-0.00979647000000000
-0.00952380000000000
-0.00855411000000000
-0.00695800000000000
-0.00550710000000000
-0.00520074000000000
-0.00607983000000000
-0.00716003000000000
-0.00765955000000000
-0.00737472000000000
-0.00617079000000000
-0.00422281000000000
-0.00259686000000000
-0.00226423000000000
-0.00260108000000000
-0.00214364000000000
-0.000766241000000000
0.000241566000000000
0.000450406000000000
0.00102853000000000
0.00296921000000000
0.00590164000000000
0.00894699000000000
0.0113752000000000
0.0121774000000000
0.0105393000000000
0.00718436000000000
0.00404282000000000
0.00217198000000000
0.00109572000000000
0.000299569000000000
0.000104670000000000
0.000645741000000000
0.00112542000000000
0.000613200000000000
-0.000985873000000000
-0.00317381000000000
-0.00530694000000000
-0.00672527000000000
-0.00698749000000000
-0.00637747000000000
-0.00563206000000000
-0.00512209000000000
-0.00462450000000000
-0.00376830000000000
-0.00231125000000000
-0.000151731000000000
0.00240965000000000
0.00478931000000000
0.00674503000000000
0.00853407000000000
0.0101350000000000
0.0109036000000000
0.0105064000000000
0.00945439000000000
0.00829290000000000
0.00684901000000000
0.00509947000000000
0.00370031000000000
0.00313696000000000
0.00314519000000000
0.00351725000000000
0.00448881000000000
0.00584961000000000
0.00664605000000000
0.00620786000000000
0.00481779000000000
0.00290473000000000
0.000356162000000000
-0.00280812000000000
-0.00569224000000000
-0.00706063000000000
-0.00648611000000000
-0.00475883000000000
-0.00310032000000000
-0.00205254000000000
-0.00120214000000000
-0.000216332000000000
0.000528561000000000
0.000515966000000000
-9.78287000000000e-05
-0.000752358000000000
-0.00101371000000000
-0.000639264000000000
0.000355425000000000
0.00135615000000000
0.00156970000000000
0.00105178000000000
0.000688923000000000
0.000990954000000000
0.00167368000000000
0.00235970000000000
0.00294860000000000
0.00328030000000000
0.00315471000000000
0.00267243000000000
0.00208246000000000
0.00147401000000000
0.000959966000000000
0.000800807000000000
0.000906436000000000
0.000816408000000000
0.000524461000000000
0.000594136000000000
0.00124164000000000
0.00190405000000000
0.00205748000000000
0.00154816000000000
0.000210393000000000
-0.00213663000000000
-0.00486252000000000
-0.00681881000000000
-0.00752787000000000
-0.00740550000000000
-0.00676399000000000
-0.00543969000000000
-0.00338586000000000
-0.000927691000000000
0.00150142000000000
0.00342586000000000
0.00428958000000000
0.00397691000000000
0.00320444000000000
0.00293164000000000
0.00347303000000000
0.00440379000000000
0.00493588000000000
0.00439993000000000
0.00264803000000000
0.000305616000000000
-0.00168627000000000
-0.00263908000000000
-0.00240636000000000
-0.00136960000000000
-0.000361072000000000
-3.64514000000000e-05
-0.000249918000000000
-0.000447643000000000
-0.000542860000000000
-0.000770535000000000
-0.000996321000000000
-0.000932271000000000
-0.000822706000000000
-0.00112836000000000
-0.00182096000000000
-0.00261232000000000
-0.00350859000000000
-0.00439700000000000
-0.00474931000000000
-0.00447128000000000
-0.00425766000000000
-0.00433065000000000
-0.00367040000000000
-0.00146886000000000
0.00158229000000000
0.00423247000000000
0.00617294000000000
0.00764237000000000
0.00843030000000000
0.00821847000000000
0.00732105000000000
0.00614138000000000
0.00445625000000000
0.00207315000000000
-0.000422359000000000
-0.00236177000000000
-0.00388896000000000
-0.00540827000000000
-0.00669379000000000
-0.00712775000000000
-0.00652940000000000
-0.00523151000000000
-0.00376716000000000
-0.00269083000000000
-0.00239469000000000
-0.00264588000000000
-0.00284269000000000
-0.00274171000000000
-0.00275423000000000
-0.00332854000000000
-0.00430088000000000
-0.00483955000000000
-0.00407345000000000
-0.00204531000000000
0.000224126000000000
0.00189295000000000
0.00338429000000000
0.00542760000000000
0.00749781000000000
0.00834800000000000
0.00794151000000000
0.00738975000000000
0.00690125000000000
0.00538323000000000
0.00239884000000000
-0.000760731000000000
-0.00257990000000000
-0.00294774000000000
-0.00274729000000000
-0.00269791000000000
-0.00305595000000000
-0.00383672000000000
-0.00466944000000000
-0.00496693000000000
-0.00453912000000000
-0.00378490000000000
-0.00300184000000000
-0.00202764000000000
-0.000747062000000000
0.000496014000000000
0.00134377000000000
0.00183606000000000
0.00209319000000000
0.00198899000000000
0.00146478000000000
0.000832009000000000
0.000443213000000000
0.000436565000000000
0.00100884000000000
0.00240314000000000
0.00429709000000000
0.00578155000000000
0.00633446000000000
0.00622253000000000
0.00582650000000000
0.00511214000000000
0.00401935000000000
0.00258169000000000
0.000754934000000000
-0.00128487000000000
-0.00259564000000000
-0.00220891000000000
-0.000436329000000000
0.00122654000000000
0.00158916000000000
0.000442591000000000
-0.00194269000000000
-0.00513153000000000
-0.00838808000000000
-0.0109064000000000
-0.0121738000000000
-0.0119234000000000
-0.0100269000000000
-0.00674868000000000
-0.00289743000000000
0.000429330000000000
0.00237673000000000
0.00283231000000000
0.00257639000000000
0.00250934000000000
0.00268889000000000
0.00257876000000000
0.00234503000000000
0.00282895000000000
0.00406343000000000
0.00489551000000000
0.00460074000000000
0.00366446000000000
0.00277656000000000
0.00215753000000000
0.00206256000000000
0.00270500000000000
0.00354674000000000
0.00371957000000000
0.00316151000000000
0.00242697000000000
0.00147995000000000
-0.000127013000000000
-0.00222652000000000
-0.00427068000000000
-0.00623484000000000
-0.00801451000000000
-0.00865143000000000
-0.00736041000000000
-0.00482882000000000
-0.00240278000000000
-0.000547404000000000
0.000969628000000000
0.00205276000000000
0.00233730000000000
0.00179262000000000
0.000524446000000000
-0.00131915000000000
-0.00309982000000000
-0.00389175000000000
-0.00347639000000000
-0.00247320000000000
-0.00141304000000000
-0.000481658000000000
0.000124823000000000
0.000318798000000000
0.000529814000000000
0.00115426000000000
0.00194598000000000
0.00251156000000000
0.00292040000000000
0.00328724000000000
0.00329626000000000
0.00278679000000000
0.00216547000000000
0.00180114000000000
0.00157084000000000
0.00138642000000000
0.00139486000000000
0.00143086000000000
0.00103990000000000
0.000241237000000000
-0.000469757000000000
-0.000980219000000000
-0.00165250000000000
-0.00254219000000000
-0.00303734000000000
-0.00263515000000000
-0.00151660000000000
-0.000440444000000000
-0.000119992000000000
-0.000762162000000000
-0.00189102000000000
-0.00281614000000000
-0.00324674000000000
-0.00336224000000000
-0.00334958000000000
-0.00313975000000000
-0.00245538000000000
-0.000975066000000000
0.00130727000000000
0.00370862000000000
0.00525190000000000
0.00565159000000000
0.00550252000000000
0.00553258000000000
0.00599668000000000
0.00674982000000000
0.00720583000000000
0.00664548000000000
0.00505517000000000
0.00337412000000000
0.00217234000000000
0.000756508000000000
-0.00158594000000000
-0.00413249000000000
-0.00550904000000000
-0.00542452000000000
-0.00450126000000000
-0.00303970000000000
-0.000995605000000000
0.00115834000000000
0.00269419000000000
0.00341413000000000
0.00351074000000000
0.00294445000000000
0.00169300000000000
0.000209906000000000
-0.000899494000000000
-0.00142607000000000
-0.00139558000000000
-0.000792291000000000
0.000105815000000000
0.000667590000000000
0.000695850000000000
0.000778407000000000
0.00130534000000000
0.00169322000000000
0.00129610000000000
0.000491641000000000
8.64428000000000e-05
0.000120987000000000
0.000257282000000000
0.000832510000000000
0.00236041000000000
0.00420370000000000
0.00497130000000000
0.00431691000000000
0.00331508000000000
0.00278407000000000
0.00237787000000000
0.00152339000000000
0.000486796000000000
-4.58228000000000e-05
0.000232034000000000
0.00106216000000000
0.00208160000000000
0.00308815000000000
0.00392796000000000
0.00429816000000000
0.00397620000000000
0.00312315000000000
0.00213985000000000
0.00112743000000000
-2.99820000000000e-05
-0.00107390000000000
-0.00139773000000000
-0.000927404000000000
-0.000337412000000000
-7.22802000000000e-05
0.000245717000000000
0.00109215000000000
0.00228377000000000
0.00332238000000000
0.00389955000000000
0.00386355000000000
0.00320931000000000
0.00226208000000000
0.00140696000000000
0.000624078000000000
-0.000350902000000000
-0.00142585000000000
-0.00217019000000000
-0.00246075000000000
-0.00262814000000000
-0.00298553000000000
-0.00361823000000000
-0.00463287000000000
-0.00606710000000000
-0.00761232000000000
-0.00866217000000000
-0.00888187000000000
-0.00847395000000000
-0.00788712000000000
-0.00719581000000000
-0.00609744000000000
-0.00444630000000000
-0.00276532000000000
-0.00178110000000000
-0.00152454000000000
-0.00119913000000000
-0.000247785000000000
0.000885682000000000
0.00135057000000000
0.000977070000000000
0.000406064000000000
0.000210113000000000
0.000319307000000000
0.000412412000000000
0.000539267000000000
0.000950735000000000
0.00141254000000000
0.00120801000000000
-8.50902000000000e-06
-0.00174911000000000
-0.00346580000000000
-0.00511865000000000
-0.00659617000000000
-0.00705268000000000
-0.00586579000000000
-0.00374848000000000
-0.00216025000000000
-0.00164112000000000
-0.00161385000000000
-0.00159796000000000
-0.00179011000000000
-0.00244872000000000
-0.00344826000000000
-0.00462020000000000
-0.00575429000000000
-0.00636810000000000
-0.00601807000000000
-0.00505317000000000
-0.00426632000000000
-0.00380730000000000
-0.00308736000000000
-0.00194985000000000
-0.00112056000000000
-0.00105758000000000
-0.00128558000000000
-0.00118754000000000
-0.000808536000000000
-0.000280554000000000
0.000669858000000000
0.00205462000000000
0.00331100000000000
0.00420363000000000
0.00527624000000000
0.00658207000000000
0.00717005000000000
0.00642764000000000
0.00516524000000000
0.00447171000000000
0.00434840000000000
0.00417629000000000
0.00387486000000000
0.00371470000000000
0.00350895000000000
0.00279925000000000
0.00160963000000000
0.000375635000000000
-0.000687227000000000
-0.00180457000000000
-0.00317188000000000
-0.00453282000000000
-0.00531545000000000
-0.00518242000000000
-0.00436107000000000
-0.00334958000000000
-0.00244765000000000
-0.00167117000000000
-0.000996607000000000
-0.000388402000000000
0.000283410000000000
0.00113580000000000
0.00208102000000000
0.00289171000000000
0.00352527000000000
0.00423447000000000
0.00520911000000000
0.00616006000000000
0.00645927000000000
0.00585383000000000
0.00470973000000000
0.00349192000000000
0.00213663000000000
0.000541350000000000
-0.000805888000000000
-0.00118926000000000
-0.000742983000000000
-0.000338636000000000
-0.000424184000000000
-0.000556557000000000
-0.000354209000000000
-0.000325146000000000
-0.00120250000000000
-0.00278100000000000
-0.00398428000000000
-0.00407724000000000
-0.00331301000000000
-0.00235648000000000
-0.00152125000000000
-0.000689030000000000
0.000173179000000000
0.000852190000000000
0.00119262000000000
0.00145083000000000
0.00200216000000000
0.00282272000000000
0.00345442000000000
0.00359433000000000
0.00341119000000000
0.00298982000000000
0.00196330000000000
8.20773000000000e-05
-0.00204667000000000
-0.00344476000000000
-0.00367949000000000
-0.00303018000000000
-0.00198255000000000
-0.00103833000000000
-0.000571264000000000
-0.000533614000000000
-0.000563578000000000
-0.000552764000000000
-0.000608492000000000
-0.000547955000000000
-7.17434000000000e-05
0.000568301000000000
0.000851618000000000
0.000879886000000000
0.00118203000000000
0.00173980000000000
0.00204131000000000
0.00203787000000000
0.00201554000000000
0.00180099000000000
0.000976712000000000
-0.000100613000000000
-0.000463609000000000
0.000389433000000000
0.00202134000000000
0.00369946000000000
0.00502626000000000
0.00596297000000000
0.00643537000000000
0.00608356000000000
0.00458621000000000
0.00233000000000000
0.000279388000000000
-0.00109458000000000
-0.00222823000000000
-0.00340618000000000
-0.00406279000000000
-0.00360320000000000
-0.00232985000000000
-0.000966049000000000
0.000186869000000000
0.00111941000000000
0.00173573000000000
0.00198670000000000
0.00198112000000000
0.00168477000000000
0.000994675000000000
0.000252022000000000
5.40877000000000e-05
0.000528218000000000
0.00111261000000000
0.00130813000000000
0.00105092000000000
0.000409907000000000
-0.000733751000000000
-0.00243269000000000
-0.00439492000000000
-0.00614195000000000
-0.00724877000000000
-0.00737472000000000
-0.00625717000000000
-0.00405327000000000
-0.00152168000000000
0.000517054000000000
0.00187642000000000
0.00280526000000000
0.00332439000000000
0.00331580000000000
0.00313467000000000
0.00345342000000000
0.00443020000000000
0.00561223000000000
0.00660526000000000
0.00724877000000000
0.00725664000000000
0.00634448000000000
0.00469542000000000
0.00276912000000000
0.000925973000000000
-0.000629968000000000
-0.00167976000000000
-0.00222609000000000
-0.00239462000000000
-0.00214980000000000
-0.00139830000000000
-0.000546789000000000
-0.000242647000000000
-0.000547590000000000
-0.000866217000000000
-0.000833226000000000
-0.000823063000000000
-0.00130942000000000
-0.00197747000000000
-0.00196874000000000
-0.00105722000000000
-6.49104000000000e-05
0.000231848000000000
0.000123234000000000
0.000252737000000000
0.000362531000000000
-0.000232821000000000
-0.00119828000000000
-0.00156261000000000
-0.00121889000000000
-0.000810325000000000
-0.000413142000000000
0.000360757000000000
0.00129882000000000
0.00178103000000000
0.00173880000000000
0.00144102000000000
0.000819986000000000
-0.000177695000000000
-0.00103862000000000
-0.00142335000000000
-0.00163282000000000
-0.00181201000000000
-0.00149427000000000
-0.000649842000000000
-6.80800000000000e-05
-0.000173737000000000
-0.000506455000000000
-0.000788426000000000
-0.00139501000000000
-0.00230989000000000
-0.00277620000000000
-0.00247771000000000
-0.00205941000000000
-0.00197096000000000
-0.00181230000000000
-0.00118990000000000
-0.000446233000000000
-5.90908000000000e-05
-7.16074000000000e-05
-0.000343674000000000
-0.000880458000000000
-0.00161414000000000
-0.00229014000000000
-0.00276447000000000
-0.00312436000000000
-0.00352054000000000
-0.00391086000000000
-0.00398843000000000
-0.00336840000000000
-0.00209140000000000
-0.000761590000000000
0.000201855000000000
0.00104749000000000
0.00203429000000000
0.00268367000000000
0.00245423000000000
0.00160576000000000
0.000791289000000000
0.000202277000000000
-0.000265769000000000
-0.000471288000000000
-0.000374826000000000
-0.000351346000000000
-0.000650979000000000
-0.000954170000000000
-0.00108012000000000
-0.00139408000000000
-0.00219538000000000
-0.00313596000000000
-0.00373309000000000
-0.00381503000000000
-0.00337012000000000
-0.00230452000000000
-0.000706886000000000
0.00107025000000000
0.00255585000000000
0.00330692000000000
0.00307792000000000
0.00205362000000000
0.000636824000000000
-0.00101278000000000
-0.00268646000000000
-0.00364378000000000
-0.00319972000000000
-0.00182010000000000
-0.000689696000000000
-0.000209233000000000
0.000188358000000000
0.000759443000000000
0.00104384000000000
0.000846179000000000
0.000668205000000000
0.000933917000000000
0.00156705000000000
0.00239677000000000
0.00338972000000000
0.00434790000000000
0.00494174000000000
0.00509046000000000
0.00494847000000000
0.00456038000000000
0.00385260000000000
0.00281993000000000
0.00152504000000000
7.83560000000000e-05
-0.00118926000000000
-0.00190462000000000
-0.00206299000000000
-0.00203737000000000
-0.00207659000000000
-0.00202528000000000
-0.00176900000000000
-0.00146392000000000
-0.00126447000000000
-0.000966121000000000
-0.000491856000000000
-0.000128637000000000
-0.000135479000000000
-0.000162759000000000
0.000223002000000000
0.000773899000000000
0.000880387000000000
0.000608141000000000
0.000637067000000000
0.00115076000000000
0.00169658000000000
0.00209326000000000
0.00268403000000000
0.00336940000000000
0.00344769000000000
0.00262062000000000
0.00132065000000000
-0.000150436000000000
-0.00188780000000000
-0.00342651000000000
-0.00372436000000000
-0.00241559000000000
-0.000491376000000000
0.000949804000000000
0.00170667000000000
0.00201461000000000
0.00182733000000000
0.00120171000000000
0.000705254000000000
0.000857915000000000
0.00165121000000000
0.00289829000000000
0.00453154000000000
0.00624314000000000
0.00741480000000000
0.00778407000000000
0.00771322000000000
0.00747420000000000
0.00669651000000000
0.00498883000000000
0.00275273000000000
0.000781127000000000
-0.000591488000000000
-0.00159353000000000
-0.00245466000000000
-0.00319135000000000
-0.00369738000000000
-0.00399638000000000
-0.00423555000000000
-0.00449940000000000
-0.00463380000000000
-0.00449532000000000
-0.00416026000000000
-0.00384287000000000
-0.00351596000000000
-0.00295254000000000
-0.00204911000000000
-0.00102058000000000
-0.000107833000000000
0.000568301000000000
0.000965191000000000
0.00102065000000000
0.000724090000000000
0.000163210000000000
-0.000419497000000000
-0.000781842000000000
-0.000902500000000000
-0.00100884000000000
-0.00121237000000000
-0.00130534000000000
-0.000981078000000000
-0.000164870000000000
0.00105679000000000
0.00238367000000000
0.00315141000000000
0.00272024000000000
0.00126233000000000
-0.000412011000000000
-0.00177416000000000
-0.00284913000000000
-0.00363834000000000
-0.00395981000000000
-0.00392782000000000
-0.00393569000000000
-0.00403058000000000
-0.00395508000000000
-0.00383843000000000
-0.00405735000000000
-0.00441567000000000
-0.00437574000000000
-0.00405957000000000
-0.00396696000000000
-0.00380244000000000
-0.00270757000000000
-0.000746776000000000
0.00102552000000000
0.00203587000000000
0.00276733000000000
0.00354173000000000
0.00386878000000000
0.00337069000000000
0.00255893000000000
0.00207129000000000
0.00194634000000000
0.00191986000000000
0.00197046000000000
0.00214837000000000
0.00229708000000000
0.00217334000000000
0.00170502000000000
0.00101550000000000
0.000321153000000000
-2.43849000000000e-05
0.000301702000000000
0.00119649000000000
0.00205848000000000
0.00236585000000000
0.00203343000000000
0.00111555000000000
-0.000432371000000000
-0.00231576000000000
-0.00366074000000000
-0.00374111000000000
-0.00283517000000000
-0.00175584000000000
-0.000816479000000000
0.000149971000000000
0.00106989000000000
0.00160455000000000
0.00170059000000000
0.00163668000000000
0.00161457000000000
0.00159253000000000
0.00144331000000000
0.00102266000000000
0.000160326000000000
-0.00107425000000000
-0.00230109000000000
-0.00316516000000000
-0.00361680000000000
-0.00368285000000000
-0.00324796000000000
-0.00221177000000000
-0.000733608000000000
0.000779266000000000
0.00201626000000000
0.00282694000000000
0.00310282000000000
0.00278865000000000
0.00217055000000000
0.00164283000000000
0.00126397000000000
0.000864714000000000
0.000586743000000000
0.000789571000000000
0.00135472000000000
0.00168656000000000
0.00144639000000000
0.000753717000000000
-0.000347367000000000
-0.00184858000000000
-0.00329068000000000
-0.00403860000000000
-0.00410823000000000
-0.00400740000000000
-0.00385561000000000
-0.00321940000000000
-0.00193847000000000
-0.000535453000000000
0.000296191000000000
0.000287138000000000
-0.000208131000000000
-0.000477550000000000
-9.54885000000000e-05
0.000492564000000000
0.000574334000000000
0.000191406000000000
3.62653000000000e-05
0.000318641000000000
0.000427777000000000
-7.19796000000000e-05
-0.000747634000000000
-0.000897133000000000
-0.000438397000000000
0.000315385000000000
0.00119727000000000
0.00211208000000000
0.00272904000000000
0.00271666000000000
0.00212654000000000
0.00132495000000000
0.000591674000000000
-4.58442000000000e-05
-0.000665471000000000
-0.00126340000000000
-0.00175047000000000
-0.00195951000000000
-0.00180622000000000
-0.00140045000000000
-0.00103575000000000
-0.000895773000000000
-0.000853121000000000
-0.000541636000000000
0.000204016000000000
0.00110274000000000
0.00166581000000000
0.00172564000000000
0.00146636000000000
0.00106109000000000
0.000530966000000000
0.000130154000000000
0.000248830000000000
0.000857343000000000
0.00139300000000000
0.00149899000000000
0.00135207000000000
0.00118675000000000
0.000925258000000000
0.000445382000000000
-0.000131006000000000
-0.000677015000000000
-0.00112757000000000
-0.00138456000000000
-0.00131772000000000
-0.00100283000000000
-0.000509010000000000
0.000190877000000000
0.000929766000000000
0.00119692000000000
0.000811685000000000
0.000245409000000000
-9.17600000000000e-06
4.75596000000000e-06
0.000186497000000000
0.000809824000000000
0.00196473000000000
0.00311778000000000
0.00362753000000000
0.00348104000000000
0.00290409000000000
0.00185230000000000
0.000243069000000000
-0.00152983000000000
-0.00292391000000000
-0.00374647000000000
-0.00412383000000000
-0.00416212000000000
-0.00383965000000000