0.00263649000000000
0.00265203000000000
0.00266693000000000
0.00267550000000000
0.00268355000000000
0.00272093000000000
0.00285946000000000
0.00285112000000000
0.00227592000000000
0.00178520000000000
0.00221501000000000
0.00305801000000000
0.00345431000000000
0.00209184000000000
0.00135572000000000
0.00114720000000000
0.000350606000000000
0.00299981000000000
0.00681366000000000
0.00789415000000000
0.0111907000000000
0.00122842000000000
-0.0169926000000000
-0.00745228000000000
0.0120232000000000
0.0132268000000000
0.0106837000000000
-0.000172610000000000
-0.00674354000000000
0.00583629000000000
0.0194773000000000
0.0150432000000000
-0.0139710000000000
-0.0236113000000000
0.00827640000000000
0.00921960000000000
-0.0119728000000000
0.0242302000000000
0.0162169000000000
-0.0472860000000000
-0.0493967000000000
-0.0106582000000000
-0.000933900000000000
0.0132113000000000
0.0477410000000000
0.0547618000000000
0.0138903000000000
-0.0149518000000000
-0.0377024000000000
-0.0249079000000000
0.0135319000000000
0.0119222000000000
-0.0175935000000000
-0.00397742000000000
0.00764512000000000
-0.0244279000000000
-0.00667585000000000
0.0175321000000000
-0.0321768000000000
-0.0605654000000000
0.00115156000000000
0.0414843000000000
0.0333677000000000
-0.000662427000000000
-0.0103604000000000
0.0243144000000000
-0.0213124000000000
-0.0273754000000000
0.0386371000000000
0.0338010000000000
-0.0221894000000000
-0.0270496000000000
-0.0142838000000000
-0.0262430000000000
-0.0295560000000000
-0.0113103000000000
0.00411041000000000
0.00336505000000000
0.0316798000000000
0.0266611000000000
-0.0303400000000000
-0.0125655000000000
0.0184111000000000
-0.00119415000000000
-0.0208075000000000
-0.0182238000000000
0.000998500000000000
0.0268671000000000
0.0135171000000000
0.000252321000000000
0.00303262000000000
0.00853938000000000
0.00553837000000000
-0.0138144000000000
-0.0123727000000000
-0.00808314000000000
0.00288419000000000
0.0235885000000000
0.0172583000000000
0.00329896000000000
0.0144825000000000
0.00570179000000000
-0.0636475000000000
-0.0751717000000000
-0.0239421000000000
0.0110079000000000
-0.00274723000000000
-0.0279713000000000
0.0174141000000000
0.0565384000000000
0.0290335000000000
-0.0252867000000000
-0.0401174000000000
-0.0116920000000000
0.00298410000000000
-0.0167792000000000
-0.00472716000000000
0.0314275000000000
0.0334488000000000
-0.0187294000000000
-0.0411226000000000
0.0169311000000000
0.0467433000000000
0.00374208000000000
-0.0245519000000000
0.00176596000000000
0.0164591000000000
-0.0106866000000000
-0.0208063000000000
-0.00232646000000000
0.00306199000000000
-0.0171925000000000
-0.0303496000000000
-0.0211378000000000
0.000360747000000000
0.0375171000000000
0.0462627000000000
-0.0254226000000000
-0.0514429000000000
0.00138131000000000
0.0307419000000000
0.0296627000000000
0.0234068000000000
0.0153917000000000
0.0121787000000000
-0.0307976000000000
-0.0579572000000000
0.0193054000000000
0.0664857000000000
0.0183249000000000
-0.0600739000000000
-0.0381201000000000
0.0402426000000000
0.0533320000000000
-0.00470058000000000
-0.00352919000000000
0.0684165000000000
0.0351787000000000
-0.0510968000000000
-0.0656354000000000
-0.0260356000000000
0.00405567000000000
-0.00904092000000000
-0.0402421000000000
-0.0180507000000000
0.00807465000000000
0.0122380000000000
0.0197830000000000
-0.0167089000000000
-0.00922675000000000
0.0665520000000000
0.0639521000000000
-0.00806897000000000
-0.00972281000000000
-0.0193568000000000
-0.0271022000000000
0.0160392000000000
0.0284677000000000
-0.00219850000000000
-0.0129167000000000
-0.0207115000000000
-0.00709012000000000
0.0208053000000000
0.0216173000000000
0.0341868000000000
0.0171647000000000
-0.0362797000000000
-0.0305329000000000
-0.00213123000000000
-0.0126608000000000
0.00289660000000000
-0.00314018000000000
-0.0321820000000000
-0.0320921000000000
-0.0417040000000000
-0.0196871000000000
0.0351286000000000
0.0508796000000000
0.0200237000000000
0.00690655000000000
0.0329850000000000
0.0746266000000000
0.0447106000000000
-0.0268343000000000
-0.0253441000000000
-0.0282821000000000
-0.0644431000000000
-0.0688720000000000
-0.0471423000000000
-0.0215436000000000
-0.0207472000000000
-0.0327819000000000
-0.0337436000000000
-0.0379482000000000
-0.0415886000000000
-0.0335333000000000
-0.0617752000000000
-0.0795687000000000
-0.0456282000000000
0.0137714000000000
0.0522174000000000
0.0786830000000000
0.0350925000000000
-0.00330344000000000
-0.0132453000000000
0.0194021000000000
0.0944248000000000
0.152404000000000
0.105330000000000
0.0726524000000000
0.0535209000000000
0.0261670000000000
0.0320989000000000
0.0318960000000000
0.0585015000000000
0.100375000000000
0.0867889000000000
0.0302990000000000
-0.0208691000000000
-0.0429995000000000
-0.0336309000000000
-0.00713231000000000
0.00466245000000000
-0.0250750000000000
-0.0754302000000000
-0.106132000000000
-0.0882648000000000
-0.0117982000000000
0.0299093000000000
0.0852914000000000
0.0932188000000000
0.000529723000000000
-0.0590507000000000
-0.0721576000000000
-0.0370413000000000
-0.0128779000000000
-0.0453352000000000
-0.0438823000000000
-0.0408493000000000
-0.0970964000000000
-0.149439000000000
-0.132249000000000
-0.0619737000000000
0.0134845000000000
0.0688944000000000
0.0786611000000000
0.0661689000000000
0.00579590000000000
-0.0997212000000000
-0.0889355000000000
0.00424563000000000
0.0297458000000000
0.0299359000000000
0.0404594000000000
0.0497010000000000
0.0552591000000000
0.0864476000000000
0.159631000000000
0.211118000000000
0.167674000000000
0.0606196000000000
-0.00374230000000000
-0.0458850000000000
-0.0711385000000000
-0.0903252000000000
-0.0828147000000000
-0.0674661000000000
-0.0323555000000000
-0.00469403000000000
-0.0224586000000000
-0.0559544000000000
-0.0336619000000000
0.00222731000000000
-0.00275567000000000
-0.0558307000000000
-0.106628000000000
-0.161320000000000
-0.124470000000000
-0.0301566000000000
0.00879754000000000
0.0407936000000000
0.0613041000000000
0.0547878000000000
0.0644025000000000
0.0515824000000000
0.0403012000000000
0.0724418000000000
0.0939036000000000
0.0820939000000000
0.0368296000000000
-0.0202536000000000
-0.0707375000000000
-0.0745987000000000
-0.0352401000000000
-0.0319956000000000
-0.0487287000000000
-0.0155985000000000
0.0350364000000000
0.0674103000000000
0.104020000000000
0.144487000000000
0.162630000000000
0.116901000000000
0.0468526000000000
-0.0476461000000000
-0.116446000000000
-0.156411000000000
-0.169196000000000
-0.136450000000000
-0.0586354000000000
0.0115651000000000
0.0370530000000000
0.0527163000000000
0.00983452000000000
-0.0531559000000000
-0.0559702000000000
-0.0133451000000000
-0.00477419000000000
0.00611205000000000
0.0345134000000000
0.0537955000000000
0.0698083000000000
0.0677274000000000
0.0660867000000000
0.0708900000000000
0.0651618000000000
0.0727149000000000
0.0789584000000000
0.0674739000000000
0.0390854000000000
0.00875531000000000
-0.00491159000000000
-0.00624624000000000
0.0492814000000000
0.0920208000000000
0.0963453000000000
0.0360895000000000
-0.0360160000000000
-0.0949217000000000
-0.131964000000000
-0.139801000000000
-0.0915864000000000
0.0118604000000000
0.119670000000000
0.137963000000000
0.131067000000000
0.101567000000000
0.0645851000000000
0.0369127000000000
-0.0146966000000000
-0.0674284000000000
-0.0655852000000000
-0.0577641000000000
-0.0692511000000000
-0.0164115000000000
0.0311007000000000
0.0162730000000000
-0.00854789000000000
0.0427100000000000
0.0901739000000000
0.0768482000000000
0.0101344000000000
-0.0789514000000000
-0.147325000000000
-0.154521000000000
-0.183879000000000
-0.243762000000000
-0.256754000000000
-0.195907000000000
-0.150378000000000
-0.0834256000000000
0.0192520000000000
0.0717932000000000
0.0471293000000000
0.00512445000000000
0.00632024000000000
-0.00869355000000000
-0.0545967000000000
-0.0446068000000000
-0.00168159000000000
0.0236969000000000
0.0730444000000000
0.104049000000000
0.112723000000000
0.110545000000000
0.0477245000000000
-0.0128085000000000
-0.0459372000000000
-0.0327559000000000
0.0177142000000000
0.0142551000000000
0.00961660000000000
0.0232043000000000
-0.0105958000000000
-0.0465366000000000
-0.0452602000000000
-0.0334369000000000
-0.00500605000000000
0.0144813000000000
-0.00995677000000000
-0.000285461000000000
0.00617930000000000
-0.0211213000000000
0.00999565000000000
0.0802123000000000
0.133329000000000
0.154497000000000
0.133696000000000
0.0704270000000000
0.0126264000000000
-0.0401056000000000
-0.120572000000000
-0.168856000000000
-0.137229000000000
-0.0481075000000000
0.0201838000000000
0.0826646000000000
0.121202000000000
0.102697000000000
0.0538854000000000
-0.0174124000000000
-0.0876513000000000
-0.107429000000000
-0.0833774000000000
-0.0825995000000000
-0.0786377000000000
-0.0708725000000000
-0.0726850000000000
-0.0812916000000000
-0.0649192000000000
0.00913376000000000
0.0750698000000000
0.0981871000000000
0.0659521000000000
0.0753001000000000
0.0682313000000000
-0.0100593000000000
-0.0584674000000000
-0.0568681000000000
-0.0123179000000000
0.0521933000000000
0.0661537000000000
0.0865438000000000
0.138291000000000
0.161217000000000
0.114635000000000
0.0833759000000000
0.0607229000000000
0.00201306000000000
-0.0312797000000000
-0.0231377000000000
-0.0176376000000000
-0.0275977000000000
-0.0218232000000000
-0.0113506000000000
-0.00587152000000000
-0.00900513000000000
-0.0134766000000000
0.0115029000000000
0.0486273000000000
0.0210667000000000
-0.0517305000000000
-0.0764390000000000
-0.0916813000000000
-0.0965264000000000
-0.0330948000000000
0.0603981000000000
0.125957000000000
0.156234000000000
0.140268000000000
0.0395374000000000
-0.0301489000000000
-0.0183846000000000
-0.00332498000000000
-0.0168549000000000
0.0256976000000000
0.0545637000000000
0.0131482000000000
-0.0153884000000000
0.000347921000000000
0.0190577000000000
0.0238601000000000
0.0266208000000000
0.0336652000000000
0.0150494000000000
-0.0555754000000000
-0.150251000000000
-0.170186000000000
-0.141217000000000
-0.0686012000000000
0.000203246000000000
0.00605059000000000
-0.0137409000000000
-0.00765938000000000
-0.0187819000000000
-0.0400816000000000
-0.00933097000000000
0.0360906000000000
0.0409976000000000
-0.0302150000000000
-0.0563118000000000
-0.0432633000000000
-0.0322882000000000
-0.0102282000000000
0.0119310000000000
0.0305328000000000
0.0439685000000000
0.0737825000000000
0.0960133000000000
0.0522509000000000
0.0222133000000000
0.0298604000000000
0.0204148000000000
-0.00739782000000000
-0.00699820000000000
-0.0177369000000000
-0.0557734000000000
-0.0575743000000000
-0.00299335000000000
0.0187657000000000
0.0183440000000000
0.0142969000000000
-0.0247267000000000
-0.0469571000000000
-0.0175360000000000
0.00476264000000000
-0.0292942000000000
-0.0267585000000000
0.0194049000000000
0.0364684000000000
0.0385120000000000
0.00392507000000000
-0.0379979000000000
-0.0335245000000000
-0.0217430000000000
-0.00585633000000000
0.0206187000000000
0.0423331000000000
0.0388442000000000
0.00444453000000000
-0.0304691000000000
-0.0608940000000000
-0.0762549000000000
-0.0203727000000000
0.0587415000000000
0.0961528000000000
0.105274000000000
0.0558596000000000
-0.00682300000000000
-0.0199493000000000
-0.0180651000000000
-0.0458203000000000
-0.0141448000000000
0.0362669000000000
0.0347772000000000
0.00323812000000000
-0.0126889000000000
-0.0412020000000000
-0.0638582000000000
-0.0357355000000000
-0.0133727000000000
-0.0261747000000000
-0.0277790000000000
-0.0297445000000000
-0.0375529000000000
-0.0155200000000000
0.00731230000000000
0.0197684000000000
0.0167100000000000
-0.0113358000000000
-0.0266198000000000
-0.00126157000000000
0.0199382000000000
0.0533658000000000
0.0943713000000000
0.0854099000000000
0.0259593000000000
-0.00153815000000000
-0.0198457000000000
-0.0589042000000000
-0.0544806000000000
-0.0160998000000000
-0.00139700000000000
-0.000979253000000000
-0.00563097000000000
0.00749242000000000
0.0378307000000000
0.0528339000000000
0.0599849000000000
0.0236922000000000
-0.0310687000000000
-0.0693459000000000
-0.0952893000000000
-0.101405000000000
-0.0729433000000000
-0.0499565000000000
-0.0109441000000000
0.0459140000000000
0.0714659000000000
0.0775615000000000
0.0772310000000000
0.0592754000000000
0.0510845000000000
0.0464903000000000
0.0355929000000000
0.0234844000000000
-0.00936066000000000
-0.0455828000000000
-0.0638329000000000
-0.0456383000000000
-0.0202998000000000
0.00770356000000000
0.0560196000000000
0.0773828000000000
0.0701590000000000
0.0529577000000000
0.00912715000000000
-0.0142276000000000
-0.0192759000000000
-0.0311058000000000
-0.0221716000000000
-0.0138284000000000
-0.0200205000000000
-0.0242679000000000
-0.00808283000000000
0.0268729000000000
0.0516591000000000
0.0404521000000000
0.0307704000000000
0.0275966000000000
-0.00708782000000000
-0.0308066000000000
-0.0147711000000000
-0.00118165000000000
-0.0173645000000000
-0.0447854000000000
-0.0651010000000000
-0.0573983000000000
-0.0484466000000000
-0.0616951000000000
-0.0488504000000000
-0.00898616000000000
-0.00178181000000000
-0.00773358000000000
0.0168457000000000
0.0303177000000000
0.00301036000000000
-0.0255326000000000
-0.0102129000000000
0.0321224000000000
0.0420520000000000
0.0213544000000000
0.0103981000000000
-0.00360843000000000
-0.0180480000000000
-0.0173470000000000
-0.0296187000000000
-0.0176128000000000
0.0229351000000000
0.0462688000000000
0.0526333000000000
0.0469094000000000
0.0473319000000000
0.0468078000000000
0.0338167000000000
0.00464855000000000
-0.0211877000000000
-0.0368299000000000
-0.0503222000000000
-0.0670643000000000
-0.0467147000000000
-0.0263872000000000
-0.0270668000000000
-0.00766070000000000
0.0273905000000000
0.0442454000000000
-0.000922152000000000
-0.0344703000000000
-0.0283153000000000
-0.0535444000000000
-0.0376052000000000
0.00314518000000000
0.0240185000000000
0.0476736000000000
0.0263702000000000
-0.0132656000000000
-0.00154626000000000
0.0184275000000000
0.0141346000000000
0.0151830000000000
0.0217934000000000
0.0151854000000000
-0.00248573000000000
-0.0254057000000000
-0.0250570000000000
-0.00373145000000000
0.00676528000000000
0.0124920000000000
0.00879921000000000
0.0117597000000000
0.0221143000000000
0.0215768000000000
0.0199960000000000
0.0160473000000000
-0.00775802000000000
-0.0283808000000000
-0.0293482000000000
-0.0262452000000000
-0.00849759000000000
0.00851765000000000
0.0107209000000000
0.0130506000000000
0.0306212000000000
0.0429679000000000
0.00763876000000000
-0.0237286000000000
-0.0201239000000000
-0.0277488000000000
-0.0521000000000000
-0.0676838000000000
-0.0652878000000000
-0.0610461000000000
-0.0451832000000000
-0.00434275000000000
0.0293560000000000
0.0570487000000000
0.0764065000000000
0.0585370000000000
0.0401340000000000
0.0404780000000000
0.0433060000000000
0.0115278000000000
-0.0193885000000000
-0.0219160000000000
-0.0361253000000000
-0.0540717000000000
-0.0563305000000000
-0.0279756000000000
-0.00247049000000000
-0.00237271000000000
0.00276786000000000
0.0119892000000000
0.0177248000000000
0.0203152000000000
0.0100234000000000
-0.000174499000000000
0.000363872000000000
0.00843780000000000
0.00740791000000000
-0.00744213000000000
-0.0106603000000000
0.00376830000000000
0.00560861000000000
0.0108957000000000
0.0292579000000000
0.0237460000000000
-0.00550893000000000
-0.0274332000000000
-0.0189691000000000
0.00183354000000000
0.00636212000000000
-0.00859467000000000
-0.00631295000000000
0.00891644000000000
0.0104431000000000
0.00177528000000000
0.0154581000000000
0.0331043000000000
0.00312339000000000
-0.0198398000000000
-0.0192160000000000
-0.0341090000000000
-0.0440592000000000
-0.0101987000000000
0.0409697000000000
0.0703246000000000
0.0842171000000000
0.0474880000000000
0.0235015000000000
0.0218309000000000
0.0208347000000000
0.00839053000000000
-0.00582419000000000
-0.00751564000000000
-0.0155040000000000
-0.0410691000000000
-0.0427203000000000
0.00597985000000000
0.0467184000000000
0.0545760000000000
0.0509878000000000
0.0297208000000000
-0.00521477000000000
-0.0173383000000000
-0.0150930000000000
-0.0140388000000000
0.00596195000000000
0.0135084000000000
0.00466170000000000
0.00884440000000000
0.00655494000000000
-0.0147226000000000
-0.0245432000000000
-0.0106887000000000
0.00436179000000000
0.0157559000000000
0.0192536000000000
0.00887903000000000
0.0180611000000000
0.0146383000000000
-0.0177556000000000
-0.0289229000000000
-0.0285701000000000
-0.0396324000000000
-0.0688328000000000
-0.0690845000000000
-0.0390816000000000
-0.0405442000000000
-0.0503510000000000
-0.0142153000000000
0.00960905000000000
0.00456984000000000
-0.00257849000000000
-0.000183885000000000
0.00944665000000000
-0.000332814000000000
-0.0197269000000000
0.00109189000000000
0.0292471000000000
0.00883198000000000
-0.0353817000000000
-0.0406128000000000
-0.0353381000000000
-0.0415193000000000
-0.0287425000000000
0.00956198000000000
0.0362177000000000
0.0280121000000000
0.00169329000000000
0.0161292000000000
0.0509617000000000
0.0398839000000000
-0.00161329000000000
-0.0171384000000000
-0.0367964000000000
-0.0393072000000000
-0.0199786000000000
0.00399990000000000
0.0346105000000000
0.0597122000000000
0.0546888000000000
0.0272932000000000
0.0121296000000000
0.00264462000000000
0.00931993000000000
0.0145790000000000
0.000111460000000000
-0.00163689000000000
0.00667979000000000
0.0152135000000000
0.0132118000000000
-0.00441681000000000
0.00590119000000000
0.0422596000000000
0.0442986000000000
0.0173477000000000
0.00183202000000000
-0.0138155000000000
-0.0385626000000000
-0.0607619000000000
-0.0698348000000000
-0.0433747000000000
-0.0166788000000000
-0.0135290000000000
-0.000211557000000000
0.0399065000000000
0.0601494000000000
0.0244896000000000
-0.0150308000000000
0.00760385000000000
0.0193848000000000
-0.0114065000000000
-0.0173701000000000
0.00297082000000000
-0.00941826000000000
-0.0307855000000000
-0.0266797000000000
-0.0128004000000000
-0.0241291000000000
-0.0320341000000000
-0.0108408000000000
0.00430741000000000
0.00941378000000000
0.0114643000000000
0.00707957000000000
-0.00633528000000000
-0.0112205000000000
-0.00506197000000000
-0.00155151000000000
-0.00886096000000000
0.0118671000000000
0.0292186000000000
0.0101717000000000
-0.0188001000000000
-0.0118093000000000
-0.0157686000000000
-0.0330978000000000
-0.0371249000000000
-0.0214466000000000
-0.00693881000000000
-0.00669378000000000
-0.00660894000000000
-0.00177013000000000
0.0203105000000000
0.0343703000000000
0.0212262000000000
0.0100963000000000
0.0157567000000000
-0.00387134000000000
-0.0341360000000000
-0.0263278000000000
0.00528511000000000
0.0206739000000000
0.0120048000000000
0.0170118000000000
0.0336215000000000
0.0252102000000000
0.0256793000000000
0.0241443000000000
-0.00566010000000000
-0.00481232000000000
0.0207814000000000
0.0154168000000000
-0.00460052000000000
-0.0126412000000000
-0.00211860000000000
0.0133935000000000
0.0191328000000000
0.0108214000000000
0.00365585000000000
0.00737178000000000
0.00783358000000000
-0.000308271000000000
-0.0138527000000000
-0.0261122000000000
-0.0230937000000000
0.00649479000000000
0.0133952000000000
0.00490064000000000
-0.0100881000000000
-0.0296375000000000
-0.0209815000000000
0.000308389000000000
0.0116577000000000
0.0228379000000000
0.0230900000000000
0.0181991000000000
0.0217339000000000
0.00820964000000000
-0.0198057000000000
-0.00854925000000000
0.0192390000000000
0.00751065000000000
-0.0173802000000000
-0.0311909000000000
-0.0409728000000000
-0.0171431000000000
0.00413343000000000
0.0103637000000000
0.0145768000000000
0.00744483000000000
-0.00729209000000000
-0.0182899000000000
-0.0183369000000000
-0.0118192000000000
0.000499823000000000
0.0147219000000000
0.00419606000000000
-0.0139714000000000
-0.0146672000000000
-0.00885260000000000
-0.0137869000000000
-0.0190624000000000
-0.00804643000000000
-0.000134594000000000
-0.00163624000000000
0.00354408000000000
0.0250016000000000
0.0414320000000000
0.0278866000000000
0.0136006000000000
0.00784165000000000
0.00374396000000000
0.00770126000000000
0.0207639000000000
0.0203475000000000
0.00978123000000000
-0.00381957000000000
-0.0101853000000000
-0.00208384000000000
0.00359906000000000
-0.00480672000000000
-0.00454641000000000
-0.00727208000000000
-0.0148818000000000
-0.0180806000000000
-0.0178644000000000
-0.00404564000000000
0.00703219000000000
0.00748756000000000
0.00556750000000000
-0.0102606000000000
-0.0310566000000000
-0.0460700000000000
-0.0435547000000000
-0.00826425000000000
0.0201736000000000
0.0316679000000000
2.89423000000000e-05
-0.0346485000000000
-0.0191639000000000
-0.00759536000000000
-0.0167334000000000
-0.00430370000000000
0.0108049000000000
0.00134971000000000
-0.0151640000000000
-0.0190588000000000
-0.00487919000000000
0.0157997000000000
0.0190116000000000
0.0300709000000000
0.0373397000000000
0.00953542000000000
-0.0216753000000000
-0.0244065000000000
-0.0146544000000000
-0.0118045000000000
-0.0111560000000000
-0.00459527000000000
0.0132548000000000
0.0256912000000000
0.0239732000000000
0.0217978000000000
0.0157114000000000
-0.00491203000000000
-0.0100888000000000
-0.0132519000000000
-0.0184554000000000
-0.00747154000000000
0.00266268000000000
-0.00813258000000000
-0.00976388000000000
0.00918269000000000
0.0248825000000000
0.0484470000000000
0.0542714000000000
0.0245466000000000
0.00583339000000000
-0.0103979000000000
-0.0256855000000000
-0.0228209000000000
-0.00291711000000000
-0.00398787000000000
-0.0204062000000000
-0.0222382000000000
-0.0222811000000000
-0.00623471000000000
0.0187447000000000
0.0320928000000000
0.0208790000000000
0.00615511000000000
-0.0118779000000000
-0.0399653000000000
-0.0475885000000000
-0.0234426000000000
-0.00660038000000000
0.00587416000000000
0.00206411000000000
-0.0148150000000000
-0.00856363000000000
0.0135703000000000
0.0182131000000000
0.0130851000000000
0.0165337000000000
0.00760918000000000
-0.0144841000000000
-0.0201479000000000
0.00100647000000000
0.0200042000000000
0.0141327000000000
0.00227546000000000
0.00380217000000000
0.00230854000000000
-0.00282099000000000
-0.00520232000000000
-0.0154209000000000
-0.0165339000000000
0.00372692000000000
0.00879213000000000
0.0121067000000000
0.0164467000000000
0.0164006000000000
0.000400349000000000
-0.0148772000000000
-0.0214315000000000
0.00265112000000000
0.0207850000000000
0.0273064000000000
0.0189028000000000
0.0135631000000000
0.0108730000000000
-0.00239264000000000
-0.00857367000000000
0.0119665000000000
0.0222790000000000
0.0207065000000000
0.0273755000000000
0.0185539000000000
0.00283554000000000
-0.00712159000000000
-0.0125207000000000
0.00274135000000000
0.0102842000000000
0.0127880000000000
0.00466481000000000
-0.00935377000000000
-0.0106942000000000
-0.00283607000000000
-0.00136103000000000
0.000766118000000000
0.0153133000000000
0.0268117000000000
0.0241306000000000
0.0101134000000000
0.00568622000000000
0.0123415000000000
0.00505278000000000
-0.0167817000000000
-0.0162534000000000
-0.00987258000000000
-0.0190354000000000
-0.0245461000000000
-0.0200554000000000
-0.00961030000000000
-0.00214346000000000
-0.0115095000000000
-0.0131525000000000
0.00716889000000000
0.0146971000000000
0.00510099000000000
-0.00121271000000000
-0.000701198000000000
0.00450505000000000
0.000145925000000000
-0.00951304000000000
-0.00784274000000000
-0.00634896000000000
-0.0130956000000000
-0.00691460000000000
0.00249016000000000
0.0135662000000000
0.0235460000000000
0.0233089000000000
0.0142908000000000
0.0114788000000000
0.00813485000000000
-0.000287920000000000
-0.0130950000000000
-0.0176899000000000
-0.00563272000000000
-0.00526695000000000
-0.0161195000000000
-0.0170549000000000
-0.0183713000000000
-0.0207195000000000
-0.0127401000000000
0.00399771000000000
0.00650112000000000
-0.00680128000000000
0.000748227000000000
0.0164292000000000
0.0226711000000000
0.0289250000000000
0.0242223000000000
0.0106918000000000
-0.00398188000000000
-0.0200693000000000
-0.0207530000000000
-0.00231592000000000
0.00668372000000000
0.0141022000000000
0.0266589000000000
0.0261147000000000
-0.00210704000000000
-0.0150241000000000
-0.0188743000000000
-0.0302281000000000
-0.0370724000000000
-0.0240243000000000
-0.00922018000000000
-0.00321698000000000
-0.00584777000000000
-0.0144747000000000
-0.00807752000000000
0.00220264000000000
0.00235306000000000
0.00657059000000000
0.0131463000000000
0.0145149000000000
-0.00160034000000000
-0.0147312000000000
-0.0163284000000000
-0.00467171000000000
0.00203566000000000
0.00335582000000000
0.00771005000000000
0.0127500000000000
0.0126820000000000
0.00623501000000000
-0.00269287000000000
-0.00962028000000000
0.00304356000000000
0.00556569000000000
-0.00643629000000000
-6.54105000000000e-05
0.0165645000000000
0.0146092000000000
0.00704991000000000
0.0101513000000000
0.0196044000000000
0.0239824000000000
0.0236053000000000
0.0177760000000000
0.00868795000000000
0.00400868000000000
-0.000657456000000000
-0.00753386000000000
-0.0134440000000000
-0.0159741000000000
-0.0156363000000000
-0.0125415000000000
-0.00604196000000000
0.00244684000000000
0.00835814000000000
0.00972141000000000
0.00704453000000000
0.0148393000000000
0.0254905000000000
0.0178091000000000
0.00414896000000000
0.00383759000000000
-0.00672062000000000
-0.0229966000000000
-0.0264963000000000
-0.0196915000000000
-0.0130877000000000
-0.0182074000000000
-0.0148319000000000
-0.00274848000000000
0.00284387000000000
0.00630320000000000
0.0105653000000000
0.0149706000000000
0.00677299000000000
-0.0139391000000000
-0.0253009000000000
-0.0189178000000000
0.00690410000000000
0.0203510000000000
0.0219811000000000
0.0184519000000000
0.00153758000000000
-0.0258445000000000
-0.0363896000000000
-0.0177139000000000
-0.00132186000000000
0.00706164000000000
0.0161525000000000
0.00503947000000000
0.00940955000000000
0.0334456000000000
0.0403277000000000
0.0280569000000000
0.00256516000000000
-0.00942160000000000
-0.00539459000000000
-0.0169266000000000
-0.0275299000000000
-0.00694055000000000
0.00935956000000000
0.00532316000000000
-0.00901003000000000
-0.0149309000000000
-0.00545516000000000
-0.00354305000000000
-0.0184855000000000
-0.0269141000000000
-0.0228308000000000
-0.0131743000000000
-0.00990011000000000
-0.0127556000000000
0.00915722000000000
0.0278773000000000
0.0190696000000000
-0.00108888000000000
-0.00725206000000000
0.00424976000000000
0.0169243000000000
0.00393877000000000
-0.00646042000000000
0.000385732000000000
-0.00542353000000000
-0.0226293000000000
-0.0206388000000000
-0.0102696000000000
-0.00947640000000000
-0.00516444000000000
0.0152083000000000
0.0299206000000000
0.0356883000000000
0.0231990000000000
0.0131318000000000
0.00787360000000000
0.00884688000000000
0.00889593000000000
0.00748423000000000
0.00824554000000000
0.00859608000000000
0.00290935000000000
-0.0101566000000000
-0.0124828000000000
-0.00776907000000000
-0.00286111000000000
-0.00332560000000000
-0.0175730000000000
-0.0248153000000000
-0.0225997000000000
-0.0219538000000000
-0.0198999000000000
-0.00876055000000000
-0.00412417000000000
-0.00826560000000000
-0.0115235000000000
-0.0134235000000000
-0.00745862000000000
0.000694053000000000
0.00361438000000000
0.00414353000000000
0.00610157000000000
-0.000452056000000000
-0.0137167000000000
-0.0165211000000000
-0.0144530000000000
-0.0118782000000000
0.00779766000000000
0.0208966000000000
0.00283861000000000
-0.00920067000000000
0.0104865000000000
0.0164311000000000
-0.00823398000000000
-0.0163809000000000
-0.0101888000000000
-0.0147038000000000
-0.0180101000000000
-0.0140547000000000
-0.000106305000000000
0.0114810000000000
0.0157315000000000
0.0122011000000000
0.0144046000000000
0.0157663000000000
0.00834322000000000
0.00485215000000000
0.0112412000000000
0.00484074000000000
-0.0130149000000000
-0.0171114000000000
-0.0160231000000000
-0.0142827000000000
-0.00676848000000000
0.00340013000000000
0.0123474000000000
0.0194935000000000
0.0136186000000000
0.00673519000000000
0.00722335000000000
0.0163887000000000
0.0212799000000000
0.0114290000000000
0.00782145000000000
0.0142215000000000
0.0132962000000000
0.0127285000000000
0.0229756000000000
0.0265239000000000
0.0231944000000000
0.0166335000000000
0.00328646000000000
-0.0149691000000000
-0.0168917000000000
-0.0154634000000000
-0.00525771000000000
0.0100865000000000
0.0114638000000000
0.00240396000000000
0.00120157000000000
-0.00320497000000000
-0.00380608000000000
0.0100859000000000
0.0178759000000000
0.0184670000000000
0.0196343000000000
0.0167076000000000
0.000851677000000000
-0.0146840000000000
-0.0309726000000000
-0.0293612000000000
-0.0335057000000000
-0.0418650000000000
-0.0287939000000000
-0.0142030000000000
-0.0165734000000000
-0.0272860000000000
-0.0213218000000000
-0.00172203000000000
0.00855275000000000
0.0160405000000000
0.0193895000000000
0.0287035000000000
0.0286920000000000
0.00744262000000000
-0.00963652000000000
-0.0200572000000000
-0.0193791000000000
-0.0199103000000000
-0.0206590000000000
-0.0164521000000000
-0.00121613000000000
0.0114485000000000
0.0223757000000000
0.0223446000000000
0.00198595000000000
-0.00798956000000000
-0.00813047000000000
0.00189388000000000
0.00197882000000000
0.00391339000000000
0.0158405000000000
0.0248467000000000
0.0206348000000000
0.0183285000000000
0.0132875000000000
-0.00161611000000000
-0.0145103000000000
-0.0324607000000000
-0.0410804000000000
-0.0417633000000000
-0.0319565000000000
-0.0326398000000000
-0.0369702000000000
-0.0209333000000000
-0.0134386000000000
-0.00622788000000000
0.0172335000000000
0.0319688000000000
0.0188488000000000
0.0124079000000000
0.00943695000000000
0.00443247000000000
0.0193014000000000
0.0283283000000000
0.0224433000000000
0.0229899000000000
0.0228273000000000
0.0145367000000000
-0.000610181000000000
-0.0117361000000000
-0.00375138000000000
-0.00238845000000000
-0.0135755000000000
-0.0116487000000000
-0.00611139000000000
-0.000625942000000000
0.0220236000000000
0.0364682000000000
0.0441043000000000
0.0331831000000000
0.0184191000000000
0.00421421000000000
-0.0199079000000000
-0.0375954000000000
-0.0412325000000000
-0.0395288000000000
-0.0410584000000000
-0.0340717000000000
-0.0201625000000000
-0.0150536000000000
-0.00935883000000000
0.00703184000000000
0.0186907000000000
0.0253381000000000
0.0203741000000000
0.0158875000000000
0.00981552000000000
-0.00916555000000000
-0.0295881000000000
-0.0318483000000000
-0.0207156000000000
-0.0127815000000000
-0.00352082000000000
0.00883545000000000
0.00928856000000000
0.0111865000000000
0.0272377000000000
0.0348190000000000
0.0366168000000000
0.0415854000000000
0.0369715000000000
0.0173319000000000
0.000866327000000000
-0.0283981000000000
-0.0468377000000000
-0.0435082000000000
-0.0427083000000000
-0.0238938000000000
-0.00941675000000000
-0.00405622000000000
0.00357258000000000
0.00128081000000000
0.00321405000000000
0.0100915000000000
0.00274794000000000
-0.00893609000000000
-0.0101696000000000
-0.000212727000000000
0.00358641000000000
0.00389684000000000
0.00948800000000000
0.00890248000000000
0.00259643000000000
0.000790563000000000
-0.000638488000000000
0.00375028000000000
0.00738062000000000
-0.000570234000000000
-0.0140219000000000
-0.0203656000000000
-0.0147308000000000
-0.00299462000000000
0.00761513000000000
0.0206041000000000
0.0195490000000000
0.00814334000000000
0.00522144000000000
-0.00302236000000000
-0.0120289000000000
-0.00435881000000000
0.000159267000000000
-0.00140979000000000
0.00265460000000000
0.0107988000000000
0.0118407000000000
0.00332044000000000
0.00138229000000000
0.00940225000000000
0.0137265000000000
0.00932195000000000
-3.15504000000000e-05
-0.00428896000000000
-0.0102728000000000
-0.0105581000000000
-0.00436639000000000
-0.00287550000000000
-0.00246805000000000
-0.00440670000000000
-0.00470903000000000
-0.00508770000000000
-0.0107790000000000
-0.0152248000000000
-0.0126038000000000
-5.72837000000000e-05
0.00667516000000000
0.00307260000000000
0.00531658000000000
0.0140616000000000
0.00624401000000000
-0.0141487000000000
-0.0143668000000000
0.000689375000000000
0.00306091000000000
0.000989140000000000
0.0163334000000000
0.0294908000000000
0.0364590000000000
0.0312360000000000
0.0244977000000000
0.0206034000000000
0.0117236000000000
0.000604110000000000
-0.0138628000000000
-0.0241093000000000
-0.0241516000000000
-0.00796010000000000
0.00217685000000000
0.0144636000000000
0.0283699000000000
0.0200401000000000
0.0112473000000000
0.00450607000000000
-0.0121943000000000
-0.0134017000000000
-0.0114824000000000
-0.0142150000000000
-0.00905563000000000
-0.00973391000000000
-0.0153702000000000
-0.0163553000000000
-0.0145077000000000
-0.00755280000000000
-0.00462838000000000
-0.00389916000000000
0.00507770000000000
0.0146552000000000
0.0201898000000000
0.0175843000000000
0.0127454000000000
0.0117610000000000
0.00937172000000000
0.00816591000000000
0.00489803000000000
-0.00478795000000000
-0.00923606000000000
-0.00621168000000000
-0.00626384000000000
-0.00123480000000000
0.0112423000000000
0.0160793000000000
0.0189943000000000
0.00982462000000000
-0.00136428000000000
-0.00871542000000000
-0.0105987000000000
-0.0130808000000000
-0.00510750000000000
0.00153207000000000
-0.00115817000000000
-0.0142099000000000
-0.0194698000000000
-0.0171360000000000
-0.0198908000000000
-0.0252734000000000
-0.0150736000000000
0.00222646000000000
0.0115583000000000
0.0170066000000000
0.0134213000000000
0.0138111000000000
0.0124862000000000
0.00640949000000000
0.00290966000000000
0.00444336000000000
0.00718779000000000
0.00631559000000000
0.00245471000000000
0.00229746000000000
0.0105727000000000
0.0162039000000000
0.0184996000000000
0.0142362000000000
0.0110208000000000
0.00911575000000000
0.00512221000000000
0.00430583000000000
0.00895196000000000
0.00936530000000000
0.00283135000000000
-0.000946828000000000
-0.00299748000000000
0.00245997000000000
0.00902743000000000
0.00641596000000000
-0.000657112000000000
-0.00298632000000000
-0.00833533000000000
-0.0152445000000000
-0.0144613000000000
-0.00257821000000000
0.00254651000000000
-0.00593679000000000
-0.0121133000000000
-0.00718853000000000
0.00112647000000000
-0.00134910000000000
-9.86024000000000e-06
0.00293337000000000
-0.00497494000000000
-0.0156730000000000
-0.0194248000000000
-0.00737020000000000
0.00205506000000000
0.00226418000000000
-0.00350529000000000
-0.00488099000000000
-0.00478931000000000
-0.00731226000000000
-0.00344570000000000
0.00812978000000000
0.00951795000000000
0.0115483000000000
0.0163194000000000
0.0108473000000000
0.00603297000000000
0.0112216000000000
0.0141074000000000
0.0149646000000000
0.0155209000000000
0.00781038000000000
0.00314336000000000
0.00459584000000000
0.00342818000000000
0.00591549000000000
0.00487329000000000
-0.00673954000000000
-0.0115227000000000
-0.0128089000000000
-0.00936008000000000
-0.00379239000000000
-0.000417848000000000
0.00115866000000000
-0.00187885000000000
-0.00243982000000000
0.000917343000000000
0.00334683000000000
0.00190993000000000
0.00217124000000000
-5.83503000000000e-05
-0.00885194000000000
-0.0149741000000000
-0.0137488000000000
-0.000730457000000000
0.00742307000000000
0.0110961000000000
0.00633084000000000
0.00360935000000000
-0.000362966000000000
-0.0100250000000000
-0.0168890000000000
-0.0166196000000000
-0.0126044000000000
-0.0144901000000000
-0.0142865000000000
-0.00730034000000000
-0.00666233000000000
-0.0100587000000000
-0.00308810000000000
-0.00283280000000000
-0.0135467000000000
-0.0180582000000000
-0.0224156000000000
-0.0211353000000000
-0.0146833000000000
-0.0129691000000000
-0.00993093000000000
-0.00550257000000000
-0.00158920000000000
0.00825050000000000
0.0185749000000000
0.0166461000000000
0.00213540000000000
-0.00768162000000000
-0.0215162000000000
-0.0256292000000000
-0.0172757000000000
-0.00173794000000000
0.00903320000000000
0.0175252000000000
0.0136549000000000
0.0127032000000000
0.0157023000000000
0.0146977000000000
0.00897189000000000
0.00415447000000000
0.000833257000000000
-0.00328726000000000
-0.00947435000000000
-0.0187426000000000
-0.0225547000000000
-0.0100735000000000
-0.00166848000000000
0.00125046000000000
-0.00181502000000000
-0.00889330000000000
-0.0131893000000000
-0.0163069000000000
-0.00243295000000000
0.0126279000000000
0.0184221000000000
0.0250894000000000
0.0149777000000000
0.00590848000000000
0.00248037000000000
0.00524836000000000
0.00771943000000000
0.0106920000000000
0.0169217000000000
0.0195175000000000
0.0133811000000000
0.00958173000000000
0.0100823000000000
0.0139040000000000
0.0147764000000000
0.00555054000000000
-0.00306680000000000
-0.00891632000000000
-0.0175873000000000
-0.0259976000000000
-0.0318710000000000
-0.0249852000000000
-0.0195170000000000
-0.0147540000000000
-0.00182843000000000
0.00886640000000000
0.0208411000000000
0.0346795000000000
0.0360115000000000
0.0222084000000000
0.0172258000000000
0.00931446000000000
-0.00242018000000000
-0.00832519000000000
-0.0125015000000000
-0.0165965000000000
-0.0126030000000000
-0.0132833000000000
-0.0166154000000000
-0.00821447000000000
0.000628593000000000
0.00304614000000000
-0.00172715000000000
-0.00445638000000000
-0.00627932000000000
-0.00510535000000000
0.00666126000000000
0.0146254000000000
0.0189278000000000
0.0200056000000000
0.0217825000000000
0.0167691000000000
0.00918981000000000
0.00686363000000000
0.00840661000000000
0.00786285000000000
0.00746202000000000
0.00818787000000000
0.00525911000000000
-0.00354299000000000
-0.0100126000000000
-0.0172119000000000
-0.0197148000000000
-0.0102828000000000
-0.00596611000000000
-0.00671045000000000
-0.00678263000000000
-0.00667242000000000
-0.00876824000000000
-0.0119061000000000
-0.0124922000000000
-0.00649194000000000
-0.00249614000000000
-0.00346692000000000
-0.000284758000000000
0.00835684000000000
0.00900514000000000
0.00250537000000000
0.00154619000000000
0.00227659000000000
-0.000514609000000000
-0.00404013000000000
-0.00633295000000000
-0.00923299000000000
-0.00958416000000000
-0.00234026000000000
0.00261606000000000
0.00167547000000000
-0.00268358000000000
-0.00248866000000000
-0.00138594000000000
-0.00214935000000000
0.000121870000000000
0.00488297000000000
0.00213175000000000
-0.00385560000000000
-0.00365152000000000
-0.00138868000000000
-0.00466880000000000
-0.00641702000000000
0.00342106000000000
0.0107441000000000
0.0157383000000000
0.0182122000000000
0.0120415000000000
0.00955791000000000
0.00317050000000000
-0.00794230000000000
-0.0138610000000000
-0.00533866000000000
0.00146431000000000
-0.00622475000000000
-0.00594345000000000
0.00276748000000000
-0.00124876000000000
-0.00621924000000000
-0.00269800000000000
0.000807523000000000
-0.00443816000000000
-0.00900249000000000
-0.00809239000000000
-0.00706898000000000
-0.00313581000000000
0.00419978000000000
0.00905348000000000
0.00811683000000000
0.00306152000000000
0.00397726000000000
0.00781740000000000
0.00561053000000000
0.00196970000000000
0.00155815000000000
0.00184219000000000
-0.000645459000000000
-0.00698536000000000
-0.0112903000000000
-0.0118598000000000
-0.00626993000000000
-0.00315618000000000
-0.00125267000000000
-0.00730742000000000
-0.0141796000000000
-0.0167868000000000
-0.0164617000000000
-0.00591215000000000
0.00218215000000000
0.00899614000000000
0.00538778000000000
0.000410638000000000
0.000323226000000000
-0.000733434000000000
0.00875591000000000
0.0208931000000000
0.0122122000000000
-0.000951971000000000
-0.00677769000000000
-0.00834701000000000
-0.00584735000000000
-0.00640187000000000
-0.00365884000000000
-0.00571786000000000
-0.0131240000000000
-0.0146147000000000
-0.00495133000000000
0.00185901000000000
0.00581857000000000
0.0130557000000000
0.0113315000000000
0.00288024000000000
0.000472714000000000
-0.00291168000000000
0.00160451000000000
0.00975554000000000
0.00924239000000000
0.00248871000000000
9.58904000000000e-05
-0.00173212000000000
-0.00561876000000000
-0.00946690000000000
-0.00735263000000000
0.000556984000000000
0.000571433000000000
-0.00168169000000000
-0.000521776000000000
-0.00340559000000000
0.000246593000000000
0.0100217000000000
0.0146847000000000
0.0203107000000000
0.0161265000000000
0.00573416000000000
0.00291210000000000
0.000652190000000000
-0.00478570000000000
-0.00943846000000000
-0.0120002000000000
-0.00636165000000000
-0.00171044000000000
-0.000399110000000000
0.00124189000000000
-0.00493794000000000
-0.0108921000000000
-0.0109600000000000
-0.0106288000000000
-0.0122919000000000
-0.0104545000000000
-0.00315087000000000
0.00192354000000000
0.00523703000000000
0.00965703000000000
0.0143499000000000
0.0189819000000000
0.0203041000000000
0.0130029000000000
0.00832032000000000
0.00482865000000000
0.000376208000000000
-0.00215045000000000
0.00552001000000000
0.0113609000000000
0.00569648000000000
-0.00115854000000000
-0.00401114000000000
-0.00861714000000000
-0.00440351000000000
-0.000202062000000000
-0.00276104000000000
-0.00702084000000000
-0.00766852000000000
-0.00222272000000000
0.00447260000000000
0.00883274000000000
0.0134144000000000
0.0151284000000000
0.0174687000000000
0.0172015000000000
0.00846366000000000
0.00247834000000000
-0.000876879000000000
-0.00551151000000000
-0.00290235000000000
0.000764408000000000
0.00120187000000000
-0.00155419000000000
-0.00449218000000000
-0.00647257000000000
-0.00993724000000000
-0.0134372000000000
-0.0158703000000000
-0.0123304000000000
-0.00736340000000000
-0.00633720000000000
-0.00507988000000000
0.00281697000000000
0.00930946000000000
0.0142928000000000
0.0200856000000000
0.0180682000000000
0.0165386000000000
0.0171235000000000
0.0131204000000000
0.00323253000000000
-0.00396092000000000
-0.0100959000000000
-0.0132121000000000
-0.0113404000000000
-0.00323297000000000
0.00357797000000000
0.00149485000000000
-0.00239766000000000
-0.00276007000000000
-0.00401940000000000
-0.00368376000000000
-0.00528117000000000
-0.00781511000000000
-0.00913333000000000
-0.0116275000000000
-0.0140894000000000
-0.00971092000000000
-0.00101512000000000
0.00252957000000000
-0.00212498000000000
-0.00616594000000000
-0.00664551000000000
-0.00374737000000000
0.0116971000000000
0.0204113000000000
0.0151409000000000
0.0100739000000000
0.00601387000000000
0.00531257000000000
0.00885547000000000
0.0115855000000000
0.0137326000000000
0.0121753000000000
0.00223551000000000
-0.00552602000000000
-0.00951126000000000
-0.0117965000000000
-0.00743421000000000
8.57044000000000e-05
0.00429730000000000
-0.00201381000000000
-0.0104260000000000
-0.00388424000000000
0.00144195000000000
-0.00241910000000000
-0.00624719000000000
-0.00635241000000000
-0.00541166000000000
-0.00377093000000000
-0.000588051000000000
0.00696554000000000
0.0115901000000000
0.00708834000000000
0.00223070000000000
0.00326849000000000
0.00366248000000000
-0.00153497000000000
-0.00136194000000000
0.000556743000000000
-0.00145467000000000
-0.00377872000000000
-0.00132362000000000
0.00478459000000000
0.00599978000000000
0.00327227000000000
0.000670260000000000
-0.00163622000000000
-0.00408080000000000
-0.00262261000000000
0.00233436000000000
0.00611556000000000
0.00655128000000000
0.000338044000000000
-0.00511988000000000
-0.00183569000000000
0.00421364000000000
0.00416068000000000
0.00231860000000000
0.00268702000000000
0.00338104000000000
0.00172344000000000
-0.00207871000000000
-0.00659201000000000
-0.00991221000000000
-0.00738488000000000
0.00195532000000000
0.00295036000000000
-0.00382866000000000
-0.00554699000000000
-0.00340886000000000
-0.00197608000000000
0.00291201000000000
0.00773490000000000
0.00899254000000000
0.00775757000000000
0.00604043000000000
0.00472033000000000
0.00504560000000000
0.00600690000000000
0.00324794000000000
0.00130897000000000
0.000851819000000000
-0.00254172000000000
-0.00591956000000000
-0.00450425000000000
-0.000172933000000000
0.00222531000000000
0.000785205000000000
-0.00445669000000000
-0.00711563000000000
-0.00729609000000000
-0.00159180000000000
0.00289544000000000
0.00662830000000000
0.0101209000000000
0.00485140000000000
-0.00228969000000000
-0.00371507000000000
-0.00265210000000000
-0.00506369000000000
-0.00844807000000000
-0.00701071000000000
-0.00196315000000000
0.00115644000000000
0.000500203000000000
0.00311363000000000
0.00785759000000000
0.00796131000000000
0.00460976000000000
0.000819700000000000
-0.00258180000000000
-0.00371397000000000
-0.00164522000000000
0.000523540000000000
0.00251996000000000
0.00499949000000000
0.00641448000000000
0.00488872000000000
-0.000358111000000000
-0.00356170000000000
-0.00590250000000000
-0.00591631000000000
-0.000762925000000000
0.00252306000000000
-4.71912000000000e-05
-0.00724770000000000
-0.00963990000000000
-0.00973071000000000
-0.0115386000000000
-0.0148325000000000
-0.00940851000000000
-0.000813294000000000
0.00402564000000000
0.00656061000000000
0.00814447000000000
0.00609621000000000
0.00135612000000000
-0.000927038000000000
-0.00115759000000000
-0.00332434000000000
-0.00663986000000000
-0.00827031000000000
-0.00869430000000000
-0.00532773000000000
0.00301779000000000
0.00663409000000000
0.00767961000000000
0.00874846000000000
0.00773547000000000
0.00109849000000000
-0.00497436000000000
-0.00206209000000000
0.00488017000000000
0.00635486000000000
0.00751491000000000
0.00400794000000000
-0.00314343000000000
-0.00521909000000000
-0.00755669000000000
-0.00871405000000000
-0.00431387000000000
-0.00205714000000000
-0.00204363000000000
-0.00161876000000000
-0.00477099000000000
-0.00361155000000000
0.00212879000000000
0.00222384000000000
0.00155524000000000
0.000368710000000000
0.00135769000000000
0.00436211000000000
0.000406456000000000
-0.00147053000000000
0.00204871000000000
0.00328320000000000
0.00360179000000000
0.00521627000000000
0.00773843000000000
0.00519405000000000
-0.00253443000000000
-0.00544870000000000
-0.00308230000000000
-0.00175758000000000
-0.00305774000000000
-0.00540106000000000
-0.00701001000000000
-0.00627922000000000
-0.00515995000000000
-0.00111442000000000
0.00607033000000000
0.0125740000000000
0.0157188000000000
0.00613132000000000
-0.00178234000000000
-0.00367983000000000
-0.00639881000000000
-0.000730400000000000
0.00905198000000000
0.00968100000000000
0.000596974000000000
-0.00435590000000000
-0.00173126000000000
0.000827806000000000
0.00245831000000000
0.00511233000000000
0.00424444000000000
-0.00221180000000000
-0.00855440000000000
-0.00981477000000000
-0.00309313000000000
0.00340094000000000
0.00383747000000000
0.00349641000000000
0.00281913000000000
0.000394943000000000
-0.00336972000000000
-0.00169921000000000
0.00453514000000000
0.00850383000000000
0.0111002000000000
0.00663523000000000
-0.00123997000000000
-0.00620270000000000
-0.00670825000000000
-0.00174866000000000
0.000441976000000000
0.00119678000000000
-0.000569027000000000
-0.00275958000000000
0.00136749000000000
0.00622787000000000
0.00720093000000000
0.00611491000000000
0.000851109000000000
-0.00433751000000000
-0.00839634000000000
-0.0115239000000000
-0.00928820000000000
-0.00337206000000000
-0.000160038000000000
0.000629879000000000
0.000965063000000000
-0.00109299000000000
-0.00333752000000000
-0.00133241000000000
0.00258136000000000
0.00366584000000000
0.00382001000000000
0.00515225000000000
0.00511982000000000
0.00296326000000000
0.00319012000000000
0.00398413000000000
-0.00208530000000000
-0.00651167000000000
-0.00628185000000000
-0.00568007000000000
-0.00215825000000000
0.000569964000000000
-9.64580000000000e-05
-0.000706309000000000
-0.00302160000000000
-0.00731675000000000
-0.0108519000000000
-0.0122446000000000
-0.0108638000000000
-0.00813593000000000
-0.00465304000000000
-0.00174760000000000
0.000770742000000000
0.00232880000000000
0.00310324000000000
0.00440119000000000
0.00995740000000000
0.0111831000000000
0.00489030000000000
-0.00373959000000000
-0.00428766000000000
-0.00550641000000000
-0.00994162000000000
-0.0118530000000000
-0.00921763000000000
-0.00177494000000000
-0.000565773000000000
4.62581000000000e-05
0.00378866000000000
0.00609478000000000
0.00448313000000000
-0.00200620000000000
-0.00732770000000000
-0.0101357000000000
-0.00594122000000000
-0.000659108000000000
0.00426673000000000
0.00976455000000000
0.0115554000000000
0.00762173000000000
0.00502381000000000
0.00875799000000000
0.0100168000000000
0.00688448000000000
0.00436675000000000
0.000773315000000000
-0.00353457000000000
-0.00474222000000000
-0.00307390000000000
-0.00293384000000000
-0.00553499000000000
-0.00767870000000000
-0.00823518000000000
-0.00990501000000000
-0.0112754000000000
-0.0109995000000000
-0.00906374000000000
-0.00509823000000000
-0.00130805000000000
0.00116382000000000
0.00411177000000000
0.00956709000000000
0.0155752000000000
0.0141472000000000
0.00828029000000000
0.00318107000000000
0.000461230000000000
-0.00134722000000000
-0.00446193000000000
-0.00606239000000000
-0.00344910000000000
-0.00214430000000000
-0.00245072000000000
-0.000330686000000000
0.00132141000000000
-0.000769004000000000
-0.00210844000000000
-0.00298969000000000
-0.00477810000000000
-0.00597757000000000
-0.00629258000000000
-0.00358315000000000
-0.00158811000000000
-0.00317747000000000
0.000191808000000000
0.00839258000000000
0.0122673000000000
0.0141793000000000
0.0116828000000000
0.00270833000000000
-0.00366174000000000
-0.00659610000000000
-0.00845420000000000
-0.00762152000000000
-0.00533552000000000
-0.00204079000000000
0.00103803000000000
0.00410636000000000
0.00637447000000000
0.00531955000000000
0.00526910000000000
0.00829578000000000
0.00805269000000000
0.000856820000000000
-0.00502173000000000
-0.00474260000000000
-0.00277336000000000
-0.00103800000000000
-0.000122523000000000
0.00185217000000000
0.00411606000000000
0.00454463000000000
0.00488445000000000
0.00638955000000000
0.00692563000000000
0.00475658000000000
0.00353428000000000
0.00489978000000000
0.00600190000000000
0.00102800000000000
-0.00443864000000000
-0.00707167000000000
-0.00712671000000000
-0.00234600000000000
0.000184160000000000
0.000744994000000000
0.00253802000000000
0.00335682000000000
0.00387432000000000
0.00431603000000000
0.00362943000000000
0.00169844000000000
-0.000853341000000000
-0.00269960000000000
-0.00284046000000000
-0.00127802000000000
-0.00186651000000000
-0.000949559000000000
0.00723450000000000
0.0129903000000000
0.0167833000000000
0.0182756000000000
0.0122070000000000
0.00285275000000000
-0.00304095000000000
-0.00805217000000000
-0.0144221000000000
-0.0195751000000000
-0.0188721000000000
-0.0127716000000000
-0.00773363000000000
-0.00234245000000000
0.000275416000000000
0.000546747000000000
-0.000806237000000000
-0.00313973000000000
-0.00459025000000000
-0.00378812000000000
0.000300898000000000
0.00232867000000000
0.00331795000000000
0.00589465000000000
0.00733425000000000
0.00418529000000000
0.00120912000000000
0.00111435000000000
-0.000657202000000000
-0.00289914000000000
0.000322358000000000
0.00342122000000000
0.00445506000000000
0.00469860000000000
0.00120763000000000
-0.00205572000000000
-0.00293941000000000
-0.00306704000000000
-0.000149205000000000
0.00228921000000000
0.00214668000000000
0.00326852000000000
0.00382137000000000
0.00341776000000000
0.00186254000000000
-4.31387000000000e-05
0.00170020000000000
0.00302334000000000
0.00191224000000000
0.00110146000000000
0.00101769000000000
-0.00153612000000000
-0.00344259000000000
0.000222653000000000
0.00698497000000000
0.0106171000000000
0.0104197000000000
0.00757213000000000
0.00464218000000000
0.00139102000000000
-0.00200250000000000
-0.00370161000000000
-0.00499560000000000
-0.00446189000000000
-0.00320904000000000
-0.00238915000000000
-0.00191579000000000
-0.00265277000000000
-0.000149058000000000
0.00165343000000000
-0.00193889000000000
-0.00341965000000000
-0.00406637000000000
-0.00624782000000000
-0.00751437000000000
-0.00862096000000000
-0.0101037000000000
-0.0112705000000000
-0.00969781000000000
-0.00318534000000000
0.00326848000000000
0.00623435000000000
0.00295885000000000
-0.00114739000000000
-0.00152479000000000
0.00169280000000000
0.00281957000000000
0.00265852000000000
0.00440282000000000
0.00476917000000000
0.00220301000000000
-0.000201972000000000
-0.000531773000000000
-0.00138088000000000
-0.00448843000000000
-0.00723925000000000
-0.00517066000000000
-0.00426464000000000
-0.00455976000000000
-0.00430482000000000
-0.00577332000000000
-0.00409876000000000
-0.00156389000000000
-0.000938221000000000
0.000529859000000000
0.00184712000000000
0.00244135000000000
0.000958707000000000
-0.00129517000000000
0.000265571000000000
0.000988824000000000
0.000913531000000000
0.000943886000000000
-0.00314828000000000
-0.00795523000000000
-0.0102460000000000
-0.00653456000000000
-0.00198294000000000
6.43772000000000e-05
0.000834083000000000
-0.00214841000000000
-0.00594688000000000
-0.00588379000000000
-0.00172337000000000
0.00212972000000000
0.00318643000000000
0.00453679000000000
0.00475965000000000
0.00497538000000000
0.00534647000000000
0.00546862000000000
0.00276494000000000
-0.00390596000000000
-0.00814310000000000
-0.0107486000000000
-0.00571981000000000
0.00120432000000000
0.00417450000000000
0.00610984000000000
0.00194414000000000
-0.00274819000000000
-0.00224650000000000
0.00218361000000000
0.00756621000000000
0.00732764000000000
0.00321978000000000
0.00233294000000000
-0.000147300000000000
-0.00330296000000000
-0.00331332000000000
0.00536850000000000
0.00958506000000000
0.00949965000000000
0.0120318000000000
0.0133704000000000
0.0120023000000000
0.00553121000000000
-0.000564852000000000
-0.00263647000000000
-0.00362100000000000
-0.00628668000000000
-0.00662442000000000
-0.00587969000000000
-0.00338100000000000
0.00113044000000000
0.00404322000000000
0.00423510000000000
0.00769459000000000
0.00798240000000000
0.00442535000000000
0.00259251000000000
0.000606917000000000
-0.00199610000000000
-0.00239811000000000
-0.00100376000000000
-0.00332000000000000
-0.00678960000000000
-0.00542517000000000
0.000993903000000000
0.00345451000000000
0.00214282000000000
0.00148504000000000
0.00150364000000000
-0.000408607000000000
-0.00257678000000000
-0.00126415000000000
0.00257067000000000
0.00120154000000000
6.32421000000000e-06
0.00347726000000000
0.00514372000000000
0.00675061000000000
0.00966440000000000
0.0117965000000000
0.0112505000000000
0.00606070000000000
0.00187989000000000
-0.00143881000000000
-0.00397326000000000
-0.00478587000000000
-0.00381728000000000
-0.00134674000000000
-0.00191872000000000
-0.00411397000000000
4.96410000000000e-05
0.00764381000000000
0.00849738000000000
0.00858464000000000
0.0103038000000000
0.00692163000000000
0.000734359000000000
-0.00165151000000000
0.000449631000000000
0.000824796000000000
-0.000311051000000000
9.05507000000000e-05
0.000609691000000000
3.48914000000000e-05
-0.00224345000000000
-0.000733247000000000
0.00318017000000000
0.00167345000000000
-0.00376990000000000
-0.00615501000000000
-0.00530520000000000
-0.00405210000000000
-0.00326331000000000
-0.00118967000000000
0.00184246000000000
0.00403684000000000
-0.00240960000000000
-0.00682889000000000
-0.00657004000000000
-0.00798206000000000
-0.00817518000000000
-0.00284711000000000
0.00365112000000000
0.00498573000000000
0.00346467000000000
0.00263365000000000
0.00306903000000000
0.00301084000000000
0.00414248000000000
0.00459007000000000
0.000679185000000000
-0.00248969000000000
-0.00413540000000000
-0.00397556000000000
-0.00134613000000000
-0.00114091000000000
-0.00141975000000000
0.000699923000000000
0.000367002000000000
-0.00247169000000000
-0.00222864000000000
-0.00251915000000000
-0.00384844000000000
-0.00423733000000000
-0.00291646000000000
0.00202649000000000
0.00242264000000000
-0.000508452000000000
0.000142509000000000
0.00133634000000000
0.000652103000000000
-5.37041000000000e-05
0.00323800000000000
0.00598406000000000
0.00521209000000000
0.00133470000000000
-0.00249938000000000
-0.00545999000000000
-0.00827286000000000
-0.0108153000000000
-0.0107277000000000
-0.00579368000000000
-0.00463353000000000
-0.00685631000000000
-0.00663381000000000
-0.00474775000000000
-0.00367957000000000
-0.00471721000000000
-0.00657154000000000
-0.00538295000000000
-0.00263002000000000
-0.00170630000000000
-0.00103355000000000
-0.000597632000000000
-0.00185205000000000
-0.00350968000000000
-0.00357861000000000
-0.00277730000000000
-0.00536544000000000
-0.00753034000000000
-0.00689970000000000
-0.00652703000000000
-0.00748736000000000
-0.00594328000000000
0.000183591000000000
0.00736988000000000
0.00906260000000000
0.00837468000000000
0.00603105000000000
-6.63087000000000e-05
-0.00388759000000000
-0.000286561000000000
0.00196720000000000
0.00275025000000000
0.00428319000000000
0.00173682000000000
-3.68007000000000e-05
-0.00108686000000000
-0.00565701000000000
-0.00725815000000000
-0.00338172000000000
-0.00173471000000000
-0.00211496000000000
-0.00479810000000000
-0.00689639000000000
-0.00889385000000000
-0.0108223000000000
-0.00686702000000000
-0.00164583000000000
0.00142293000000000
0.00270750000000000
0.00317886000000000
0.00234918000000000
0.000112449000000000
-0.000772581000000000
0.00179953000000000
0.00623347000000000
0.00827032000000000
0.00992601000000000
0.00754681000000000
0.00523026000000000
0.00457791000000000
0.00308698000000000
0.00211343000000000
0.00273428000000000
0.00254246000000000
-0.00190974000000000
-0.00539469000000000
-0.00829024000000000
-0.00922372000000000
-0.00508586000000000
-0.00171783000000000
-0.000147666000000000
0.00146148000000000
0.00237621000000000
0.00485869000000000
0.00684886000000000
0.00779149000000000
0.00589290000000000
0.00121428000000000
0.00161352000000000
0.00274070000000000
0.00315863000000000
0.00326382000000000
0.00313001000000000
-0.000519626000000000
-0.00490564000000000
-0.00625380000000000
-0.00632125000000000
-0.00549078000000000
-0.000853343000000000
0.00168790000000000
-0.000642316000000000
-0.00186203000000000
-0.00229749000000000
-0.00239458000000000
-0.00129881000000000
0.000338732000000000
0.00355677000000000
0.00700660000000000
0.00816174000000000
0.00613574000000000
0.00471000000000000
0.00448379000000000
0.00408249000000000
0.00215069000000000
-0.000187499000000000
-0.00210304000000000
-0.00386652000000000
-0.00506976000000000
-0.00490909000000000
-0.00265360000000000
-0.000723250000000000
0.000100619000000000
-0.00124365000000000
-0.00261523000000000
-0.00282522000000000
-0.00269230000000000
-0.000185108000000000
0.000927092000000000
0.000587504000000000
0.000459518000000000
0.00176965000000000
0.00297566000000000
0.00289475000000000
0.00168270000000000
0.000650283000000000
0.000289453000000000
0.00320385000000000
0.00468190000000000
0.00379554000000000
0.00175208000000000
0.000547095000000000
-0.000521901000000000
-0.00221068000000000
-0.00195016000000000
0.000706723000000000
0.00116210000000000
-0.00123528000000000
-0.00150547000000000
0.00200834000000000
0.00122077000000000
-0.00187033000000000
-0.00166917000000000
-0.00128898000000000
-0.00229280000000000
-0.00301530000000000
-0.00152433000000000
0.00291611000000000
0.00487294000000000
0.00584268000000000
0.00405330000000000
0.00235048000000000
0.00225973000000000
0.00504362000000000
0.00634208000000000
0.00364883000000000
0.00231883000000000
0.000961236000000000
-0.00106216000000000
-0.00183126000000000
-0.00168740000000000
-0.00150354000000000
-0.000248626000000000
0.00176445000000000
-0.000312570000000000
-0.000500229000000000
0.00230147000000000
0.00334657000000000
0.00445156000000000
0.00431952000000000
0.00166431000000000
0.000395068000000000
-0.00133236000000000
-0.000944140000000000
0.00165620000000000
0.00257487000000000
0.00225739000000000
0.000473297000000000
-0.000323541000000000
-0.00146695000000000
-0.00266092000000000
-0.000449735000000000
0.00242409000000000
0.00262646000000000
0.000138428000000000
-0.00117864000000000
-0.00200030000000000
-0.000353540000000000
0.00146156000000000
0.00401515000000000
0.00658826000000000
0.00297527000000000
-0.00172983000000000
-0.00426289000000000
-0.00690423000000000
-0.00421493000000000
0.00113925000000000
0.00611129000000000
0.00671927000000000
0.00412015000000000
0.00365592000000000
0.00228293000000000
0.000185849000000000
-0.00140564000000000
-0.00221041000000000
-0.000819296000000000
-0.000314810000000000
-0.00213470000000000
-0.00293319000000000
-0.000888889000000000
0.00161837000000000
0.00282330000000000
0.00430924000000000
0.00587937000000000
0.00495334000000000
0.000790367000000000
-0.00187061000000000
-0.00338785000000000
-0.00263030000000000
-0.000885650000000000
7.84257000000000e-05
0.000337757000000000
-0.000925453000000000
-0.00336214000000000
-0.00412810000000000
-0.000276788000000000
0.00467917000000000
0.00682525000000000
0.00434929000000000
-0.000500978000000000
-0.00252147000000000
-0.00361146000000000
-0.00387485000000000
-0.00396610000000000
-0.00354560000000000
-0.00215169000000000
-0.00136596000000000
-0.000949209000000000
-0.000276710000000000
0.000421546000000000
0.000930172000000000
-0.000174018000000000
-0.00162648000000000
-0.00214382000000000
-0.00264345000000000
-0.000527463000000000
0.00217568000000000
0.00393746000000000
0.00489856000000000
0.00331405000000000
0.00195785000000000
0.00486445000000000
0.00600180000000000
0.00499103000000000
0.00548889000000000
0.00536355000000000
0.00425874000000000
0.00192801000000000
-0.00127392000000000
-0.00269101000000000
-0.00294546000000000
-0.00375785000000000
-0.00257533000000000
-0.00352216000000000
-0.00577824000000000
-0.00567655000000000
-0.00387428000000000
-0.00332553000000000
-0.00382568000000000
-0.00278273000000000
-5.30131000000000e-05
0.00338619000000000
0.00636075000000000
0.00770259000000000
0.00717272000000000
0.00394416000000000
0.000712356000000000
-0.00220757000000000
-0.00483978000000000
-0.00593175000000000
-0.00326400000000000
-0.000561986000000000
-0.000943476000000000
-3.79999000000000e-05
0.00219582000000000
0.00521380000000000
0.00661498000000000
0.00589427000000000
0.00653784000000000
0.00368534000000000
-0.00140657000000000
-0.00423386000000000
-0.00629636000000000
-0.00455025000000000
-0.00127659000000000
0.000544136000000000
0.00168885000000000
0.00106204000000000
-0.00107849000000000
-0.00100095000000000
-0.000650412000000000
-0.000925444000000000
-0.00236589000000000
-0.00227249000000000
-0.000775493000000000
-0.00359119000000000
-0.00578590000000000
-0.00671781000000000
-0.00734679000000000
-0.00532817000000000
-0.000803237000000000
0.00343965000000000
0.00294815000000000
0.00194324000000000
0.000768082000000000
-0.00146331000000000
-0.00255614000000000
-0.00192468000000000
4.57468000000000e-05
0.00109442000000000
0.000377486000000000
-0.00259304000000000
-0.00403884000000000
-0.00510115000000000
-0.00377462000000000
-0.000252803000000000
0.00195873000000000
0.00284434000000000
0.00236042000000000
0.00244445000000000
0.00231185000000000
0.00388676000000000
0.00357510000000000
0.00211428000000000
0.000981108000000000
-0.00142297000000000
-0.00384930000000000
-0.00517030000000000
-0.00406600000000000
-0.00399241000000000
-0.00519276000000000
-0.00379707000000000
0.000745293000000000
0.00199467000000000
0.000876177000000000
0.000251800000000000
-0.000579194000000000
-0.00270681000000000
-0.00490683000000000
-0.00196913000000000
0.000332492000000000
-0.00293145000000000
-0.00382449000000000
-0.000276258000000000
0.00127378000000000
0.000792092000000000
0.000386175000000000
0.000535305000000000
0.000160635000000000
-0.000239795000000000
-0.000526306000000000
-0.00187013000000000
-0.00319491000000000
-0.00100751000000000
-0.000233593000000000
-0.00162691000000000
-0.00160912000000000
-0.000996883000000000
-0.000582468000000000
-0.00335949000000000
-0.00602047000000000
-0.00572918000000000
-0.00494103000000000
-0.00528117000000000
-0.00430261000000000
-0.00276333000000000
-0.00241197000000000
-0.00254976000000000
-0.00215786000000000
-0.00226600000000000
-0.00240738000000000
-0.00268368000000000
-0.00224880000000000
-0.000304549000000000
0.00113260000000000
0.00226921000000000
0.00223517000000000
0.000205045000000000
-0.00221448000000000
-0.00397629000000000
-0.00512974000000000
-0.00429567000000000
-0.000506125000000000
0.00111922000000000
0.000146282000000000
-0.00141178000000000
-0.00287851000000000
-0.00487867000000000
-0.00680967000000000
-0.00767596000000000
-0.00432808000000000
-0.00170761000000000
-0.000873586000000000
0.000344144000000000
-0.00130052000000000
-0.00437008000000000
-0.00498530000000000
-0.000782408000000000
0.00214693000000000
0.00201029000000000
0.000264793000000000
-0.000773032000000000
0.000541454000000000
-0.00155953000000000
-0.00362672000000000
-0.00233549000000000
-0.000891122000000000
-0.00243931000000000
-0.00169251000000000
0.00206672000000000
0.00343727000000000
0.00284790000000000
0.00355418000000000
0.00451493000000000
0.00428371000000000
0.00358398000000000
0.00286212000000000
-6.39179000000000e-05
-0.00210935000000000
-0.00352345000000000
-0.00492153000000000
-0.00403208000000000
-0.00247999000000000
-0.00151529000000000
-0.000278064000000000
0.00117442000000000
0.00246908000000000
0.00274403000000000
0.00158062000000000
0.000621567000000000
-0.000486455000000000
-0.00134358000000000
-0.00172174000000000
-0.00201577000000000
0.000154955000000000
0.00247666000000000
0.00360758000000000
0.00393762000000000
0.00479134000000000
0.00639150000000000
0.00868663000000000
0.00516435000000000
0.00202849000000000
0.00205015000000000
0.000973577000000000
-0.00100140000000000
-0.00112742000000000
0.000831656000000000
0.00178478000000000
0.00280258000000000
0.00376133000000000
0.00411610000000000
0.00376659000000000
0.00336770000000000
0.00271664000000000
0.00163007000000000
0.00142714000000000
0.00339178000000000
0.00382883000000000
0.00383180000000000
0.00331450000000000
0.000476129000000000
-0.00278759000000000
-0.00223516000000000
0.00109048000000000
-0.000160099000000000
-0.000311137000000000
0.00132815000000000
0.00232556000000000
0.00292058000000000
0.00354609000000000
0.00407328000000000
0.00386604000000000
0.00330549000000000
0.00143216000000000
-0.00136940000000000
-0.00281054000000000
-0.00257434000000000
-0.000403541000000000
0.00205533000000000
0.00285318000000000
0.00184454000000000
0.000790708000000000
0.00112270000000000
0.00267912000000000
0.00294294000000000
0.00331025000000000
0.00335819000000000
0.00240222000000000
0.000373112000000000
-0.00214385000000000
-0.000713816000000000
0.00123867000000000
0.00114674000000000
0.00156778000000000
0.000897813000000000
-0.00143393000000000
-0.00138688000000000
0.000325460000000000
0.000259661000000000
-0.000436052000000000
-0.000486480000000000
-0.00144718000000000
-0.00258369000000000
-0.00243733000000000
-0.00149230000000000
-0.00185664000000000
-0.00144501000000000
0.000497680000000000
0.00165049000000000
0.00230149000000000
0.00301568000000000
0.00432222000000000
0.00410317000000000
0.00129651000000000
-0.000701114000000000
-0.000379504000000000
0.000422355000000000
0.000314726000000000
0.000299214000000000
-0.000622800000000000
-0.00256788000000000
-0.00430964000000000
-0.00551254000000000
-0.00586608000000000
-0.00531132000000000
-0.00456249000000000
-0.00387322000000000
-0.00316106000000000
-0.00199658000000000
-0.000194216000000000
0.00117938000000000
0.00319522000000000
0.00507064000000000
0.00516543000000000
0.00412001000000000
0.00358256000000000
0.00336489000000000
0.00241965000000000
0.000715015000000000
-0.000191087000000000
0.000131257000000000
-0.000263179000000000
-0.00208663000000000
-0.00201615000000000
-9.57098000000000e-05
0.000535637000000000
0.000769185000000000
0.00164544000000000
0.00182193000000000
0.000401060000000000
-0.000667716000000000
-0.000463740000000000
0.000574506000000000
0.000817899000000000
0.00121574000000000
0.00175110000000000
0.00182939000000000
0.00163749000000000
0.00133171000000000
0.00258744000000000
0.00323690000000000
0.00268364000000000
0.00164670000000000
0.000760862000000000
-0.000136232000000000
-0.00119367000000000
-0.000984459000000000
2.88562000000000e-05
0.000445532000000000
0.000993623000000000
0.000795331000000000
0.000577858000000000
0.000693503000000000
0.000933438000000000
0.00108196000000000
0.00111237000000000
0.00119592000000000
0.00103489000000000
0.000680569000000000
-3.59431000000000e-05
-0.000731644000000000
-0.000751654000000000
-0.000201047000000000
2.03922000000000e-05
-0.000626119000000000
-0.000897595000000000
-0.000439473000000000
-0.000628579000000000
-0.00116834000000000
-0.000508671000000000
0.000468956000000000
0.000362651000000000
0.000296588000000000
0.00106333000000000
0.000722668000000000
-0.000451594000000000
-0.000386656000000000
0.000165181000000000
-0.000247789000000000
-0.000931541000000000
-0.00111963000000000
-0.000900043000000000
-0.000881773000000000
-0.000774171000000000
-0.000332524000000000
4.46252000000000e-05
0.000119045000000000
-4.82351000000000e-05
-0.000180961000000000
-0.000324367000000000
-0.000465684000000000
-0.000545961000000000
-0.000587630000000000
-0.000283851000000000
-5.76635000000000e-05
4.84875000000000e-05
0.000206893000000000
0.000259889000000000
0.000223211000000000
3.69182000000000e-05
-0.000147878000000000
-0.000277447000000000
-0.000244552000000000
-0.000236609000000000
-0.000268292000000000
-0.000194714000000000
-7.42267000000000e-05
-0.000198973000000000
-0.000322810000000000
-0.000195321000000000
-7.07829000000000e-05
-0.000128627000000000
-0.000267019000000000
-0.000346130000000000
-0.000358117000000000
-0.000306060000000000
-0.000233225000000000
-0.000105443000000000
2.81329000000000e-05
0.000106038000000000
0.000102717000000000
5.38611000000000e-05
-8.33318000000000e-06
-4.65962000000000e-05
-8.26077000000000e-05
-0.000117194000000000
-6.90607000000000e-05
2.22598000000000e-05
-2.61387000000000e-05
-0.000159803000000000
-0.000168905000000000
-0.000145403000000000
-0.000170636000000000
-0.000166904000000000
-0.000132640000000000
-0.000130363000000000
-0.000163997000000000
-0.000167957000000000
-0.000122551000000000
-0.000115713000000000
-0.000147548000000000
-0.000135595000000000
-9.49576000000000e-05
-7.91791000000000e-05
-7.04177000000000e-05
-7.58578000000000e-05
-7.98923000000000e-05
-7.77748000000000e-05
-9.39598000000000e-05
-0.000104747000000000
-8.52387000000000e-05
-8.17547000000000e-05
-8.95655000000000e-05
-8.44187000000000e-05
-8.47007000000000e-05
-0.000105194000000000
-0.000116404000000000
-0.000112336000000000
-0.000104124000000000
-0.000108624000000000
-0.000112237000000000
-0.000113622000000000
-0.000121788000000000
-0.000128283000000000
-0.000129142000000000
-0.000130442000000000
-0.000132700000000000
-0.000135972000000000
-0.000139965000000000
-0.000143972000000000
-0.000149629000000000
-0.000153899000000000
-0.000155065000000000
-0.000158351000000000
-0.000163950000000000
-0.000168201000000000
-0.000171837000000000
-0.000175970000000000
-0.000180479000000000
-0.000185094000000000
-0.000190030000000000
-0.000195292000000000
-0.000200632000000000
-0.000206102000000000
-0.000211729000000000
-0.000217492000000000
-0.000223343000000000
-0.000229324000000000
-0.000235500000000000
-0.000241809000000000
-0.000248236000000000
-0.000254770000000000
-0.000261411000000000
-0.000268161000000000
-0.000275016000000000
-0.000281975000000000
-0.000289035000000000