0.000379447000000000
0.00102362000000000
0.00140864000000000
0.00143305000000000
0.00181132000000000
0.00270911000000000
0.00312944000000000
0.00216202000000000
0.000648205000000000
0.000420518000000000
0.00134878000000000
0.00162232000000000
0.000786183000000000
0.000369412000000000
0.000968068000000000
0.00132933000000000
0.000667649000000000
0.000158816000000000
0.000686950000000000
0.00118003000000000
0.000572177000000000
-4.90961000000000e-05
0.000749864000000000
0.00222468000000000
0.00237915000000000
0.000916101000000000
-0.000496301000000000
-0.000396752000000000
0.000784461000000000
0.00146204000000000
0.000859038000000000
-4.47916000000000e-05
0.000148544000000000
0.00127600000000000
0.00202069000000000
0.00186493000000000
0.00139307000000000
0.000794868000000000
-0.000217918000000000
-0.00106217000000000
-0.000628724000000000
0.000857387000000000
0.00189314000000000
0.00179552000000000
0.00112318000000000
0.000479591000000000
0.000227105000000000
0.000878849000000000
0.00195609000000000
0.00185309000000000
0.000127585000000000
-0.00124326000000000
-0.000746849000000000
0.000220861000000000
-0.000325872000000000
-0.00167867000000000
-0.00183127000000000
-0.000825015000000000
-0.000254654000000000
-0.000303800000000000
0.000240068000000000
0.00163797000000000
0.00267961000000000
0.00240183000000000
0.000955507000000000
-0.000910503000000000
-0.00238848000000000
-0.00277795000000000
-0.00190111000000000
-0.000639512000000000
-0.000271579000000000
-0.000961393000000000
-0.00155579000000000
-0.00126839000000000
-0.000554800000000000
-0.000146039000000000
0.000231835000000000
0.00121276000000000
0.00242939000000000
0.00254244000000000
0.00101042000000000
-0.00127513000000000
-0.00311753000000000
-0.00426339000000000
-0.00505668000000000
-0.00523103000000000
-0.00373015000000000
-0.000378585000000000
0.00287973000000000
0.00365285000000000
0.00195681000000000
0.000157689000000000
-0.000267444000000000
-0.000391778000000000
-0.00183644000000000
-0.00414481000000000
-0.00531185000000000
-0.00430423000000000
-0.00222590000000000
-0.00106418000000000
-0.00170752000000000
-0.00339474000000000
-0.00462860000000000
-0.00426842000000000
-0.00198918000000000
0.00127879000000000
0.00323417000000000
0.00197605000000000
-0.00143046000000000
-0.00342309000000000
-0.00184763000000000
0.00158055000000000
0.00323754000000000
0.00119941000000000
-0.00300520000000000
-0.00558066000000000
-0.00404662000000000
-0.000125130000000000
0.00180514000000000
-0.000102886000000000
-0.00317710000000000
-0.00449114000000000
-0.00457936000000000
-0.00515100000000000
-0.00579291000000000
-0.00538751000000000
-0.00416376000000000
-0.00241590000000000
0.000409651000000000
0.00356995000000000
0.00460692000000000
0.00276984000000000
0.000387249000000000
-0.000465394000000000
-0.000391462000000000
-0.000671253000000000
-0.00140505000000000
-0.00237685000000000
-0.00359672000000000
-0.00403248000000000
-0.00226352000000000
0.00111507000000000
0.00378858000000000
0.00484544000000000
0.00504311000000000
0.00430423000000000
0.00172769000000000
-0.00179811000000000
-0.00414776000000000
-0.00510298000000000
-0.00636002000000000
-0.00808076000000000
-0.00819560000000000
-0.00582801000000000
-0.00287069000000000
-0.000982424000000000
0.000303743000000000
0.00160617000000000
0.00221485000000000
0.00152751000000000
9.71657000000000e-05
-0.000821642000000000
-0.000213166000000000
0.00149829000000000
0.00230199000000000
0.00113273000000000
-0.000204007000000000
0.000397721000000000
0.00163151000000000
0.00128375000000000
0.000407124000000000
0.00102499000000000
0.00106389000000000
-0.00213812000000000
-0.00592519000000000
-0.00605698000000000
-0.00434658000000000
-0.00497162000000000
-0.00615402000000000
-0.00351905000000000
0.000945100000000000
0.00192745000000000
0.000342538000000000
0.00124133000000000
0.00443659000000000
0.00499854000000000
0.00203555000000000
-0.000599353000000000
-0.00109547000000000
-0.00115742000000000
-0.00162469000000000
-0.00184785000000000
-0.00216877000000000
-0.00264380000000000
-0.00166697000000000
0.00105004000000000
0.00274543000000000
0.00187843000000000
0.000366039000000000
-0.000224729000000000
-0.00117436000000000
-0.00307597000000000
-0.00429203000000000
-0.00390106000000000
-0.00290284000000000
-0.000908636000000000
0.00294842000000000
0.00615287000000000
0.00510951000000000
0.00185417000000000
0.00119359000000000
0.00206139000000000
-0.000456227000000000
-0.00497579000000000
-0.00510549000000000
-0.000780872000000000
0.00111859000000000
-0.000922992000000000
-0.000720004000000000
0.00370223000000000
0.00557441000000000
0.000992473000000000
-0.00462666000000000
-0.00513621000000000
-0.00197518000000000
-0.000159340000000000
-0.00116531000000000
-0.00270000000000000
-0.00233580000000000
-0.000123078000000000
0.00149578000000000
0.000435010000000000
-0.00129423000000000
7.81159000000000e-05
0.00368644000000000
0.00465523000000000
0.00250053000000000
0.00224435000000000
0.00515006000000000
0.00580367000000000
0.00163532000000000
-0.00239860000000000
-0.00221341000000000
-0.000600975000000000
-0.000795873000000000
-0.000426827000000000
0.00301381000000000
0.00637481000000000
0.00578336000000000
0.00336567000000000
0.00282338000000000
0.00267459000000000
-0.000228591000000000
-0.00372656000000000
-0.00305487000000000
0.00110294000000000
0.00344900000000000
0.00189271000000000
0.000169992000000000
0.00138617000000000
0.00417568000000000
0.00626104000000000
0.00811449000000000
0.0104659000000000
0.0116510000000000
0.00971083000000000
0.00498261000000000
1.41776000000000e-05
-0.00251086000000000
-0.00122618000000000
0.00331765000000000
0.00890118000000000
0.0128511000000000
0.0143893000000000
0.0157976000000000
0.0195961000000000
0.0252134000000000
0.0291045000000000
0.0284341000000000
0.0238310000000000
0.0180299000000000
0.0122726000000000
0.00577582000000000
-0.00102822000000000
-0.00498971000000000
-0.00391211000000000
-0.000188403000000000
0.00256204000000000
0.00565193000000000
0.0135373000000000
0.0248143000000000
0.0315414000000000
0.0302027000000000
0.0266712000000000
0.0246069000000000
0.0173774000000000
5.89232000000000e-06
-0.0182775000000000
-0.0245631000000000
-0.0201344000000000
-0.0164773000000000
-0.0177162000000000
-0.0187312000000000
-0.0176459000000000
-0.0173559000000000
-0.0161608000000000
-0.00924069000000000
0.000583102000000000
0.00553508000000000
0.00583073000000000
0.00847482000000000
0.0125898000000000
0.00954574000000000
0.000125913000000000
-0.00196686000000000
0.00900813000000000
0.0188144000000000
0.0121089000000000
-0.00546258000000000
-0.0165182000000000
-0.0170508000000000
-0.0193083000000000
-0.0313856000000000
-0.0468652000000000
-0.0558317000000000
-0.0563413000000000
-0.0520246000000000
-0.0454871000000000
-0.0364538000000000
-0.0221887000000000
2.94533000000000e-05
0.0278556000000000
0.0527725000000000
0.0674856000000000
0.0712087000000000
0.0657421000000000
0.0510987000000000
0.0303140000000000
0.0136909000000000
0.0120558000000000
0.0255185000000000
0.0410491000000000
0.0416664000000000
0.0211465000000000
-0.00838079000000000
-0.0278527000000000
-0.0316117000000000
-0.0296342000000000
-0.0294699000000000
-0.0296371000000000
-0.0327544000000000
-0.0464123000000000
-0.0630045000000000
-0.0591206000000000
-0.0271256000000000
0.0104128000000000
0.0310030000000000
0.0406378000000000
0.0589196000000000
0.0902105000000000
0.120149000000000
0.128030000000000
0.0982855000000000
0.0368615000000000
-0.0222942000000000
-0.0484544000000000
-0.0521897000000000
-0.0681330000000000
-0.100087000000000
-0.112526000000000
-0.0825087000000000
-0.0332827000000000
-0.00514188000000000
-0.0118627000000000
-0.0359378000000000
-0.0540509000000000
-0.0578939000000000
-0.0549467000000000
-0.0531637000000000
-0.0499754000000000
-0.0404526000000000
-0.0285583000000000
-0.0189637000000000
-0.00807645000000000
0.00284513000000000
-0.00599633000000000
-0.0508374000000000
-0.116919000000000
-0.168692000000000
-0.186723000000000
-0.170530000000000
-0.121692000000000
-0.0455983000000000
0.0296034000000000
0.0654471000000000
0.0479771000000000
0.00332813000000000
-0.0284628000000000
-0.0315500000000000
-0.0202923000000000
-0.0124104000000000
-0.00340112000000000
0.0242667000000000
0.0731632000000000
0.120264000000000
0.144259000000000
0.149966000000000
0.158464000000000
0.176566000000000
0.185589000000000
0.161601000000000
0.106777000000000
0.0547034000000000
0.0364330000000000
0.0472722000000000
0.0547034000000000
0.0366778000000000
0.00154717000000000
-0.0282905000000000
-0.0402358000000000
-0.0354123000000000
-0.0202572000000000
-0.00178921000000000
0.0155464000000000
0.0317481000000000
0.0470755000000000
0.0581659000000000
0.0628423000000000
0.0642025000000000
0.0656883000000000
0.0650049000000000
0.0558166000000000
0.0323446000000000
-0.00686398000000000
-0.0541363000000000
-0.0924930000000000
-0.108629000000000
-0.107085000000000
-0.102693000000000
-0.101788000000000
-0.100324000000000
-0.0978548000000000
-0.0984793000000000
-0.102355000000000
-0.104767000000000
-0.102621000000000
-0.0932969000000000
-0.0716731000000000
-0.0362328000000000
0.00523390000000000
0.0416441000000000
0.0665187000000000
0.0740245000000000
0.0604822000000000
0.0326798000000000
0.00493064000000000
-0.0144920000000000
-0.0251014000000000
-0.0245710000000000
-0.0105313000000000
0.0101824000000000
0.0233364000000000
0.0243600000000000
0.0212161000000000
0.0222633000000000
0.0269562000000000
0.0311308000000000
0.0325140000000000
0.0317854000000000
0.0309435000000000
0.0307820000000000
0.0292086000000000
0.0225390000000000
0.0117407000000000
0.00203375000000000
-0.000639448000000000
0.00540172000000000
0.0177844000000000
0.0306391000000000
0.0393709000000000
0.0416262000000000
0.0360871000000000
0.0224234000000000
0.00598635000000000
-0.00242250000000000
0.00295000000000000
0.0138524000000000
0.0175691000000000
0.0135474000000000
0.0107423000000000
0.0111313000000000
0.00785394000000000
-0.000453062000000000
-0.00623958000000000
-0.00626994000000000
-0.00807501000000000
-0.0185969000000000
-0.0335404000000000
-0.0411790000000000
-0.0311602000000000
-0.000985798000000000
0.0370489000000000
0.0573757000000000
0.0409852000000000
-0.00265356000000000
-0.0419420000000000
-0.0505912000000000
-0.0261243000000000
0.0127427000000000
0.0385720000000000
0.0327623000000000
0.00273452000000000
-0.0220128000000000
-0.0191374000000000
-0.000130995000000000
0.00349544000000000
-0.0214673000000000
-0.0529269000000000
-0.0617247000000000
-0.0464145000000000
-0.0324458000000000
-0.0365795000000000
-0.0481177000000000
-0.0496086000000000
-0.0415063000000000
-0.0343895000000000
-0.0278068000000000
-0.0150167000000000
0.00110143000000000
0.0117831000000000
0.0197116000000000
0.0311243000000000
0.0406392000000000
0.0387565000000000
0.0307554000000000
0.0304094000000000
0.0393630000000000
0.0446631000000000
0.0357899000000000
0.0150109000000000
-0.00746634000000000
-0.0220573000000000
-0.0258156000000000
-0.0250232000000000
-0.0269727000000000
-0.0293507000000000
-0.0245193000000000
-0.0140699000000000
-0.00829537000000000
-0.0106949000000000
-0.0136285000000000
-0.0101063000000000
-0.00224284000000000
0.00515408000000000
0.0115304000000000
0.0188790000000000
0.0260188000000000
0.0306075000000000
0.0343687000000000
0.0417503000000000
0.0513068000000000
0.0532527000000000
0.0402753000000000
0.0184204000000000
0.00215456000000000
-0.00196686000000000
0.000446329000000000
0.00278060000000000
0.00599597000000000
0.0119955000000000
0.0168025000000000
0.0164458000000000
0.0145924000000000
0.0159541000000000
0.0166137000000000
0.00875762000000000
-0.00699985000000000
-0.0219468000000000
-0.0289932000000000
-0.0266432000000000
-0.0162563000000000
-0.00292473000000000
0.00608526000000000
0.00952780000000000
0.0130772000000000
0.0181957000000000
0.0202686000000000
0.0203605000000000
0.0254015000000000
0.0308257000000000
0.0213625000000000
-0.00403937000000000
-0.0248588000000000
-0.0270330000000000
-0.0183687000000000
-0.0100934000000000
-0.00147733000000000
0.00867077000000000
0.0143419000000000
0.0144898000000000
0.0176566000000000
0.0262879000000000
0.0296960000000000
0.0195954000000000
0.000594421000000000
-0.0202837000000000
-0.0415795000000000
-0.0607858000000000
-0.0712618000000000
-0.0720435000000000
-0.0701844000000000
-0.0704242000000000
-0.0700875000000000
-0.0675538000000000
-0.0657572000000000
-0.0640309000000000
-0.0548297000000000
-0.0354662000000000
-0.0138682000000000
0.00280695000000000
0.0157818000000000
0.0252120000000000
0.0263231000000000
0.0208206000000000
0.0197576000000000
0.0264085000000000
0.0296220000000000
0.0213389000000000
0.0103748000000000
0.00874829000000000
0.0177205000000000
0.0312629000000000
0.0439884000000000
0.0510420000000000
0.0513233000000000
0.0490839000000000
0.0461654000000000
0.0360138000000000
0.0147547000000000
-0.00753955000000000
-0.0164314000000000
-0.00952852000000000
0.00499804000000000
0.0174585000000000
0.0183148000000000
0.00301546000000000
-0.0185610000000000
-0.0297835000000000
-0.0270832000000000
-0.0212843000000000
-0.0189817000000000
-0.0148738000000000
-0.00531795000000000
0.00265255000000000
0.00139213000000000
-0.00612258000000000
-0.0115204000000000
-0.0122661000000000
-0.0124901000000000
-0.0155399000000000
-0.0201229000000000
-0.0231548000000000
-0.0232898000000000
-0.0205859000000000
-0.0154258000000000
-0.00813961000000000
0.00145214000000000
0.0138366000000000
0.0266210000000000
0.0351913000000000
0.0393443000000000
0.0437106000000000
0.0483252000000000
0.0474753000000000
0.0409636000000000
0.0353879000000000
0.0300685000000000
0.0168412000000000
-0.00247182000000000
-0.0137878000000000
-0.0106533000000000
0.000487451000000000
0.0145953000000000
0.0280565000000000
0.0265786000000000
-0.00236386000000000
-0.0450033000000000
-0.0724598000000000
-0.0761420000000000
-0.0698743000000000
-0.0619917000000000
-0.0477100000000000
-0.0268701000000000
-0.00719717000000000
0.00752807000000000
0.0165843000000000
0.0146441000000000
-0.000504656000000000
-0.0174621000000000
-0.0220423000000000
-0.0116309000000000
0.00749577000000000
0.0300548000000000
0.0512810000000000
0.0666149000000000
0.0746059000000000
0.0742040000000000
0.0598585000000000
0.0310310000000000
0.00262571000000000
-0.00773191000000000
-0.00259800000000000
-0.000669803000000000
-0.0109727000000000
-0.0232618000000000
-0.0246780000000000
-0.0134383000000000
0.00296364000000000
0.0134225000000000
0.00709201000000000
-0.0174621000000000
-0.0475055000000000
-0.0665094000000000
-0.0693697000000000
-0.0616536000000000
-0.0488822000000000
-0.0331004000000000
-0.0169503000000000
-0.00224557000000000
0.0127973000000000
0.0294318000000000
0.0439173000000000
0.0519342000000000
0.0536942000000000
0.0513176000000000
0.0449186000000000
0.0347118000000000
0.0223725000000000
0.00766516000000000
-0.0112081000000000
-0.0302228000000000
-0.0388218000000000
-0.0302860000000000
-0.00934046000000000
0.0132150000000000
0.0283092000000000
0.0305946000000000
0.0190341000000000
-0.000353772000000000
-0.0162541000000000
-0.0206311000000000
-0.0146068000000000
-0.00587315000000000
-0.00192681000000000
-0.00544170000000000
-0.0128892000000000
-0.0182122000000000
-0.0194906000000000
-0.0209096000000000
-0.0262815000000000
-0.0329963000000000
-0.0351475000000000
-0.0303211000000000
-0.0205055000000000
-0.00847194000000000
0.00297677000000000
0.0100855000000000
0.00999148000000000
0.00373101000000000
-0.00418896000000000
-0.00898946000000000
-0.00823077000000000
-0.00277314000000000
0.00394951000000000
0.00870738000000000
0.0114902000000000
0.0155083000000000
0.0236379000000000
0.0346307000000000
0.0425133000000000
0.0411467000000000
0.0310389000000000
0.0202787000000000
0.0158888000000000
0.0154897000000000
0.0112555000000000
0.00126702000000000
-0.00770105000000000
-0.00931892000000000
-0.00528960000000000
-0.00222389000000000
-0.00397441000000000
-0.00887749000000000
-0.0131476000000000
-0.0146097000000000
-0.0133040000000000
-0.00982424000000000
-0.00496222000000000
-0.000526943000000000
0.00117924000000000
8.76911000000000e-05
-0.000816402000000000
0.00124204000000000
0.00569270000000000
0.00898085000000000
0.00771469000000000
0.000997569000000000
-0.00777355000000000
-0.0129444000000000
-0.0114565000000000
-0.00643374000000000
-0.00292581000000000
-0.00253878000000000
-0.00353937000000000
-0.00524273000000000
-0.00892558000000000
-0.0145975000000000
-0.0187886000000000
-0.0170853000000000
-0.00911866000000000
-0.000499538000000000
0.00125525000000000
-0.00628825000000000
-0.0171018000000000
-0.0219368000000000
-0.0164508000000000
-0.00426016000000000
0.00705218000000000
0.0115397000000000
0.00903971000000000
0.00484903000000000
0.00477790000000000
0.0101803000000000
0.0176645000000000
0.0228325000000000
0.0236924000000000
0.0210266000000000
0.0156634000000000
0.00686606000000000
-0.00568660000000000
-0.0185366000000000
-0.0255795000000000
-0.0240054000000000
-0.0178856000000000
-0.0139012000000000
-0.0145336000000000
-0.0161988000000000
-0.0130923000000000
-0.00223646000000000
0.0137340000000000
0.0280960000000000
0.0348963000000000
0.0325857000000000
0.0232611000000000
0.0100525000000000
-0.00298108000000000
-0.0110294000000000
-0.0114177000000000
-0.00552166000000000
0.00269282000000000
0.00861263000000000
0.00812885000000000
0.000887821000000000
-0.00802477000000000
-0.0128454000000000
-0.0141245000000000
-0.0170128000000000
-0.0228017000000000
-0.0268313000000000
-0.0252472000000000
-0.0186723000000000
-0.00894137000000000
0.00283228000000000
0.0141460000000000
0.0217975000000000
0.0250548000000000
0.0253031000000000
0.0227500000000000
0.0168326000000000
0.00874757000000000
0.000677533000000000
-0.00669178000000000
-0.0132114000000000
-0.0173853000000000
-0.0180112000000000
-0.0159735000000000
-0.0124161000000000
-0.00698743000000000
0.000296995000000000
0.00794438000000000
0.0146922000000000
0.0204624000000000
0.0248014000000000
0.0268134000000000
0.0268220000000000
0.0260676000000000
0.0243463000000000
0.0202572000000000
0.0139558000000000
0.00749792000000000
0.00235295000000000
-0.00146865000000000
-0.00382059000000000
-0.00421753000000000
-0.00337729000000000
-0.00285174000000000
-0.00269246000000000
-0.00142142000000000
0.00123458000000000
0.00339186000000000
0.00369225000000000
0.00375370000000000
0.00649561000000000
0.0125116000000000
0.0190305000000000
0.0227055000000000
0.0226761000000000
0.0206390000000000
0.0178138000000000
0.0132696000000000
0.00604614000000000
-0.00232596000000000
-0.00910718000000000
-0.0133772000000000
-0.0160969000000000
-0.0176832000000000
-0.0176050000000000
-0.0160861000000000
-0.0142271000000000
-0.0126817000000000
-0.0118893000000000
-0.0120867000000000
-0.0120759000000000
-0.00977112000000000
-0.00581889000000000
-0.00403370000000000
-0.00658282000000000
-0.0107380000000000
-0.0126135000000000
-0.0117608000000000
-0.0100884000000000
-0.00853224000000000
-0.00714635000000000
-0.00662603000000000
-0.00771756000000000
-0.00995488000000000
-0.0119682000000000
-0.0122381000000000
-0.00982639000000000
-0.00562229000000000
-0.00267236000000000
-0.00333279000000000
-0.00636010000000000
-0.00825159000000000
-0.00744121000000000
-0.00534114000000000
-0.00374889000000000
-0.00292423000000000
-0.00253448000000000
-0.00244590000000000
-0.00204926000000000
-0.000313052000000000
0.00261228000000000
0.00539655000000000
0.00767449000000000
0.0104681000000000
0.0133550000000000
0.0137347000000000
0.0107423000000000
0.00770895000000000
0.00822072000000000
0.0116259000000000
0.0146183000000000
0.0152908000000000
0.0137290000000000
0.0105485000000000
0.00704313000000000
0.00499352000000000
0.00453536000000000
0.00382009000000000
0.00188345000000000
-9.94483000000000e-05
-0.000987664000000000
-0.000658203000000000
0.00119761000000000
0.00444269000000000
0.00642994000000000
0.00378126000000000
-0.00337363000000000
-0.0113158000000000
-0.0170264000000000
-0.0199514000000000
-0.0202040000000000
-0.0178842000000000
-0.0142637000000000
-0.0111155000000000
-0.00855090000000000
-0.00553214000000000
-0.00206928000000000
0.000497988000000000
0.00142336000000000
0.000931390000000000
-7.84245000000000e-05
-6.57134000000000e-05
0.00247591000000000
0.00688666000000000
0.0104222000000000
0.0113811000000000
0.0108607000000000
0.0103676000000000
0.00937491000000000
0.00691824000000000
0.00361359000000000
0.000706768000000000
-0.00175081000000000
-0.00404734000000000
-0.00569199000000000
-0.00601147000000000
-0.00514210000000000
-0.00336933000000000
-0.000571165000000000
0.00290471000000000
0.00538636000000000
0.00509408000000000
0.00206024000000000
-0.00108205000000000
-0.00103288000000000
0.00338440000000000
0.00997569000000000
0.0155744000000000
0.0188604000000000
0.0205644000000000
0.0209103000000000
0.0184857000000000
0.0121642000000000
0.00337198000000000
-0.00451059000000000
-0.00887175000000000
-0.00961537000000000
-0.00825230000000000
-0.00584760000000000
-0.00283422000000000
-0.000301352000000000
6.63278000000000e-05
-0.00226545000000000
-0.00619185000000000
-0.0103001000000000
-0.0138108000000000
-0.0162785000000000
-0.0175547000000000
-0.0180974000000000
-0.0181325000000000
-0.0169460000000000
-0.0139185000000000
-0.00986372000000000
-0.00619781000000000
-0.00356370000000000
-0.00171492000000000
-0.000144819000000000
0.00176832000000000
0.00396372000000000
0.00488319000000000
0.00281857000000000
-0.00118886000000000
-0.00372700000000000
-0.00289609000000000
-0.000392869000000000
0.00108708000000000
0.00119927000000000
0.00175971000000000
0.00378478000000000
0.00605963000000000
0.00686075000000000
0.00616385000000000
0.00545433000000000
0.00571819000000000
0.00633167000000000
0.00589505000000000
0.00373654000000000
0.000413943000000000
-0.00268413000000000
-0.00443774000000000
-0.00500091000000000
-0.00531573000000000
-0.00568086000000000
-0.00544493000000000
-0.00457240000000000
-0.00413311000000000
-0.00502747000000000
-0.00664484000000000
-0.00767377000000000
-0.00740389000000000
-0.00588019000000000
-0.00325915000000000
0.000276352000000000
0.00408129000000000
0.00722588000000000
0.00918039000000000
0.0103698000000000
0.0115462000000000
0.0127872000000000
0.0132610000000000
0.0123408000000000
0.0102032000000000
0.00772115000000000
0.00614519000000000
0.00665216000000000
0.00885309000000000
0.0103425000000000
0.00890764000000000
0.00540509000000000
0.00288576000000000
0.00290614000000000
0.00400600000000000
0.00436883000000000
0.00413297000000000
0.00448375000000000
0.00558253000000000
0.00662237000000000
0.00704952000000000
0.00666278000000000
0.00525859000000000
0.00299134000000000
0.000660723000000000
-0.00139500000000000
-0.00357770000000000
-0.00565904000000000
-0.00590861000000000
-0.00321766000000000
0.000762568000000000
0.00311164000000000
0.00294691000000000
0.00157868000000000
0.000136191000000000
-0.00112849000000000
-0.00184993000000000
-0.00187635000000000
-0.00214063000000000
-0.00349178000000000
-0.00487472000000000
-0.00446573000000000
-0.00241927000000000
-0.000490846000000000
0.000678581000000000
0.00200404000000000
0.00356097000000000
0.00419836000000000
0.00333882000000000
0.00192487000000000
0.000576470000000000
-0.00144345000000000
-0.00517511000000000
-0.0104272000000000
-0.0156282000000000
-0.0183041000000000
-0.0165828000000000
-0.0111773000000000
-0.00561167000000000
-0.00327336000000000
-0.00476426000000000
-0.00836069000000000
-0.0123767000000000
-0.0153842000000000
-0.0157158000000000
-0.0126257000000000
-0.00794079000000000
-0.00464948000000000
-0.00408036000000000
-0.00512702000000000
-0.00572831000000000
-0.00437027000000000
-0.00115404000000000
0.00198107000000000
0.00315866000000000
0.00317344000000000
0.00423360000000000
0.00596754000000000
0.00505905000000000
0.000383595000000000
-0.00455373000000000
-0.00568732000000000
-0.00310454000000000
0.000109662000000000
0.00145738000000000
0.000532901000000000
-0.00133571000000000
-0.00166948000000000
0.00107373000000000
0.00541004000000000
0.00811234000000000
0.00790705000000000
0.00628817000000000
0.00499151000000000
0.00436718000000000
0.00406715000000000
0.00369053000000000
0.00265700000000000
0.00100173000000000
2.77170000000000e-05
0.00107322000000000
0.00372499000000000
0.00647867000000000
0.00857172000000000
0.0100288000000000
0.0103432000000000
0.00859756000000000
0.00514454000000000
0.00210446000000000
0.00154897000000000
0.00345998000000000
0.00587036000000000
0.00647717000000000
0.00406521000000000
-0.000603824000000000
-0.00464274000000000
-0.00492841000000000
-0.00107057000000000
0.00386215000000000
0.00626506000000000
0.00524187000000000
0.00251696000000000
0.000119998000000000
-0.00101515000000000
-0.000952636000000000
-0.000411273000000000
1.24326000000000e-05
0.000608483000000000
0.00189666000000000
0.00307705000000000
0.00231764000000000
-0.000878490000000000
-0.00485635000000000
-0.00775704000000000
-0.00921198000000000
-0.00972160000000000
-0.00982711000000000
-0.0101487000000000
-0.0109784000000000
-0.0113445000000000
-0.00998359000000000
-0.00746777000000000
-0.00583920000000000
-0.00548412000000000
-0.00456902000000000
-0.00206225000000000
0.000602310000000000
0.00211774000000000
0.00322634000000000
0.00500464000000000
0.00651758000000000
0.00635615000000000
0.00508589000000000
0.00460699000000000
0.00518674000000000
0.00522364000000000
0.00355530000000000
0.00100159000000000
-0.000831834000000000
-0.000944812000000000
0.000906268000000000
0.00471308000000000
0.00946248000000000
0.0129631000000000
0.0134031000000000
0.0111213000000000
0.00758979000000000
0.00371731000000000
-5.69931000000000e-05
-0.00261544000000000
-0.00324680000000000
-0.00332095000000000
-0.00494837000000000
-0.00784891000000000
-0.00995847000000000
-0.0107968000000000
-0.0113301000000000
-0.0110516000000000
-0.00825230000000000
-0.00323115000000000
0.00180959000000000
0.00600113000000000
0.00964695000000000
0.0113718000000000
0.00930600000000000
0.00548598000000000
0.00411381000000000
0.00516435000000000
0.00429275000000000
-0.000206254000000000
-0.00498074000000000
-0.00723449000000000
-0.00800539000000000
-0.00889615000000000
-0.00941870000000000
-0.00894640000000000
-0.00780943000000000
-0.00590983000000000
-0.00321457000000000
-0.00144690000000000
-0.00219310000000000
-0.00376425000000000
-0.00287822000000000
0.000947181000000000
0.00539282000000000
0.00838150000000000
0.00908636000000000
0.00735436000000000
0.00473971000000000
0.00395704000000000
0.00531286000000000
0.00558310000000000
0.00238382000000000
-0.00235539000000000
-0.00507018000000000
-0.00451519000000000
-0.00180385000000000
0.00162433000000000
0.00445935000000000
0.00556458000000000
0.00487788000000000
0.00349121000000000
0.00236917000000000
0.00177715000000000
0.00185603000000000
0.00251388000000000
0.00290650000000000
0.00204065000000000
-0.000190707000000000
-0.00274349000000000
-0.00395403000000000
-0.00280802000000000
-0.000253010000000000
0.00117213000000000
9.65126000000000e-05
-0.00205392000000000
-0.00306865000000000
-0.00291354000000000
-0.00317553000000000
-0.00459802000000000
-0.00658218000000000
-0.00813818000000000
-0.00835925000000000
-0.00666336000000000
-0.00392115000000000
-0.00230665000000000
-0.00327953000000000
-0.00579183000000000
-0.00737159000000000
-0.00634732000000000
-0.00330049000000000
-0.000679866000000000
-0.000703617000000000
-0.00296191000000000
-0.00474739000000000
-0.00410727000000000
-0.00157998000000000
0.00118929000000000
0.00341132000000000
0.00500385000000000
0.00609789000000000
0.00699691000000000
0.00800036000000000
0.00884017000000000
0.00913230000000000
0.00876695000000000
0.00732350000000000
0.00399674000000000
-0.00110682000000000
-0.00628681000000000
-0.00993909000000000
-0.0119302000000000
-0.0127671000000000
-0.0122094000000000
-0.00971298000000000
-0.00538700000000000
-0.000108176000000000
0.00461711000000000
0.00725029000000000
0.00746921000000000
0.00658210000000000
0.00575723000000000
0.00462070000000000
0.00228778000000000
-0.000666372000000000
-0.00241827000000000
-0.00169927000000000
0.000935768000000000
0.00362787000000000
0.00452997000000000
0.00335224000000000
0.00149958000000000
0.000843031000000000
0.00219640000000000
0.00515473000000000
0.00825948000000000
0.00932180000000000
0.00673470000000000
0.00125267000000000
-0.00446028000000000
-0.00830973000000000
-0.0101810000000000
-0.0108277000000000
-0.0102406000000000
-0.00748428000000000
-0.00193671000000000
0.00520476000000000
0.0109992000000000
0.0131533000000000
0.0122697000000000
0.0102126000000000
0.00742471000000000
0.00366627000000000
0.000338892000000000
-0.000748356000000000
-0.000329913000000000
-0.000950842000000000
-0.00355186000000000
-0.00673334000000000
-0.00903109000000000
-0.00988023000000000
-0.00905047000000000
-0.00698040000000000
-0.00511583000000000
-0.00446229000000000
-0.00479484000000000
-0.00555482000000000
-0.00614914000000000
-0.00506752000000000
-0.000996780000000000
0.00486877000000000
0.00930959000000000
0.0101049000000000
0.00719717000000000
0.00146987000000000
-0.00538449000000000
-0.0102305000000000
-0.0103030000000000
-0.00582837000000000
0.000378987000000000
0.00549266000000000
0.00762855000000000
0.00609150000000000
0.00241296000000000
9.44454000000000e-05
0.00145400000000000
0.00529628000000000
0.00866718000000000
0.00993550000000000
0.00952062000000000
0.00874398000000000
0.00899449000000000
0.0109016000000000
0.0130241000000000
0.0120458000000000
0.00520741000000000
-0.00690848000000000
-0.0199492000000000
-0.0282992000000000
-0.0294131000000000
-0.0254094000000000
-0.0201904000000000
-0.0160366000000000
-0.0135007000000000
-0.0122733000000000
-0.0109002000000000
-0.00746418000000000
-0.00194339000000000
0.00337543000000000
0.00682414000000000
0.00962972000000000
0.0143541000000000
0.0224959000000000
0.0332009000000000
0.0422277000000000
0.0431134000000000
0.0330408000000000
0.0172253000000000
0.00395245000000000
-0.00351532000000000
-0.00798744000000000
-0.0120573000000000
-0.0148961000000000
-0.0146865000000000
-0.0117551000000000
-0.00780369000000000
-0.00402179000000000
-0.000387802000000000
0.00376102000000000
0.00862053000000000
0.0131526000000000
0.0157696000000000
0.0157682000000000
0.0136069000000000
0.00991971000000000
0.00495827000000000
-0.00107530000000000
-0.00722732000000000
-0.0119876000000000
-0.0137986000000000
-0.0119682000000000
-0.00690324000000000
-0.000548390000000000
0.00428708000000000
0.00554585000000000
0.00385210000000000
0.00172030000000000
0.000728330000000000
0.000188123000000000
-0.00101078000000000
-0.00250361000000000
-0.00334844000000000
-0.00353391000000000
-0.00346178000000000
-0.00250447000000000
6.76105000000000e-06
0.00281822000000000
0.00336595000000000
0.00121793000000000
-0.000728905000000000
0.000615309000000000
0.00453765000000000
0.00723737000000000
0.00598692000000000
0.00166647000000000
-0.00275914000000000
-0.00498892000000000
-0.00486482000000000
-0.00444793000000000
-0.00603580000000000
-0.00926078000000000
-0.0107602000000000
-0.00813818000000000
-0.00313074000000000
0.000411639000000000
0.000861909000000000
-0.000344986000000000
-0.00130822000000000
-0.00111162000000000
0.000681897000000000
0.00382454000000000
0.00656423000000000
0.00659057000000000
0.00340758000000000
-0.00112347000000000
-0.00446552000000000
-0.00551190000000000
-0.00492554000000000
-0.00415429000000000
-0.00382203000000000
-0.00345072000000000
-0.00232438000000000
-0.000802262000000000
-0.000112297000000000
-0.00114443000000000
-0.00347391000000000
-0.00588981000000000
-0.00731560000000000
-0.00713709000000000
-0.00523799000000000
-0.00229768000000000
0.000172899000000000
0.000821354000000000
-0.000241167000000000
-0.00166396000000000
-0.00228864000000000
-0.00204775000000000
-0.00133327000000000
-0.000564469000000000
-0.000275484000000000
-0.000951918000000000
-0.00226976000000000
-0.00324838000000000
-0.00346264000000000
-0.00378743000000000
-0.00540222000000000
-0.00804415000000000
-0.00951990000000000
-0.00752735000000000
-0.00244432000000000
0.00232984000000000
0.00355645000000000
0.00135186000000000
-0.00151006000000000
-0.00247562000000000
-0.000612416000000000
0.00352085000000000
0.00789772000000000
0.0100791000000000
0.00973954000000000
0.00921628000000000
0.0100733000000000
0.0106834000000000
0.00862483000000000
0.00421142000000000
-0.000251208000000000
-0.00327573000000000
-0.00474394000000000
-0.00482721000000000
-0.00392137000000000
-0.00301769000000000
-0.00260295000000000
-0.00188345000000000
-5.31422000000000e-05
0.00204976000000000
0.00280207000000000
0.00196779000000000
0.00110588000000000
0.00165182000000000
0.00319943000000000
0.00416118000000000
0.00358588000000000
0.00165563000000000
-0.000975892000000000
-0.00338160000000000
-0.00427775000000000
-0.00308925000000000
-0.00104918000000000
-4.22198000000000e-05
-0.000316268000000000
-0.000588478000000000
-0.000390701000000000
-0.000570218000000000
-0.00127018000000000
-0.00131325000000000
8.04774000000000e-06
0.00174370000000000
0.00278857000000000
0.00295208000000000
0.00231060000000000
0.000436962000000000
-0.00242200000000000
-0.00478593000000000
-0.00543402000000000
-0.00491255000000000
-0.00439668000000000
-0.00405079000000000
-0.00314567000000000
-0.00139687000000000
0.000893132000000000
0.00312980000000000
0.00446092000000000
0.00386136000000000
0.00138747000000000
-0.00143958000000000
-0.00322527000000000
-0.00405093000000000
-0.00468767000000000
-0.00518681000000000
-0.00505158000000000
-0.00390852000000000
-0.00182273000000000
0.000705290000000000
0.00258451000000000
0.00269684000000000
0.00105262000000000
-0.000880069000000000
-0.00144999000000000
-3.58581000000000e-05
0.00277400000000000
0.00577259000000000
0.00763286000000000
0.00772043000000000
0.00623987000000000
0.00397592000000000
0.00167142000000000
-0.000110854000000000
-0.00109985000000000
-0.00142996000000000
-0.00173616000000000
-0.00256025000000000
-0.00350901000000000
-0.00341175000000000
-0.00157911000000000
0.00133880000000000
0.00396745000000000
0.00543438000000000
0.00569952000000000
0.00516959000000000
0.00422406000000000
0.00309901000000000
0.00180686000000000
0.000473519000000000
-0.000529678000000000
-0.000901674000000000
-0.000903325000000000
-0.000994555000000000
-0.00122453000000000
-0.00132725000000000
-0.00103956000000000
-5.51405000000000e-05
0.00173803000000000
0.00333573000000000
0.00302357000000000
0.000361086000000000
-0.00292143000000000
-0.00491427000000000
-0.00539748000000000
-0.00502603000000000
-0.00382519000000000
-0.00183364000000000
-0.000238941000000000
-0.000217157000000000
-0.00127786000000000
-0.00199133000000000
-0.00193635000000000
-0.00153325000000000
-0.000792500000000000
0.000468222000000000
0.00148458000000000
0.00144905000000000
0.00105420000000000
0.00152629000000000
0.00230752000000000
0.00149915000000000
-0.00120917000000000
-0.00370561000000000
-0.00390041000000000
-0.00185402000000000
0.000967853000000000
0.00334837000000000
0.00488944000000000
0.00594723000000000
0.00711800000000000
0.00830614000000000
0.00840088000000000
0.00658835000000000
0.00356112000000000
0.000763573000000000
-0.00107243000000000
-0.00218801000000000
-0.00295237000000000
-0.00365055000000000
-0.00442690000000000
-0.00519399000000000
-0.00569227000000000
-0.00591536000000000
-0.00584602000000000
-0.00491449000000000
-0.00259506000000000
0.000499897000000000
0.00322620000000000
0.00531400000000000
0.00726751000000000
0.00896291000000000
0.00976036000000000
0.00954000000000000
0.00897008000000000
0.00834418000000000
0.00762209000000000
0.00709840000000000
0.00700301000000000
0.00643453000000000
0.00432124000000000
0.00131569000000000
-0.000638708000000000
-0.000876049000000000
-0.00100424000000000
-0.00249708000000000
-0.00456493000000000
-0.00540976000000000
-0.00472930000000000
-0.00370058000000000
-0.00295682000000000
-0.00205816000000000
-0.000919834000000000
-0.000624410000000000
-0.00172418000000000
-0.00298725000000000
-0.00288784000000000
-0.00189608000000000
-0.00152011000000000
-0.00173516000000000
-0.00109684000000000
0.000446121000000000
0.000932323000000000
-0.000819847000000000
-0.00357676000000000
-0.00538729000000000
-0.00579836000000000
-0.00545110000000000
-0.00488398000000000
-0.00391103000000000
-0.00226510000000000
-0.000348216000000000
0.000461539000000000
-0.000728043000000000
-0.00287427000000000
-0.00405028000000000
-0.00418307000000000
-0.00497478000000000
-0.00702088000000000
-0.00867795000000000
-0.00835854000000000
-0.00640539000000000
-0.00428184000000000
-0.00289609000000000
-0.00217186000000000
-0.00152729000000000
-0.000463786000000000
0.00112426000000000
0.00313741000000000
0.00544945000000000
0.00746490000000000
0.00821713000000000
0.00745413000000000
0.00619264000000000
0.00532039000000000
0.00439891000000000
0.00248079000000000
-0.000224392000000000
-0.00244131000000000
-0.00321529000000000
-0.00276467000000000
-0.00216496000000000
-0.00218614000000000
-0.00241274000000000
-0.00167709000000000
0.000218040000000000
0.00185768000000000
0.00156741000000000
-0.000707063000000000
-0.00352982000000000
-0.00542512000000000
-0.00564713000000000
-0.00412608000000000
-0.00161314000000000
0.000403988000000000
0.00103834000000000
0.00116330000000000
0.00239652000000000
0.00471581000000000
0.00641924000000000
0.00647760000000000
0.00555604000000000
0.00432519000000000
0.00264064000000000
0.000810085000000000
4.78608000000000e-06
0.000509602000000000
0.000963546000000000
0.000208142000000000
-0.00142910000000000
-0.00303678000000000
-0.00413613000000000
-0.00415314000000000
-0.00265377000000000
-0.000331578000000000
0.00110366000000000
0.000953856000000000
0.000119632000000000
-0.000393522000000000
-0.000646159000000000
-0.000859397000000000
-0.000539863000000000
0.000724024000000000
0.00226897000000000
0.00277271000000000
0.00193104000000000
0.000747423000000000
0.000157811000000000
-0.000223064000000000
-0.00114285000000000
-0.00228842000000000
-0.00253972000000000
-0.00176925000000000
-0.00107825000000000
-0.00124161000000000
-0.00161378000000000
-0.00149664000000000
-0.00133148000000000
-0.00192645000000000
-0.00289832000000000
-0.00335526000000000
-0.00319139000000000
-0.00279632000000000
-0.00211465000000000
-0.00116137000000000
-0.000635938000000000
-0.000801257000000000
-0.000615617000000000
0.000874039000000000
0.00291605000000000
0.00432555000000000
0.00521344000000000
0.00600429000000000
0.00603264000000000
0.00490049000000000
0.00379239000000000
0.00364144000000000
0.00349917000000000
0.00208924000000000
-0.000212570000000000
-0.00209757000000000
-0.00287277000000000
-0.00253886000000000
-0.00146011000000000
-0.000373726000000000
7.68095000000000e-05
7.33139000000000e-05
-0.000124434000000000
-0.000864421000000000
-0.00207474000000000
-0.00249270000000000
-0.00144833000000000
-5.20024000000000e-05
0.000548146000000000
0.000740891000000000
0.00104674000000000
0.000856167000000000
-0.000197863000000000
-0.00105636000000000
-0.000699461000000000
7.25603000000000e-05
-0.000408014000000000
-0.00241246000000000
-0.00420798000000000
-0.00400958000000000
-0.00209570000000000
-0.000697358000000000
-0.00127621000000000
-0.00257884000000000
-0.00224184000000000
0.000142422000000000
0.00296457000000000
0.00500773000000000
0.00616888000000000
0.00620075000000000
0.00466291000000000
0.00232001000000000
0.000772187000000000
0.000373058000000000
-5.91055000000000e-05
-0.00120077000000000
-0.00230371000000000
-0.00250053000000000
-0.00172066000000000
-7.75273000000000e-05
0.00235108000000000
0.00464317000000000
0.00507218000000000
0.00302070000000000
2.94160000000000e-05
-0.00192437000000000
-0.00250275000000000
-0.00259470000000000
-0.00266310000000000
-0.00237592000000000
-0.00159892000000000
-0.000906555000000000
-0.00106590000000000
-0.00202859000000000
-0.00280451000000000
-0.00231197000000000
-0.000736657000000000
0.000625085000000000
0.00102154000000000
0.00119647000000000
0.00180033000000000
0.00216949000000000
0.00157488000000000
0.000758046000000000
0.000642032000000000
0.000672731000000000
-7.46418000000000e-05
-0.000904258000000000
-0.000534257000000000
0.000646733000000000
0.00122633000000000
0.000881791000000000
0.000284355000000000
-0.000533252000000000
-0.00184950000000000
-0.00286839000000000
-0.00230644000000000
-0.000545864000000000
0.000613234000000000
0.000394154000000000
-0.000103468000000000
0.000128777000000000
0.000709446000000000
0.000911436000000000
0.00105478000000000
0.00182782000000000
0.00300886000000000
0.00393917000000000
0.00477589000000000
0.00591565000000000
0.00673557000000000
0.00631007000000000
0.00511482000000000
0.00450600000000000
0.00461690000000000
0.00435663000000000
0.00322728000000000
0.00176925000000000
0.000215843000000000
-0.00135151000000000
-0.00223832000000000
-0.00176724000000000
-0.000704766000000000
-0.000498268000000000
-0.00151387000000000
-0.00271328000000000
-0.00283264000000000
-0.00148666000000000
0.000593524000000000
0.00204086000000000
0.00223796000000000
0.00188051000000000
0.00194805000000000
0.00259477000000000
0.00348611000000000
0.00442425000000000
0.00495203000000000
0.00459099000000000
0.00336696000000000
0.00172712000000000
-0.000299307000000000
-0.00235431000000000
-0.00335131000000000
-0.00264394000000000
-0.00133629000000000
-0.00101630000000000
-0.00189264000000000
-0.00283257000000000
-0.00306269000000000
-0.00287951000000000
-0.00311638000000000
-0.00401691000000000
-0.00487185000000000
-0.00461230000000000
-0.00331951000000000
-0.00208177000000000
-0.00162448000000000
-0.00175440000000000
-0.00228577000000000
-0.00302673000000000
-0.00329941000000000
-0.00285224000000000
-0.00267602000000000
-0.00348008000000000
-0.00428292000000000
-0.00403507000000000
-0.00348302000000000
-0.00381227000000000
-0.00462759000000000
-0.00472995000000000
-0.00408079000000000
-0.00333279000000000
-0.00254969000000000
-0.00151301000000000
-0.000711556000000000
-0.000481895000000000
-0.000294684000000000
0.000445088000000000
0.00161292000000000
0.00285202000000000
0.00375614000000000
0.00350104000000000
0.00169080000000000
-0.000678653000000000
-0.00188955000000000
-0.00142766000000000
-0.000180837000000000
0.000958881000000000
0.00184117000000000
0.00234455000000000
0.00210682000000000
0.00123932000000000
0.000377523000000000
7.56324000000000e-05
0.000306585000000000
0.000836858000000000
0.00143046000000000
0.00219188000000000
0.00321012000000000
0.00426145000000000
0.00464640000000000
0.00397772000000000
0.00258673000000000
0.00129128000000000
0.000833772000000000
0.00143190000000000
0.00242616000000000
0.00254151000000000
0.00151717000000000
0.000816976000000000
0.00175978000000000
0.00348195000000000
0.00422047000000000
0.00358265000000000
0.00237391000000000
0.00106705000000000
-0.000122848000000000
-0.000536899000000000
3.69922000000000e-05
0.000532319000000000
6.92772000000000e-05
-0.000793361000000000
-0.00134024000000000
-0.00168097000000000
-0.00172425000000000
-0.000942372000000000
0.000231555000000000
0.000620965000000000
0.000354088000000000
0.000642950000000000
0.00121613000000000
0.000401942000000000
-0.00161364000000000
-0.00263504000000000
-0.00198581000000000
-0.00143585000000000
-0.00183184000000000
-0.00196147000000000
-0.00130176000000000
-0.00125568000000000
-0.00245473000000000
-0.00346120000000000
-0.00315945000000000
-0.00251861000000000
-0.00265234000000000
-0.00321127000000000
-0.00348769000000000
-0.00348180000000000
-0.00314086000000000
-0.00232266000000000
-0.00159907000000000
-0.00177607000000000
-0.00232266000000000
-0.00185173000000000
-3.64589000000000e-05
0.00190994000000000
0.00297806000000000
0.00312112000000000
0.00255982000000000
0.00139385000000000
3.73439000000000e-05
-0.000971586000000000
-0.00149399000000000
-0.00165549000000000
-0.00155335000000000
-0.00155004000000000
-0.00211903000000000
-0.00296823000000000
-0.00309528000000000
-0.00228900000000000
-0.00149578000000000
-0.00135136000000000
-0.00129193000000000
-0.000771469000000000
-0.000273653000000000
-0.000330444000000000
-0.000604047000000000
-0.000614089000000000
-0.000596510000000000
-0.000724454000000000
-0.000662524000000000
-0.000264954000000000
5.45462000000000e-05
0.000181232000000000
0.000522048000000000
0.00104595000000000
0.00119891000000000
0.000815828000000000
0.000393501000000000
-1.89982000000000e-05
-0.000799821000000000
-0.00169496000000000
-0.00165434000000000
-0.000423332000000000
0.000957230000000000
0.00143585000000000
0.00117220000000000
0.00108126000000000
0.00174463000000000
0.00285296000000000
0.00356305000000000
0.00323446000000000
0.00212994000000000
0.00131476000000000
0.00162520000000000
0.00269648000000000
0.00343335000000000
0.00336122000000000
0.00287348000000000
0.00240298000000000
0.00189006000000000
0.00125927000000000
0.000535427000000000
-0.000399645000000000
-0.00155521000000000
-0.00227507000000000
-0.00186745000000000
-0.000813818000000000
-0.000262104000000000
-0.000406213000000000
-0.000252091000000000
0.000573412000000000
0.00113545000000000
0.000635277000000000
-0.000162498000000000
3.05515000000000e-05
0.00124872000000000
0.00210453000000000
0.00153547000000000
0.000124714000000000
-0.000551147000000000
0.000270940000000000
0.00194497000000000
0.00350233000000000
0.00469930000000000
0.00569708000000000
0.00642534000000000
0.00648765000000000
0.00558590000000000
0.00386912000000000
0.00194576000000000
0.000371400000000000
-0.000696770000000000
-0.00123243000000000
-0.00110624000000000
-0.000530424000000000
-0.000312464000000000
-0.00101157000000000
-0.00206060000000000
-0.00245559000000000
-0.00194382000000000
-0.00113079000000000
-0.000687266000000000
-0.000963977000000000
-0.00177492000000000
-0.00251510000000000
-0.00272088000000000
-0.00264222000000000
-0.00259700000000000
-0.00235819000000000
-0.00170228000000000
-0.00117012000000000
-0.00132186000000000
-0.00189099000000000
-0.00233135000000000
-0.00262786000000000
-0.00295955000000000
-0.00306894000000000
-0.00256161000000000
-0.00154387000000000
-0.000571323000000000
1.62103000000000e-05
0.000538499000000000
0.00150324000000000
0.00280264000000000
0.00370596000000000
0.00403227000000000
0.00448030000000000
0.00532161000000000
0.00551556000000000
0.00411086000000000
0.00171456000000000
-0.000184347000000000
-0.000887964000000000
-0.000746705000000000
-0.000416283000000000
-0.000410053000000000
-0.00103676000000000
-0.00224945000000000
-0.00376611000000000
-0.00505833000000000
-0.00543875000000000
-0.00468107000000000
-0.00363979000000000
-0.00330257000000000
-0.00356406000000000
-0.00363397000000000
-0.00342158000000000
-0.00336401000000000
-0.00321063000000000
-0.00225304000000000
-0.000730053000000000
0.000363490000000000
0.000703983000000000
0.000828604000000000
0.00108291000000000
0.00136328000000000
0.00135947000000000
0.000572400000000000
-0.00121728000000000
-0.00310583000000000
-0.00351202000000000
-0.00191202000000000
0.000547414000000000
0.00245258000000000
0.00338325000000000
0.00360275000000000
0.00331025000000000
0.00270129000000000
0.00186780000000000
0.000616637000000000
-0.00104265000000000
-0.00237362000000000
-0.00267552000000000
-0.00225131000000000
-0.00186048000000000
-0.00153655000000000
-0.000749720000000000
0.000468056000000000
0.00147547000000000
0.00197683000000000
0.00211185000000000
0.00197475000000000
0.00172662000000000
0.00185783000000000
0.00246866000000000
0.00270524000000000
0.00159670000000000
-0.000508582000000000
-0.00215111000000000
-0.00245208000000000
-0.00196987000000000
-0.00157129000000000
-0.00128841000000000
-0.000594450000000000
0.000451454000000000
0.00118993000000000
0.00134548000000000
0.00138661000000000
0.00156576000000000
0.00142034000000000
0.000568689000000000
-0.000655720000000000
-0.00159146000000000
-0.00204337000000000
-0.00220114000000000
-0.00227400000000000
-0.00228950000000000
-0.00223136000000000
-0.00196837000000000
-0.00148695000000000
-0.00100216000000000
-0.000711125000000000
-0.000505144000000000
-0.000285698000000000
-0.000155794000000000
-0.000193556000000000
-0.000392403000000000
-0.000845041000000000
-0.00160991000000000
-0.00237685000000000
-0.00279173000000000
-0.00289007000000000
-0.00294562000000000
-0.00289889000000000
-0.00250024000000000
-0.00176143000000000
-0.000993119000000000
-0.000354891000000000
0.000177191000000000
0.000541815000000000
0.000441484000000000
-0.000307195000000000
-0.00133414000000000
-0.00177665000000000
-0.00119453000000000
-0.000118972000000000
0.000743547000000000
0.00153196000000000
0.00256793000000000
0.00336251000000000
0.00326733000000000
0.00271033000000000
0.00243176000000000
0.00242918000000000
0.00243155000000000
0.00268148000000000
0.00303829000000000
0.00281111000000000
0.00199069000000000
0.00152506000000000
0.00156440000000000
0.00123838000000000
0.000472966000000000
0.000294978000000000
0.000774125000000000
0.000740102000000000
-5.28149000000000e-06
-0.000341246000000000
3.46328000000000e-05
0.000193642000000000
-7.03115000000000e-05
-7.10228000000000e-05
0.000129229000000000
-0.000176287000000000
-0.000700559000000000
-0.000511274000000000
0.000226309000000000
0.000510951000000000
0.000289739000000000
0.000366304000000000
0.000801616000000000
0.000812382000000000
0.000293801000000000
-0.000135847000000000
-0.000362550000000000
-0.000910144000000000
-0.00154947000000000
-0.00136048000000000
-0.000240370000000000
0.000745844000000000
0.000916963000000000
0.000779005000000000
0.00100869000000000
0.00150245000000000
0.00179100000000000
0.00183895000000000
0.00189422000000000
0.00188754000000000
0.00159979000000000
0.00105090000000000
0.000417668000000000
-0.000174126000000000
-0.000423382000000000
-8.77054000000000e-05
0.000653581000000000
0.00147539000000000
0.00246299000000000
0.00394915000000000
0.00565516000000000
0.00649145000000000
0.00568567000000000
0.00391843000000000
0.00253505000000000
0.00192738000000000
0.00159577000000000
0.00135603000000000
0.00153303000000000
0.00194331000000000
0.00180945000000000
0.000834777000000000
-0.000302551000000000
-0.000839299000000000
-0.000604585000000000
0.000381758000000000
0.00203792000000000
0.00380028000000000
0.00473268000000000
0.00447672000000000
0.00348948000000000
0.00252773000000000
0.00193807000000000
0.00134540000000000
2.36128000000000e-05
-0.00188331000000000
-0.00300484000000000
-0.00235431000000000
-0.000690209000000000
0.000492755000000000
0.000769244000000000
0.000463807000000000
-0.000393573000000000
-0.00165886000000000
-0.00216468000000000
-0.00106138000000000
0.000677512000000000
0.00139780000000000
0.000910646000000000
0.000317014000000000
0.000441018000000000
0.00135911000000000
0.00256929000000000
0.00309420000000000
0.00198143000000000
-0.000432153000000000
-0.00242207000000000
-0.00251567000000000
-0.000946033000000000
0.000901889000000000
0.00180981000000000
0.00148020000000000
0.000567282000000000
9.73021000000000e-05
0.000348697000000000
0.000537494000000000
-6.48965000000000e-05
-0.00102930000000000
-0.00142472000000000
-0.00120687000000000
-0.00110926000000000
-0.00126989000000000
-0.00104911000000000
-0.000274306000000000
0.000321220000000000
0.000291009000000000
0.000172734000000000
0.000619084000000000
0.00159749000000000
0.00264336000000000
0.00330767000000000
0.00299005000000000
0.00135581000000000
-0.000886313000000000
-0.00231182000000000
-0.00235704000000000
-0.00175605000000000
-0.00135983000000000
-0.00136342000000000
-0.00166474000000000
-0.00223488000000000
-0.00288806000000000
-0.00332052000000000
-0.00333703000000000
-0.00286559000000000
-0.00176121000000000
-0.000356227000000000
0.000429641000000000
2.91110000000000e-05
-0.000823508000000000
-0.000977543000000000
-0.000223244000000000
0.000626650000000000
0.000906124000000000
0.000782594000000000
0.000725531000000000
0.000841883000000000
0.000824226000000000
0.000291181000000000
-0.000947325000000000
-0.00252637000000000
-0.00347549000000000
-0.00298079000000000
-0.00139859000000000
-0.000139866000000000
-0.000235460000000000
-0.00136098000000000
-0.00245107000000000
-0.00285410000000000
-0.00255867000000000
-0.00185754000000000
-0.00120867000000000
-0.00102858000000000
-0.00135431000000000
-0.00190592000000000
-0.00251660000000000
-0.00299795000000000
-0.00291705000000000
-0.00206067000000000
-0.00119611000000000
-0.00132157000000000
-0.00235991000000000
-0.00321170000000000
-0.00334959000000000
-0.00326999000000000
-0.00354985000000000
-0.00399415000000000
-0.00409242000000000
-0.00359399000000000
-0.00268126000000000
-0.00181433000000000
-0.00137132000000000
-0.00112842000000000
-0.000425844000000000
0.000804630000000000
0.00164364000000000
0.00120982000000000
-0.000223933000000000
-0.00159871000000000
-0.00221557000000000
-0.00221097000000000
-0.00209017000000000
-0.00221471000000000
-0.00260066000000000
-0.00306908000000000
-0.00341268000000000
-0.00346522000000000
-0.00310066000000000
-0.00237384000000000
-0.00168211000000000
-0.00137692000000000
-0.00129932000000000
-0.00101458000000000
-0.000567074000000000
-0.000411797000000000
-0.000652016000000000
-0.000838366000000000
-0.000429899000000000
0.000680454000000000
0.00212082000000000
0.00304640000000000
0.00268736000000000
0.00103942000000000
-0.000843103000000000
-0.00171714000000000
-0.00116797000000000
0.000162656000000000
0.00116668000000000
0.00106432000000000
-0.000176473000000000
-0.00179840000000000
-0.00294081000000000
-0.00318012000000000
-0.00268112000000000
-0.00179775000000000
-0.000970796000000000
-0.000497141000000000
-0.000307827000000000
-0.000101099000000000
0.000103375000000000
-0.000135911000000000
-0.00104659000000000
-0.00219805000000000
-0.00278871000000000
-0.00249514000000000
-0.00170243000000000
-0.000986300000000000
-0.000373948000000000
0.000516370000000000
0.00181605000000000
0.00287492000000000
0.00284305000000000
0.00158141000000000
-0.000106834000000000
-0.00133098000000000
-0.00169195000000000
-0.00126085000000000
-0.000223574000000000
0.00115225000000000
0.00247598000000000
0.00331269000000000
0.00351468000000000
0.00332174000000000
0.00309585000000000
0.00291052000000000
0.00265011000000000
0.00229251000000000
0.00212979000000000
0.00224672000000000
0.00240190000000000
0.00223445000000000
0.00171958000000000
0.000933902000000000
3.08695000000000e-05
-0.000769244000000000
-0.00120135000000000
-0.00113947000000000
-0.000689470000000000
-3.23051000000000e-05
0.000746562000000000
0.00165082000000000
0.00250297000000000
0.00302594000000000
0.00306011000000000
0.00277809000000000
0.00244339000000000
0.00209771000000000
0.00161005000000000
0.00112239000000000
0.000864278000000000
0.000729192000000000
0.000425593000000000
-4.23992000000000e-05
-0.000488714000000000
-0.000859899000000000
-0.00100963000000000
-0.000619752000000000
0.000264344000000000
0.00100001000000000
0.00126135000000000
0.00144187000000000
0.00186788000000000
0.00237664000000000
0.00299429000000000
0.00396846000000000
0.00477847000000000
0.00441563000000000
0.00309958000000000
0.00236322000000000
0.00281283000000000
0.00322319000000000
0.00264265000000000
0.00178469000000000
0.00159720000000000
0.00165821000000000
0.00107093000000000
-9.25935000000000e-05
-0.00105147000000000
-0.00147310000000000
-0.00165620000000000
-0.00180234000000000
-0.00176007000000000
-0.00134598000000000
-0.000639419000000000
0.000125798000000000
0.000744552000000000
0.00112390000000000
0.00116747000000000
0.000784820000000000
0.000175633000000000
-0.000182567000000000
-3.35906000000000e-05
0.000357274000000000
0.000610679000000000
0.000785394000000000
0.00122554000000000
0.00196650000000000
0.00262241000000000
0.00295524000000000
0.00314280000000000
0.00347800000000000
0.00396049000000000
0.00431256000000000
0.00430201000000000
0.00385110000000000
0.00298058000000000
0.00182323000000000
0.000710537000000000
-6.53100000000000e-05
-0.000428342000000000
-0.000514691000000000
-0.000467095000000000
-0.000499804000000000
-0.000826020000000000
-0.00139070000000000
-0.00176265000000000
-0.00181627000000000
-0.00193427000000000
-0.00225957000000000
-0.00224184000000000
-0.00156591000000000
-0.000930242000000000
-0.00119553000000000
-0.00218312000000000
-0.00297864000000000
-0.00315600000000000
-0.00287284000000000
-0.00216561000000000
-0.00105815000000000
-4.73009000000000e-05
0.000364373000000000
0.000393960000000000
0.000500357000000000
0.000619163000000000
0.000496258000000000
0.000280027000000000
0.000338454000000000
0.000605181000000000
0.000714893000000000
0.000451899000000000
-4.50830000000000e-05
-0.000529728000000000
-0.000858751000000000
-0.00105894000000000
-0.00133600000000000
-0.00178404000000000
-0.00225770000000000
-0.00257151000000000
-0.00267050000000000
-0.00236200000000000
-0.00138589000000000
-9.75174000000000e-06
0.00102599000000000
0.00126257000000000
0.000857100000000000
0.000108995000000000
-0.000813315000000000
-0.00169123000000000
-0.00227306000000000
-0.00254108000000000
-0.00255938000000000
-0.00220250000000000
-0.00144640000000000
-0.000671066000000000
-0.000176050000000000
0.000201071000000000
0.000503228000000000
0.000305709000000000
-0.000572034000000000
-0.00153849000000000
-0.00204840000000000
-0.00217710000000000
-0.00217946000000000
-0.00199169000000000
-0.00167558000000000
-0.00148207000000000
-0.00134332000000000
-0.000803769000000000
-3.14926000000000e-05
0.000128655000000000
-0.000655928000000000
-0.00152815000000000
-0.00152829000000000
-0.000643388000000000
0.000468609000000000
0.00143340000000000
0.00231254000000000
0.00305307000000000
0.00316928000000000
0.00231254000000000
0.000899377000000000
-0.000154301000000000
-0.000409981000000000
-0.000244153000000000
-0.000127119000000000
8.91553000000000e-05
0.000826235000000000
0.00189135000000000
0.00266052000000000
0.00296464000000000
0.00318579000000000
0.00335031000000000
0.00296062000000000
0.00167609000000000
-6.36433000000000e-05
-0.00153554000000000
-0.00240370000000000
-0.00268794000000000
-0.00230953000000000
-0.00128798000000000
1.90305000000000e-05
0.00134907000000000
0.00276352000000000
0.00410928000000000
0.00478342000000000
0.00451820000000000
0.00384493000000000
0.00324888000000000
0.00237384000000000
0.000829824000000000
-0.000816832000000000
-0.00165857000000000
-0.00165326000000000
-0.00127722000000000
-0.000734360000000000
2.10338000000000e-06
0.000671583000000000
0.00115412000000000
0.00166862000000000
0.00227988000000000
0.00249780000000000
0.00194820000000000
0.000924499000000000
1.22733000000000e-05
-0.000291189000000000
0.000278728000000000
0.00144295000000000
0.00216439000000000
0.00156698000000000
-2.74120000000000e-05
-0.00158249000000000
-0.00257266000000000
-0.00328370000000000
-0.00393285000000000
-0.00445037000000000
-0.00464159000000000
-0.00427466000000000
-0.00299486000000000
-0.000830757000000000
0.00168247000000000
0.00396774000000000
0.00562028000000000
0.00617771000000000
0.00548319000000000
0.00423597000000000
0.00317502000000000
0.00192142000000000
-9.26007000000000e-05
-0.00194805000000000
-0.00215262000000000
-0.00103030000000000
-0.000247031000000000
-0.000214092000000000
0.000110229000000000
0.000802836000000000
0.000600645000000000
-0.000810660000000000
-0.00213475000000000
-0.00253656000000000
-0.00256484000000000
-0.00273481000000000
-0.00278225000000000
-0.00260051000000000
-0.00266569000000000
-0.00315916000000000
-0.00349566000000000
-0.00299945000000000
-0.00166998000000000
-0.000158206000000000
0.000773909000000000
0.000852434000000000
0.000488018000000000
0.000250153000000000
0.000187498000000000
-1.16503000000000e-05
-0.000461338000000000
-0.000914450000000000
-0.00115031000000000
-0.00103059000000000
-0.000479440000000000
0.000530812000000000
0.00177980000000000
0.00277314000000000
0.00298223000000000
0.00227837000000000
0.00117644000000000
0.000366756000000000
4.49409000000000e-07
-0.000416391000000000
-0.00122496000000000
-0.00214975000000000
-0.00271708000000000
-0.00271457000000000
-0.00223050000000000
-0.00159634000000000
-0.00129229000000000
-0.00148035000000000
-0.00167522000000000
-0.00127808000000000
-0.000458632000000000
7.85035000000000e-06
-0.000109634000000000
-0.000145185000000000
0.000515573000000000
0.00164084000000000
0.00239989000000000
0.00208199000000000
0.000565610000000000
-0.00139730000000000
-0.00247296000000000
-0.00185022000000000
-0.000159921000000000
0.00120407000000000
0.00160919000000000
0.00143025000000000
0.00100080000000000
2.32524000000000e-06
-0.00171650000000000
-0.00353836000000000
-0.00459429000000000
-0.00464137000000000
-0.00399257000000000
-0.00290643000000000
-0.00140304000000000
0.000433029000000000
0.00205235000000000
0.00267839000000000
0.00192817000000000
0.000368816000000000
-0.00103827000000000
-0.00176624000000000
-0.00197913000000000
-0.00187312000000000
-0.00136809000000000
-0.000413929000000000
0.000596632000000000
0.00107731000000000
0.000794940000000000
5.52338000000000e-05
-0.000595692000000000
-0.000832624000000000
-0.000642922000000000
-8.54229000000000e-05
0.000752017000000000
0.00148042000000000
0.00152844000000000
0.000877844000000000
0.000245480000000000
0.000226553000000000
0.000589971000000000
0.000833413000000000
0.000831188000000000
0.000603207000000000
6.27827000000000e-05
-0.000632521000000000
-0.00106870000000000
-0.00120214000000000
-0.00133428000000000
-0.00146183000000000
-0.00117285000000000
-0.000451368000000000
0.000322125000000000
0.000930026000000000
0.00135639000000000
0.00118182000000000
0.000152916000000000
-0.00104537000000000
-0.00131655000000000
-0.000517310000000000
0.000646195000000000
0.00156203000000000
0.00202744000000000
0.00184196000000000
0.00102362000000000
-8.10444000000000e-05
-0.00115326000000000
-0.00206239000000000
-0.00236659000000000
-0.00169396000000000
-0.000672796000000000
-0.000471832000000000
-0.00119733000000000
-0.00177952000000000
-0.00163230000000000
-0.00132150000000000
-0.00136679000000000
-0.00148121000000000
-0.00137620000000000
-0.00136636000000000
-0.00158794000000000
-0.00159383000000000
-0.00103253000000000
-0.000375499000000000
-0.000323891000000000
-0.00101379000000000
-0.00190678000000000
-0.00251230000000000
-0.00274177000000000
-0.00269325000000000
-0.00241296000000000
-0.00198983000000000
-0.00150490000000000
-0.000768598000000000
0.000370130000000000
0.00150647000000000
0.00188008000000000
0.00139579000000000
0.000825805000000000
0.000852721000000000
0.00125389000000000
0.00153246000000000
0.00168348000000000
0.00188776000000000
0.00201617000000000
0.00182581000000000
0.00138998000000000
0.000867723000000000
0.000356219000000000
-0.000110330000000000
-0.000322835000000000
-0.000243786000000000
-0.000131827000000000
-0.000158737000000000
-7.51299000000000e-05
0.000266318000000000
0.000555001000000000
0.000607234000000000
0.000733427000000000
0.00120709000000000
0.00182158000000000
0.00241525000000000
0.00321917000000000
0.00408373000000000
0.00398123000000000
0.00219045000000000
-0.000337428000000000
-0.00180629000000000
-0.00149973000000000
-0.000250017000000000
0.000825302000000000
0.00145795000000000
0.00212585000000000
0.00318385000000000
0.00427086000000000
0.00479986000000000
0.00465236000000000
0.00419649000000000
0.00353119000000000
0.00250821000000000
0.00137376000000000
0.000770751000000000
0.000811808000000000
0.000955005000000000
0.000950842000000000
0.00111399000000000
0.00150813000000000
0.00161285000000000
0.00119604000000000
0.000769890000000000
0.000866431000000000
0.00133177000000000
0.00176509000000000
0.00200949000000000
0.00201775000000000
0.00159878000000000
0.000726033000000000
-0.000141000000000000
-0.000417575000000000
5.68869000000000e-06
0.000621489000000000
0.000920193000000000
0.000770105000000000
0.000475048000000000
0.000465243000000000
0.000935410000000000
0.00153475000000000
0.00163137000000000
0.000980414000000000
1.54380000000000e-05
-0.000709273000000000
-0.00108026000000000
-0.00128246000000000
-0.00125138000000000
-0.000829968000000000
-0.000260051000000000
-0.000180342000000000
-0.000894137000000000
-0.00197418000000000
-0.00270229000000000
-0.00278017000000000
-0.00247842000000000
-0.00214752000000000
-0.00189659000000000
-0.00178978000000000
-0.00194712000000000
-0.00230134000000000
-0.00249679000000000
-0.00247885000000000
-0.00264229000000000
-0.00311825000000000
-0.00319182000000000
-0.00228634000000000
-0.000893132000000000
4.21566000000000e-05
0.000314610000000000
0.000219841000000000
-0.000187685000000000
-0.000945530000000000
-0.00155356000000000
-0.00141223000000000
-0.000523218000000000
0.000641501000000000
0.00168606000000000
0.00214415000000000
0.00161637000000000
0.000478328000000000
-0.000147001000000000
0.000261207000000000
0.000957589000000000
0.000877341000000000
-0.000185165000000000
-0.00157129000000000
-0.00252687000000000
-0.00275527000000000
-0.00256764000000000
-0.00240722000000000
-0.00226122000000000
-0.00163510000000000
-0.000468616000000000
0.000499883000000000
0.000582061000000000
5.22478000000000e-05
-0.000305221000000000
-0.000130930000000000
0.000401949000000000
0.00107846000000000
0.00169209000000000
0.00186967000000000
0.00131612000000000
0.000336315000000000
-0.000233816000000000
0.000128439000000000
0.00106913000000000
0.00170178000000000
0.00153318000000000
0.000812669000000000
0.000160172000000000
-0.000119568000000000
-0.000166561000000000
-0.000171729000000000
-0.000124750000000000
-6.72178000000000e-05
-0.000232661000000000
-0.000623994000000000
-0.000819632000000000
-0.000482965000000000
0.000148200000000000
0.000576499000000000
0.000542648000000000
0.000258164000000000
0.000240348000000000
0.000960101000000000
0.00219224000000000
0.00295947000000000
0.00258357000000000
0.00173817000000000
0.00164235000000000
0.00226933000000000
0.00247806000000000
0.00180421000000000
0.00113143000000000
0.00119151000000000
0.00152987000000000
0.00128475000000000
0.000476368000000000
-0.000178067000000000
-0.000319677000000000
-0.000323812000000000
-0.000548577000000000
-0.000742614000000000
-0.000221112000000000
0.00122001000000000
0.00288583000000000
0.00359808000000000
0.00282302000000000
0.00104745000000000
-0.000674784000000000
-0.00165556000000000
-0.00186091000000000
-0.00168491000000000
-0.00142816000000000
-0.00113610000000000
-0.000740030000000000
-0.000380696000000000
-0.000338217000000000
-0.000608145000000000
-0.000820780000000000
-0.000731345000000000
-0.000584588000000000
-0.000616062000000000
-0.000591672000000000
-0.000130578000000000
0.000590531000000000
0.000969289000000000
0.000637136000000000
-0.000194073000000000
-0.00102922000000000
-0.00148236000000000
-0.00154660000000000
-0.00148896000000000
-0.00156024000000000
-0.00180098000000000
-0.00211687000000000
-0.00236939000000000
-0.00244971000000000
-0.00233867000000000
-0.00219526000000000
-0.00217767000000000
-0.00225792000000000
-0.00218485000000000
-0.00178253000000000
-0.000975246000000000
6.82744000000000e-05
0.000876121000000000
0.00101300000000000
0.000613120000000000
0.000175145000000000
-8.72101000000000e-05
-0.000191389000000000
-5.36396000000000e-05
0.000383854000000000
0.000736226000000000
0.000575027000000000
0.000122094000000000
1.53813000000000e-05
0.000434486000000000
0.000937635000000000
0.00120867000000000
0.00128877000000000
0.00132976000000000
0.00137814000000000
0.00146570000000000
0.00154423000000000
0.00144388000000000
0.00100891000000000
0.000326812000000000
-0.000289121000000000
-0.000623987000000000
-0.000615309000000000
-0.000205680000000000
0.000568495000000000
0.00128877000000000
0.00136478000000000
0.000703086000000000
-0.000104021000000000
-0.000481859000000000
-0.000509049000000000
-0.000501792000000000
-0.000498763000000000
-0.000464346000000000
-0.000512516000000000
-0.000591378000000000
-0.000523828000000000
-0.000447428000000000
-0.000617096000000000
-0.000733642000000000
-0.000296177000000000
0.000367359000000000
0.000436876000000000
4.26066000000000e-05
0.000114464000000000
0.000757257000000000
0.00113402000000000
0.000992760000000000
0.000859612000000000
0.000837648000000000
0.000579384000000000
0.000349666000000000
0.000661204000000000
0.00103489000000000
0.000575400000000000
-0.000381672000000000
-0.000684029000000000
-0.000320876000000000
-0.000285037000000000
-0.000690094000000000
-0.000605755000000000
0.000188137000000000
0.000841165000000000
0.000868584000000000
0.000735077000000000
0.000815684000000000
0.000750869000000000
0.000113696000000000
-0.000886242000000000
-0.00171427000000000
-0.00211730000000000
-0.00216410000000000
-0.00183536000000000
-0.00101121000000000
6.14763000000000e-05
0.000578939000000000
5.71216000000000e-05
-0.000788050000000000
-0.000783456000000000
8.86026000000000e-05
0.000757616000000000
0.000754386000000000
0.000750294000000000
0.00117163000000000
0.00138926000000000
0.000758908000000000
-0.000318608000000000
-0.000922131000000000
-0.000596474000000000
0.000385175000000000
0.00135409000000000
0.00165118000000000
0.00124484000000000
0.000840591000000000
0.00104243000000000
0.00151107000000000
0.00154301000000000
0.00116560000000000
0.000996134000000000
0.00124032000000000
0.00147748000000000
0.00143010000000000
0.00120989000000000
0.000954000000000000
0.000628100000000000
0.000284197000000000
-2.08622000000000e-05
-0.000371781000000000
-0.000759123000000000
-0.000880787000000000
-0.000685694000000000
-0.000752089000000000
-0.00144338000000000
-0.00218312000000000
-0.00225605000000000
-0.00197102000000000
-0.00206218000000000
-0.00242207000000000
-0.00233816000000000
-0.00181684000000000
-0.00153059000000000
-0.00161881000000000
-0.00157854000000000
-0.00127635000000000
-0.00106396000000000
-0.00102291000000000
-0.000816115000000000
-0.000262413000000000
0.000486970000000000
0.00115527000000000
0.00135359000000000
0.000748787000000000
-0.000372448000000000
-0.00114112000000000
-0.00115046000000000
-0.000888108000000000
-0.000982280000000000
-0.00148372000000000
-0.00210912000000000
-0.00257209000000000
-0.00270854000000000
-0.00257963000000000
-0.00251438000000000
-0.00263741000000000
-0.00258623000000000
-0.00202844000000000
-0.00117371000000000
-0.000464195000000000
-7.38666000000000e-05
-1.05621000000000e-05
-0.000247799000000000
-0.000584093000000000
-0.000759697000000000
-0.000788624000000000
-0.000776996000000000
-0.000548728000000000
2.00813000000000e-05
0.000587603000000000
0.000803697000000000
0.000820924000000000
0.000914737000000000
0.00101228000000000
0.00104236000000000
0.00109009000000000
0.000973667000000000
0.000365249000000000
-0.000402538000000000
-0.000637172000000000
-0.000516514000000000
-0.000860402000000000
-0.00164802000000000
-0.00195523000000000
-0.00147604000000000
-0.000726895000000000
0.000119324000000000
0.00128942000000000
0.00242437000000000
0.00285992000000000
0.00263640000000000
0.00216396000000000
0.00139608000000000
0.000436697000000000
5.27094000000000e-05
0.000576929000000000
0.00103317000000000
0.000614677000000000
-8.36643000000000e-05
-0.000178921000000000
0.000127090000000000
0.000235898000000000
0.000201466000000000
0.000184763000000000
-3.84873000000000e-05
-0.000407045000000000
-0.000236228000000000
0.000623039000000000
0.00124535000000000
0.000775919000000000
-0.000479785000000000
-0.00160359000000000
-0.00201079000000000
-0.00163948000000000
-0.000689577000000000
0.000443903000000000
0.00135955000000000
0.00191353000000000
0.00221413000000000
0.00230127000000000
0.00201933000000000
0.00135431000000000
0.000696648000000000
0.000488542000000000
0.000659201000000000
0.000742255000000000
0.000570505000000000
0.000591127000000000
0.00119525000000000
0.00204983000000000
0.00242817000000000
0.00208752000000000
0.00138539000000000
0.000829896000000000
0.000708067000000000
0.000910861000000000
0.00102822000000000
0.000859827000000000
0.000726464000000000
0.000898731000000000
0.000976466000000000
0.000450902000000000
-0.000361201000000000
-0.000725531000000000
-0.000745701000000000
-0.00106999000000000
-0.00160309000000000
-0.00144439000000000
-0.000394707000000000
0.000744050000000000
0.00128088000000000
0.00144647000000000
0.00162110000000000
0.00180909000000000
0.00184369000000000
0.00173918000000000
0.00138352000000000
0.000566844000000000
-0.000513915000000000
-0.00109827000000000
-0.000714326000000000
0.000127147000000000
0.000504017000000000
0.000170394000000000
-0.000298790000000000
-0.000326381000000000
5.28314000000000e-05
0.000445504000000000
0.000581444000000000
0.000429964000000000
0.000168585000000000
0.000166360000000000
0.000628789000000000
0.00119668000000000
0.00123724000000000
0.000586504000000000
-0.000187383000000000
-0.000424057000000000
-0.000140850000000000
3.45517000000000e-05
-0.000361136000000000
-0.00103676000000000
-0.00129631000000000
-0.000963977000000000
-0.000628652000000000
-0.000617735000000000
-0.000514181000000000
-8.88180000000000e-05
0.000110890000000000
-0.000236587000000000
-0.000491772000000000
-3.27085000000000e-05
0.000617620000000000
0.000638184000000000
0.000245495000000000
0.000132854000000000
0.000163122000000000
-0.000100223000000000
-0.000266748000000000
0.000199047000000000
0.000826666000000000
0.000781302000000000
0.000178461000000000
-0.000411015000000000
-0.000978548000000000
-0.00165168000000000
-0.00182495000000000
-0.00102147000000000
6.61835000000000e-05
0.000441054000000000
0.000196671000000000
1.86192000000000e-05
8.12526000000000e-06
-7.15985000000000e-05
-0.000113538000000000
-1.33141000000000e-05
-5.38628000000000e-05
-0.000270768000000000
-0.000259649000000000
-2.48574000000000e-05
-0.000164967000000000
-0.000743475000000000
-0.00104437000000000
-0.000809511000000000
-0.000648513000000000
-0.000905909000000000
-0.00114780000000000
-0.00106124000000000
-0.000870522000000000
-0.000638601000000000
-0.000134720000000000
0.000497177000000000
0.000742542000000000
0.000522069000000000
0.000292531000000000
0.000238367000000000
6.25193000000000e-05
-0.000429447000000000
-0.000936056000000000
-0.00117766000000000
-0.00112275000000000
-0.000934835000000000
-0.000714470000000000
-0.000379023000000000
0.000260259000000000
0.000962183000000000
0.00111751000000000
0.000632220000000000
0.000221787000000000
0.000506027000000000
0.00115067000000000
0.00145695000000000
0.00132904000000000
0.00116897000000000
0.000928160000000000
0.000316095000000000
-0.000427071000000000
-0.000690769000000000
-0.000434881000000000
-0.000125468000000000
1.60337000000000e-05
0.000253448000000000
0.000677461000000000
0.000934548000000000
0.000761348000000000
0.000534803000000000
0.000690446000000000
0.00102018000000000
0.000939286000000000
0.000492088000000000
0.000339710000000000
0.000731345000000000
0.00111012000000000
0.00106195000000000
0.000950698000000000
0.00113050000000000
0.00123357000000000
0.000822718000000000
0.000250347000000000
9.92042000000000e-05
0.000233300000000000
0.000190829000000000
7.27254000000000e-05
0.000184943000000000
0.000192386000000000
-0.000386682000000000
-0.00118347000000000
-0.00138747000000000
-0.000900884000000000
-0.000354238000000000
-0.000106274000000000
1.64257000000000e-05
0.000216977000000000
0.000421939000000000
0.000474524000000000
0.000214630000000000
-0.000399379000000000
-0.00100267000000000
-0.00109641000000000
-0.000804487000000000
-0.000819632000000000
-0.00133973000000000
-0.00177837000000000
-0.00171614000000000
-0.00146255000000000
-0.00141345000000000
-0.00146204000000000
-0.00132028000000000
-0.00102140000000000
-0.000788911000000000
-0.000703825000000000
-0.000619328000000000
-0.000399415000000000
-0.000124671000000000
-7.71325000000000e-05
-0.000358251000000000
-0.000668532000000000
-0.000693848000000000
-0.000621819000000000
-0.000775345000000000
-0.000983572000000000
-0.000865713000000000
-0.000590050000000000
-0.000556709000000000
-0.000661886000000000
-0.000588134000000000
-0.000572285000000000
-0.000936989000000000
-0.00121620000000000
-0.000712331000000000
0.000217537000000000
0.000604750000000000
0.000383050000000000
0.000385498000000000
0.000786255000000000
0.000882437000000000
0.000416398000000000
4.71961000000000e-06
5.35908000000000e-05
0.000312858000000000
0.000552740000000000
0.000844108000000000
0.00106913000000000
0.000857531000000000
0.000195839000000000
-0.000457340000000000
-0.000764147000000000
-0.000713171000000000
-0.000282224000000000
0.000468932000000000
0.00106612000000000
0.00104408000000000
0.000587366000000000
0.000249371000000000
0.000210517000000000
0.000240707000000000
0.000379253000000000
0.000852865000000000
0.00148674000000000
0.00169755000000000
0.00147403000000000
0.00136801000000000
0.00163948000000000
0.00184433000000000
0.00160782000000000
0.000974098000000000
0.000106669000000000
-0.000823938000000000
-0.00142077000000000
-0.00145609000000000
-0.00130686000000000
-0.00137325000000000
-0.00135014000000000
-0.000823795000000000
-0.000143599000000000
0.000115613000000000
0.000215197000000000
0.000679241000000000
0.00118613000000000
0.00106978000000000
0.000574783000000000
0.000413871000000000
0.000474976000000000
7.47567000000000e-05
-0.000800180000000000
-0.00144144000000000
-0.00146886000000000
-0.000994483000000000
-7.20219000000000e-05
0.00107136000000000
0.00161830000000000
0.00104272000000000
0.000151071000000000
0.000179201000000000
0.000982998000000000
0.00132610000000000
0.000782235000000000
0.000233924000000000
0.000226187000000000
0.000329446000000000
0.000243801000000000
0.000379547000000000
0.000895357000000000
0.00122633000000000
0.000924715000000000
0.000158938000000000
-0.000752663000000000
-0.00155981000000000
-0.00181620000000000
-0.00123874000000000
-0.000379210000000000
-5.11138000000000e-05
-0.000291605000000000
-0.000509078000000000
-0.000488377000000000
-0.000432139000000000
-0.000433215000000000
-0.000434350000000000
-0.000454490000000000
-0.000460103000000000
-0.000384744000000000
-0.000379518000000000
-0.000559530000000000
-0.000658053000000000
-0.000444966000000000
-0.000308982000000000
-0.000632830000000000
-0.000984506000000000
-0.000678638000000000
9.95344000000000e-05
0.000578042000000000
0.000513298000000000
0.000322268000000000
0.000361768000000000
0.000544658000000000
0.000511719000000000
4.79842000000000e-06
-0.000749002000000000
-0.00111801000000000
-0.000831762000000000
-0.000408761000000000
-0.000484723000000000
-0.000955005000000000
-0.00125267000000000
-0.00122015000000000
-0.00111055000000000
-0.00106676000000000
-0.000907990000000000
-0.000510728000000000
0.000110330000000000
0.000692104000000000
0.000942803000000000
0.000730125000000000
0.000406672000000000
0.000388527000000000
0.000620412000000000
0.000621065000000000
0.000363971000000000
0.000421587000000000
0.00108327000000000
0.00171721000000000
0.00163618000000000
0.00105356000000000
0.000569888000000000
0.000114636000000000
-0.000605805000000000
-0.00119733000000000
-0.00118656000000000
-0.000976251000000000
-0.00113725000000000
-0.00123530000000000
-0.000623535000000000
0.000142422000000000
1.14285000000000e-05
-0.000801974000000000
-0.00122317000000000
-0.00110373000000000
-0.00108787000000000
-0.00105463000000000
-0.000210546000000000
0.00131519000000000
0.00236451000000000
0.00234972000000000
0.00182223000000000
0.00133658000000000
0.000723449000000000
-0.000176143000000000
-0.000939214000000000
-0.00110136000000000
-0.000816474000000000
-0.000519758000000000
-0.000449832000000000
-0.000668726000000000
-0.00111141000000000
-0.00129136000000000
-0.000711096000000000
0.000261350000000000
0.000580217000000000
-1.87929000000000e-05
-0.000571517000000000
-0.000360655000000000
6.82443000000000e-05
-0.000110610000000000
-0.000704371000000000
-0.00106820000000000
-0.00110502000000000
-0.00115864000000000
-0.00122862000000000
-0.000998072000000000
-0.000305795000000000
0.000539892000000000
0.00100281000000000
0.000735652000000000
-3.99121000000000e-05
-0.000811593000000000
-0.00126631000000000
-0.00137928000000000
-0.00104222000000000
-0.000289667000000000
0.000332030000000000
0.000288167000000000
-0.000136062000000000
-0.000291476000000000
-5.95728000000000e-05
0.000198294000000000
0.000194238000000000
-0.000265349000000000
-0.00102118000000000
-0.00130485000000000
-0.000468501000000000
0.000882653000000000
0.00145587000000000
0.000983644000000000
0.000349185000000000
0.000147238000000000
0.000297713000000000
0.000845041000000000
0.00175490000000000
0.00224909000000000
0.00173674000000000
0.000796735000000000
0.000346551000000000
0.000350728000000000
0.000475170000000000
0.000911292000000000
0.00166073000000000
0.00188855000000000
0.00116854000000000
0.000355982000000000
0.000294813000000000
0.000612165000000000
0.000606954000000000
0.000395180000000000
0.000386301000000000
0.000507793000000000
0.000601556000000000
0.000936917000000000
0.00161536000000000
0.00219174000000000
0.00218420000000000
0.00172016000000000
0.00115261000000000
0.000781374000000000
0.000722445000000000
0.000934405000000000
0.00101020000000000
0.000714707000000000
0.000433589000000000
0.000799965000000000
0.00169661000000000
0.00228404000000000
0.00203332000000000
0.00123300000000000
0.000601003000000000
0.000687374000000000
0.00136536000000000