-0.000389307000000000
-0.00105401000000000
-0.00170810000000000
-0.00104052000000000
0.000798064000000000
0.00239110000000000
0.00243893000000000
0.00223663000000000
0.00292677000000000
0.00376027000000000
0.00344381000000000
0.00250526000000000
0.00239308000000000
0.00300381000000000
0.00321152000000000
0.00303605000000000
0.00296086000000000
0.00260872000000000
0.00206948000000000
0.00251042000000000
0.00391302000000000
0.00435237000000000
0.00316541000000000
0.00197911000000000
0.00170638000000000
0.00110238000000000
2.25817000000000e-05
0.000592714000000000
0.00346627000000000
0.00575087000000000
0.00509575000000000
0.00301689000000000
0.00223981000000000
0.00293549000000000
0.00361030000000000
0.00368800000000000
0.00328300000000000
0.00220281000000000
0.00101993000000000
0.00135160000000000
0.00336968000000000
0.00475656000000000
0.00407581000000000
0.00302534000000000
0.00355111000000000
0.00469750000000000
0.00433228000000000
0.00225989000000000
-0.000240814000000000
-0.00249046000000000
-0.00428273000000000
-0.00520225000000000
-0.00551634000000000
-0.00545384000000000
-0.00305785000000000
0.00360700000000000
0.0115072000000000
0.0145506000000000
0.0112592000000000
0.00638115000000000
0.00365391000000000
0.00190326000000000
-0.000301583000000000
-0.00104917000000000
0.00121345000000000
0.00446613000000000
0.00534284000000000
0.00228182000000000
-0.00372803000000000
-0.00898155000000000
-0.00902608000000000
-0.00377045000000000
0.00132306000000000
0.00197792000000000
0.000191898000000000
-0.000445239000000000
-0.000481166000000000
-0.00181566000000000
-0.00314717000000000
-0.00224602000000000
1.76267000000000e-05
0.00159882000000000
0.00237181000000000
0.00314440000000000
0.00384550000000000
0.00434735000000000
0.00470794000000000
0.00439240000000000
0.00309419000000000
0.00188740000000000
0.00151148000000000
0.00165987000000000
0.00357899000000000
0.00950969000000000
0.0167031000000000
0.0169555000000000
0.00610565000000000
-0.0103637000000000
-0.0234485000000000
-0.0276544000000000
-0.0207570000000000
-0.00502638000000000
0.00829353000000000
0.00590375000000000
-0.0108351000000000
-0.0242321000000000
-0.0212551000000000
-0.00767554000000000
0.00323306000000000
0.00821438000000000
0.0125200000000000
0.0177298000000000
0.0199073000000000
0.0172779000000000
0.0125771000000000
0.00883277000000000
0.00667053000000000
0.00483598000000000
0.00171629000000000
-0.00336731000000000
-0.00944786000000000
-0.0142044000000000
-0.0142018000000000
-0.00710538000000000
0.00337167000000000
0.00598977000000000
-0.00719140000000000
-0.0273782000000000
-0.0345716000000000
-0.0207847000000000
0.00123072000000000
0.0165445000000000
0.0250777000000000
0.0311216000000000
0.0278116000000000
0.00729539000000000
-0.0199272000000000
-0.0331379000000000
-0.0267598000000000
-0.0126314000000000
-0.000375961000000000
0.00848922000000000
0.00928520000000000
-0.00356696000000000
-0.0206962000000000
-0.0221523000000000
-0.00351490000000000
0.0164784000000000
0.0180086000000000
-0.00121689000000000
-0.0293946000000000
-0.0491222000000000
-0.0450207000000000
-0.0178381000000000
0.00924952000000000
0.0130049000000000
-0.00256459000000000
-0.0141093000000000
-0.00978916000000000
0.00324706000000000
0.0166027000000000
0.0271958000000000
0.0290722000000000
0.0175131000000000
0.00157940000000000
-0.00347671000000000
0.00385620000000000
0.0119992000000000
0.0140842000000000
0.0112404000000000
0.00236322000000000
-0.0133495000000000
-0.0261811000000000
-0.0242849000000000
-0.0118857000000000
-0.00453062000000000
-0.00715625000000000
-0.0111122000000000
-0.0115806000000000
-0.0126407000000000
-0.0139177000000000
-0.00904881000000000
-0.00175355000000000
-0.00641855000000000
-0.0237617000000000
-0.0323478000000000
-0.0166648000000000
0.00907894000000000
0.0193246000000000
0.00931810000000000
-0.00667106000000000
-0.0209314000000000
-0.0358123000000000
-0.0462813000000000
-0.0415866000000000
-0.0256420000000000
-0.0168405000000000
-0.0234855000000000
-0.0342109000000000
-0.0363541000000000
-0.0308322000000000
-0.0242611000000000
-0.0181248000000000
-0.0103322000000000
0.000529171000000000
0.0150910000000000
0.0311942000000000
0.0426714000000000
0.0457396000000000
0.0447670000000000
0.0455493000000000
0.0448516000000000
0.0329767000000000
0.00646731000000000
-0.0251346000000000
-0.0460554000000000
-0.0481629000000000
-0.0398398000000000
-0.0383625000000000
-0.0507844000000000
-0.0669088000000000
-0.0749068000000000
-0.0768756000000000
-0.0811845000000000
-0.0877159000000000
-0.0891813000000000
-0.0813339000000000
-0.0617582000000000
-0.0243193000000000
0.0320769000000000
0.0906889000000000
0.126316000000000
0.132398000000000
0.127307000000000
0.130184000000000
0.141410000000000
0.154187000000000
0.170902000000000
0.194145000000000
0.213383000000000
0.219673000000000
0.223333000000000
0.231816000000000
0.219422000000000
0.149972000000000
0.0311083000000000
-0.0858634000000000
-0.164282000000000
-0.213198000000000
-0.254279000000000
-0.287960000000000
-0.302045000000000
-0.293708000000000
-0.272328000000000
-0.250500000000000
-0.234961000000000
-0.221800000000000
-0.203513000000000
-0.182120000000000
-0.165604000000000
-0.148638000000000
-0.114054000000000
-0.0610949000000000
-0.0147409000000000
0.00560249000000000
0.0103267000000000
0.0223333000000000
0.0481497000000000
0.0766008000000000
0.0969072000000000
0.108890000000000
0.119337000000000
0.134354000000000
0.154914000000000
0.177047000000000
0.196721000000000
0.212577000000000
0.223201000000000
0.224311000000000
0.212617000000000
0.190273000000000
0.161560000000000
0.127784000000000
0.0883898000000000
0.0461716000000000
0.00525458000000000
-0.0333137000000000
-0.0695937000000000
-0.0976881000000000
-0.109054000000000
-0.103042000000000
-0.0876591000000000
-0.0695871000000000
-0.0515350000000000
-0.0379555000000000
-0.0327693000000000
-0.0318721000000000
-0.0286956000000000
-0.0255851000000000
-0.0277138000000000
-0.0286427000000000
-0.0177099000000000
-0.000274350000000000
0.00510685000000000
-0.00913364000000000
-0.0331643000000000
-0.0570331000000000
-0.0794628000000000
-0.0985959000000000
-0.109769000000000
-0.114300000000000
-0.118219000000000
-0.119929000000000
-0.109527000000000
-0.0825786000000000
-0.0472062000000000
-0.0161190000000000
0.00226253000000000
0.00495490000000000
-0.00568930000000000
-0.0215524000000000
-0.0330771000000000
-0.0358942000000000
-0.0316316000000000
-0.0243087000000000
-0.0178064000000000
-0.0134446000000000
-0.00768994000000000
0.00375433000000000
0.0183455000000000
0.0291105000000000
0.0359365000000000
0.0465575000000000
0.0653985000000000
0.0893623000000000
0.117150000000000
0.153315000000000
0.199589000000000
0.248809000000000
0.289823000000000
0.311004000000000
0.299297000000000
0.249667000000000
0.177945000000000
0.112844000000000
0.0706852000000000
0.0470331000000000
0.0337180000000000
0.0339981000000000
0.0554950000000000
0.0946252000000000
0.135107000000000
0.162274000000000
0.174166000000000
0.176729000000000
0.171973000000000
0.156804000000000
0.133218000000000
0.111714000000000
0.100156000000000
0.0961448000000000
0.0958065000000000
0.101198000000000
0.112857000000000
0.124639000000000
0.134605000000000
0.149602000000000
0.169052000000000
0.173809000000000
0.145242000000000
0.0892976000000000
0.0298663000000000
-0.0163912000000000
-0.0483703000000000
-0.0703667000000000
-0.0870169000000000
-0.104817000000000
-0.128422000000000
-0.155839000000000
-0.183310000000000
-0.210450000000000
-0.236335000000000
-0.256459000000000
-0.269422000000000
-0.280494000000000
-0.293655000000000
-0.303433000000000
-0.298412000000000
-0.270505000000000
-0.221430000000000
-0.163912000000000
-0.115114000000000
-0.0843597000000000
-0.0680953000000000
-0.0584548000000000
-0.0509892000000000
-0.0415602000000000
-0.0238489000000000
0.00313264000000000
0.0318879000000000
0.0578338000000000
0.0855555000000000
0.117533000000000
0.144026000000000
0.154835000000000
0.152258000000000
0.144211000000000
0.129613000000000
0.103004000000000
0.0690110000000000
0.0404013000000000
0.0226372000000000
0.0111130000000000
0.00240444000000000
-0.00361691000000000
-0.0115008000000000
-0.0284736000000000
-0.0539134000000000
-0.0811185000000000
-0.108339000000000
-0.137723000000000
-0.165260000000000
-0.183521000000000
-0.191449000000000
-0.191581000000000
-0.184036000000000
-0.172514000000000
-0.166595000000000
-0.169224000000000
-0.174457000000000
-0.182134000000000
-0.197461000000000
-0.214044000000000
-0.219713000000000
-0.218312000000000
-0.220003000000000
-0.209565000000000
-0.160635000000000
-0.0813035000000000
-0.0122072000000000
0.0285859000000000
0.0605267000000000
0.100574000000000
0.138516000000000
0.155482000000000
0.140340000000000
0.0937056000000000
0.0334815000000000
-0.0121696000000000
-0.0334233000000000
-0.0459021000000000
-0.0629223000000000
-0.0790241000000000
-0.0894324000000000
-0.0984650000000000
-0.0989235000000000
-0.0696400000000000
-0.00859969000000000
0.0552149000000000
0.0972071000000000
0.123259000000000
0.149219000000000
0.172409000000000
0.174589000000000
0.143035000000000
0.0808383000000000
0.00463566000000000
-0.0644141000000000
-0.111401000000000
-0.135807000000000
-0.146008000000000
-0.146021000000000
-0.130230000000000
-0.0942262000000000
-0.0455757000000000
0.00160160000000000
0.0403221000000000
0.0729010000000000
0.100148000000000
0.116509000000000
0.117406000000000
0.106102000000000
0.0903163000000000
0.0766920000000000
0.0706534000000000
0.0757776000000000
0.0900772000000000
0.106429000000000
0.120290000000000
0.132848000000000
0.144409000000000
0.148757000000000
0.139269000000000
0.118173000000000
0.0949886000000000
0.0766061000000000
0.0614886000000000
0.0432435000000000
0.0169647000000000
-0.0167440000000000
-0.0516843000000000
-0.0793717000000000
-0.0951300000000000
-0.100538000000000
-0.100271000000000
-0.0982589000000000
-0.0972190000000000
-0.0971781000000000
-0.0927331000000000
-0.0761489000000000
-0.0467649000000000
-0.0142071000000000
0.0107327000000000
0.0256684000000000
0.0348596000000000
0.0418548000000000
0.0470345000000000
0.0494803000000000
0.0478920000000000
0.0414293000000000
0.0319104000000000
0.0238079000000000
0.0202324000000000
0.0203236000000000
0.0215207000000000
0.0223782000000000
0.0220889000000000
0.0196708000000000
0.0149814000000000
0.00867500000000000
0.00110837000000000
-0.00727623000000000
-0.0149959000000000
-0.0210754000000000
-0.0259366000000000
-0.0287114000000000
-0.0257635000000000
-0.0156473000000000
-0.00314360000000000
0.00525339000000000
0.00785234000000000
0.00625232000000000
0.00170400000000000
-0.00320690000000000
-0.00309841000000000
0.00408612000000000
0.0128864000000000
0.0166278000000000
0.0154742000000000
0.0139005000000000
0.0135847000000000
0.0127838000000000
0.0102640000000000
0.00599255000000000
-0.000286018000000000
-0.00845341000000000
-0.0169145000000000
-0.0236573000000000
-0.0272685000000000
-0.0267902000000000
-0.0217044000000000
-0.0128005000000000
-0.00237921000000000
0.00637785000000000
0.0118194000000000
0.0159288000000000
0.0227006000000000
0.0328618000000000
0.0425379000000000
0.0483717000000000
0.0513949000000000
0.0534364000000000
0.0534007000000000
0.0502308000000000
0.0461690000000000
0.0439306000000000
0.0433823000000000
0.0439069000000000
0.0469420000000000
0.0538288000000000
0.0631760000000000
0.0728178000000000
0.0816906000000000
0.0887413000000000
0.0919178000000000
0.0897376000000000
0.0824240000000000
0.0718572000000000
0.0613856000000000
0.0549136000000000
0.0544274000000000
0.0592106000000000
0.0676804000000000
0.0782564000000000
0.0880357000000000
0.0938760000000000
0.0951339000000000
0.0927450000000000
0.0853468000000000
0.0705557000000000
0.0505585000000000
0.0323729000000000
0.0207517000000000
0.0143828000000000
0.00987016000000000
0.00616538000000000
0.00353155000000000
0.00156751000000000
8.08714000000000e-05
-0.000213608000000000
0.000595885000000000
0.000443997000000000
-0.00308375000000000
-0.0108194000000000
-0.0212987000000000
-0.0313554000000000
-0.0375353000000000
-0.0387470000000000
-0.0374495000000000
-0.0371403000000000
-0.0385739000000000
-0.0395755000000000
-0.0386387000000000
-0.0374653000000000
-0.0396323000000000
-0.0465522000000000
-0.0557038000000000
-0.0630954000000000
-0.0676223000000000
-0.0717330000000000
-0.0780530000000000
-0.0861752000000000
-0.0938906000000000
-0.100222000000000
-0.105961000000000
-0.111345000000000
-0.114723000000000
-0.114163000000000
-0.110113000000000
-0.105357000000000
-0.101788000000000
-0.0975494000000000
-0.0891324000000000
-0.0760115000000000
-0.0614754000000000
-0.0477718000000000
-0.0336466000000000
-0.0177628000000000
-0.00232464000000000
0.00931361000000000
0.0162697000000000
0.0194026000000000
0.0188146000000000
0.0149417000000000
0.0104566000000000
0.00820698000000000
0.00831454000000000
0.00932973000000000
0.0110760000000000
0.0139547000000000
0.0167890000000000
0.0175289000000000
0.0157134000000000
0.0120966000000000
0.00683107000000000
-0.000343166000000000
-0.00822879000000000
-0.0144912000000000
-0.0176412000000000
-0.0174589000000000
-0.0136931000000000
-0.00619907000000000
0.00360118000000000
0.0129695000000000
0.0198029000000000
0.0234670000000000
0.0242175000000000
0.0230878000000000
0.0220466000000000
0.0225170000000000
0.0239110000000000
0.0247527000000000
0.0246602000000000
0.0237353000000000
0.0213714000000000
0.0176399000000000
0.0146233000000000
0.0138397000000000
0.0130757000000000
0.00844496000000000
-0.000816060000000000
-0.0117617000000000
-0.0215339000000000
-0.0294421000000000
-0.0356643000000000
-0.0402441000000000
-0.0443178000000000
-0.0501251000000000
-0.0584244000000000
-0.0669550000000000
-0.0728138000000000
-0.0746545000000000
-0.0715295000000000
-0.0615666000000000
-0.0445702000000000
-0.0247553000000000
-0.00775429000000000
0.00456431000000000
0.0141040000000000
0.0221629000000000
0.0285925000000000
0.0337880000000000
0.0385369000000000
0.0420477000000000
0.0432250000000000
0.0431550000000000
0.0439756000000000
0.0458453000000000
0.0470834000000000
0.0467213000000000
0.0449771000000000
0.0422367000000000
0.0389465000000000
0.0358229000000000
0.0330943000000000
0.0302429000000000
0.0272157000000000
0.0249377000000000
0.0240273000000000
0.0234102000000000
0.0213714000000000
0.0176320000000000
0.0138952000000000
0.0118605000000000
0.0113892000000000
0.0112001000000000
0.0109219000000000
0.0111612000000000
0.0119510000000000
0.0129369000000000
0.0149074000000000
0.0192348000000000
0.0256248000000000
0.0319857000000000
0.0366382000000000
0.0392914000000000
0.0403049000000000
0.0405308000000000
0.0412787000000000
0.0430929000000000
0.0447710000000000
0.0449983000000000
0.0435659000000000
0.0399481000000000
0.0319765000000000
0.0183310000000000
0.00136151000000000
-0.0142295000000000
-0.0253631000000000
-0.0322764000000000
-0.0366197000000000
-0.0388461000000000
-0.0377137000000000
-0.0322421000000000
-0.0235027000000000
-0.0136468000000000
-0.00358929000000000
0.00696532000000000
0.0175131000000000
0.0266647000000000
0.0335251000000000
0.0371337000000000
0.0349812000000000
0.0250658000000000
0.00933951000000000
-0.00732631000000000
-0.0214969000000000
-0.0325856000000000
-0.0409827000000000
-0.0475471000000000
-0.0543943000000000
-0.0633795000000000
-0.0738022000000000
-0.0830423000000000
-0.0890241000000000
-0.0907101000000000
-0.0880978000000000
-0.0827411000000000
-0.0769708000000000
-0.0714251000000000
-0.0649294000000000
-0.0570265000000000
-0.0488302000000000
-0.0413236000000000
-0.0347222000000000
-0.0299945000000000
-0.0284353000000000
-0.0294910000000000
-0.0305547000000000
-0.0297170000000000
-0.0272897000000000
-0.0249694000000000
-0.0244395000000000
-0.0263660000000000
-0.0293998000000000
-0.0308256000000000
-0.0289902000000000
-0.0246523000000000
-0.0195479000000000
-0.0147766000000000
-0.0105962000000000
-0.00658411000000000
-0.00166159000000000
0.00480968000000000
0.0118592000000000
0.0176452000000000
0.0211534000000000
0.0225579000000000
0.0225738000000000
0.0226095000000000
0.0241753000000000
0.0270214000000000
0.0290285000000000
0.0292585000000000
0.0291356000000000
0.0293761000000000
0.0278261000000000
0.0227997000000000
0.0165630000000000
0.0128351000000000
0.0120809000000000
0.0123067000000000
0.0131189000000000
0.0159248000000000
0.0203606000000000
0.0237643000000000
0.0246681000000000
0.0244329000000000
0.0244382000000000
0.0241356000000000
0.0227231000000000
0.0208574000000000
0.0190709000000000
0.0163225000000000
0.0118360000000000
0.00762890000000000
0.00682288000000000
0.00950071000000000
0.0121164000000000
0.0115417000000000
0.00836290000000000
0.00557606000000000
0.00521507000000000
0.00705583000000000
0.00962333000000000
0.0115961000000000
0.0125543000000000
0.0128030000000000
0.0123711000000000
0.0105599000000000
0.00693902000000000
0.00233547000000000
-0.00182808000000000
-0.00473622000000000
-0.00612111000000000
-0.00592450000000000
-0.00490046000000000
-0.00440667000000000
-0.00487562000000000
-0.00540719000000000
-0.00537878000000000
-0.00512839000000000
-0.00472723000000000
-0.00346720000000000
-0.00133416000000000
0.000427256000000000
0.000867038000000000
0.000543864000000000
0.000670092000000000
0.00197422000000000
0.00443839000000000
0.00765347000000000
0.0113061000000000
0.0157160000000000
0.0213013000000000
0.0272461000000000
0.0314136000000000
0.0322513000000000
0.0300618000000000
0.0261507000000000
0.0213582000000000
0.0157940000000000
0.00965782000000000
0.00370689000000000
-0.00118182000000000
-0.00479832000000000
-0.00739079000000000
-0.00902780000000000
-0.00959637000000000
-0.00956255000000000
-0.00972415000000000
-0.0101495000000000
-0.00996424000000000
-0.00849821000000000
-0.00584786000000000
-0.00274495000000000
-0.000716484000000000
-0.00186692000000000
-0.00675073000000000
-0.0129226000000000
-0.0173664000000000
-0.0200606000000000
-0.0230825000000000
-0.0268404000000000
-0.0296033000000000
-0.0302376000000000
-0.0289559000000000
-0.0255693000000000
-0.0195744000000000
-0.0123966000000000
-0.00706125000000000
-0.00501409000000000
-0.00474309000000000
-0.00408347000000000
-0.00216251000000000
0.000677095000000000
0.00367412000000000
0.00613684000000000
0.00800178000000000
0.00986342000000000
0.0117380000000000
0.0126682000000000
0.0121626000000000
0.0113404000000000
0.0112969000000000
0.0116673000000000
0.0116081000000000
0.0113271000000000
0.0115395000000000
0.0122909000000000
0.0131010000000000
0.0135134000000000
0.0132279000000000
0.0126557000000000
0.0133508000000000
0.0164084000000000
0.0204848000000000
0.0231763000000000
0.0239202000000000
0.0240114000000000
0.0239520000000000
0.0232939000000000
0.0223650000000000
0.0220598000000000
0.0219158000000000
0.0208098000000000
0.0188595000000000
0.0169198000000000
0.0147647000000000
0.0116764000000000
0.00795355000000000
0.00438659000000000
0.00114180000000000
-0.00176280000000000
-0.00411030000000000
-0.00602598000000000
-0.00725403000000000
-0.00592186000000000
-0.000613618000000000
0.00627307000000000
0.00997692000000000
0.00878533000000000
0.00547498000000000
0.00318866000000000
0.00258296000000000
0.00307252000000000
0.00428154000000000
0.00572841000000000
0.00687996000000000
0.00746849000000000
0.00688287000000000
0.00446534000000000
0.00117170000000000
-0.000649889000000000
-0.000564794000000000
-0.000908198000000000
-0.00339677000000000
-0.00687573000000000
-0.00964725000000000
-0.0114552000000000
-0.0123619000000000
-0.0120453000000000
-0.0112231000000000
-0.0114063000000000
-0.0126792000000000
-0.0137168000000000
-0.0141463000000000
-0.0146233000000000
-0.0147184000000000
-0.0130408000000000
-0.00956929000000000
-0.00612349000000000
-0.00433770000000000
-0.00427679000000000
-0.00471600000000000
-0.00426159000000000
-0.00265312000000000
-0.00119081000000000
-0.00100916000000000
-0.00139692000000000
-0.00104217000000000
-0.000250434000000000
-0.000193775000000000
-0.000794232000000000
-0.00127905000000000
-0.00215775000000000
-0.00440562000000000
-0.00716392000000000
-0.00840664000000000
-0.00797020000000000
-0.00792897000000000
-0.00960774000000000
-0.0117017000000000
-0.0123382000000000
-0.0117264000000000
-0.0114965000000000
-0.0119019000000000
-0.0114114000000000
-0.00928269000000000
-0.00701315000000000
-0.00626527000000000
-0.00649188000000000
-0.00610420000000000
-0.00496032000000000
-0.00439716000000000
-0.00510395000000000
-0.00651659000000000
-0.00817276000000000
-0.0106557000000000
-0.0146391000000000
-0.0198109000000000
-0.0250117000000000
-0.0290880000000000
-0.0314506000000000
-0.0323213000000000
-0.0324786000000000
-0.0327600000000000
-0.0330441000000000
-0.0320703000000000
-0.0286163000000000
-0.0231605000000000
-0.0173783000000000
-0.0124059000000000
-0.00826829000000000
-0.00513077000000000
-0.00353089000000000
-0.00303103000000000
-0.00196034000000000
0.000529475000000000
0.00356775000000000
0.00629910000000000
0.00907101000000000
0.0120509000000000
0.0142599000000000
0.0152060000000000
0.0159433000000000
0.0174576000000000
0.0190115000000000
0.0192889000000000
0.0180456000000000
0.0158680000000000
0.0132412000000000
0.0106792000000000
0.00893821000000000
0.00826882000000000
0.00816655000000000
0.00815730000000000
0.00831758000000000
0.00883290000000000
0.00972084000000000
0.0107257000000000
0.0111126000000000
0.00970129000000000
0.00598409000000000
0.00102725000000000
-0.00314374000000000
-0.00517199000000000
-0.00507144000000000
-0.00361757000000000
-0.00160292000000000
0.000328829000000000
0.00163067000000000
0.00187393000000000
0.000875415000000000
-0.00115833000000000
-0.00357766000000000
-0.00556166000000000
-0.00647576000000000
-0.00627254000000000
-0.00550999000000000
-0.00471256000000000
-0.00372288000000000
-0.00201029000000000
0.000592463000000000
0.00360079000000000
0.00644682000000000
0.00892711000000000
0.0110479000000000
0.0127087000000000
0.0140538000000000
0.0154333000000000
0.0169594000000000
0.0185331000000000
0.0202839000000000
0.0222184000000000
0.0236983000000000
0.0237551000000000
0.0221113000000000
0.0195492000000000
0.0174893000000000
0.0171959000000000
0.0189031000000000
0.0211666000000000
0.0222329000000000
0.0222276000000000
0.0227641000000000
0.0241924000000000
0.0252918000000000
0.0258203000000000
0.0271060000000000
0.0293219000000000
0.0305587000000000
0.0296377000000000
0.0276900000000000
0.0261361000000000
0.0249060000000000
0.0236216000000000
0.0224100000000000
0.0211150000000000
0.0188793000000000
0.0154201000000000
0.0114636000000000
0.00783080000000000
0.00495926000000000
0.00327257000000000
0.00301054000000000
0.00377335000000000
0.00497445000000000
0.00628694000000000
0.00725879000000000
0.00711252000000000
0.00554514000000000
0.00308850000000000
0.000341501000000000
-0.00255759000000000
-0.00522538000000000
-0.00691960000000000
-0.00764211000000000
-0.00830080000000000
-0.00917579000000000
-0.00942685000000000
-0.00864316000000000
-0.00765612000000000
-0.00717118000000000
-0.00674756000000000
-0.00603708000000000
-0.00589662000000000
-0.00725773000000000
-0.00962174000000000
-0.0117218000000000
-0.0130962000000000
-0.0144211000000000
-0.0163067000000000
-0.0183825000000000
-0.0197276000000000
-0.0203883000000000
-0.0216541000000000
-0.0243325000000000
-0.0270518000000000
-0.0279041000000000
-0.0270650000000000
-0.0264176000000000
-0.0265880000000000
-0.0267017000000000
-0.0265206000000000
-0.0266845000000000
-0.0266581000000000
-0.0249297000000000
-0.0215220000000000
-0.0182068000000000
-0.0160292000000000
-0.0145361000000000
-0.0135094000000000
-0.0131892000000000
-0.0128746000000000
-0.0114727000000000
-0.00953969000000000
-0.00875098000000000
-0.00918715000000000
-0.00914910000000000
-0.00785775000000000
-0.00638551000000000
-0.00565812000000000
-0.00538024000000000
-0.00532223000000000
-0.00596493000000000
-0.00750918000000000
-0.00923922000000000
-0.0106546000000000
-0.0121347000000000
-0.0141053000000000
-0.0160900000000000
-0.0173558000000000
-0.0177284000000000
-0.0175646000000000
-0.0172052000000000
-0.0167388000000000
-0.0159499000000000
-0.0144964000000000
-0.0123944000000000
-0.0102204000000000
-0.00861607000000000
-0.00758794000000000
-0.00706627000000000
-0.00736357000000000
-0.00862096000000000
-0.00979206000000000
-0.00988218000000000
-0.00952925000000000
-0.0105851000000000
-0.0133865000000000
-0.0163939000000000
-0.0182636000000000
-0.0191198000000000
-0.0190973000000000
-0.0178038000000000
-0.0156407000000000
-0.0141767000000000
-0.0140247000000000
-0.0138371000000000
-0.0124388000000000
-0.0108334000000000
-0.0107211000000000
-0.0121069000000000
-0.0135490000000000
-0.0141304000000000
-0.0140472000000000
-0.0138384000000000
-0.0137578000000000
-0.0135028000000000
-0.0123429000000000
-0.00998115000000000
-0.00729050000000000
-0.00541116000000000
-0.00431920000000000
-0.00322037000000000
-0.00208600000000000
-0.00133495000000000
-0.000537680000000000
0.00127721000000000
0.00427573000000000
0.00799689000000000
0.0122346000000000
0.0167559000000000
0.0208177000000000
0.0239242000000000
0.0265827000000000
0.0291752000000000
0.0313237000000000
0.0327957000000000
0.0341382000000000
0.0355652000000000
0.0366593000000000
0.0371495000000000
0.0371680000000000
0.0365430000000000
0.0352005000000000
0.0339307000000000
0.0335198000000000
0.0333467000000000
0.0322460000000000
0.0302481000000000
0.0282793000000000
0.0266131000000000
0.0249482000000000
0.0235119000000000
0.0229887000000000
0.0233336000000000
0.0236216000000000
0.0230455000000000
0.0216568000000000
0.0201439000000000
0.0190445000000000
0.0180826000000000
0.0164573000000000
0.0138173000000000
0.0106085000000000
0.00739106000000000
0.00449481000000000
0.00250183000000000
0.00204240000000000
0.00250764000000000
0.00205019000000000
-0.000152007000000000
-0.00271655000000000
-0.00401331000000000
-0.00422274000000000
-0.00436386000000000
-0.00432700000000000
-0.00325658000000000
-0.00129046000000000
0.000465826000000000
0.00158825000000000
0.00271787000000000
0.00406326000000000
0.00467768000000000
0.00370742000000000
0.00206301000000000
0.00166397000000000
0.00290695000000000
0.00378617000000000
0.00256446000000000
2.36058000000000e-05
-0.00195796000000000
-0.00281631000000000
-0.00276821000000000
-0.00127186000000000
0.00178804000000000
0.00454475000000000
0.00500445000000000
0.00383955000000000
0.00333163000000000
0.00442451000000000
0.00632341000000000
0.00814026000000000
0.00942249000000000
0.00984822000000000
0.00972719000000000
0.00986857000000000
0.0103933000000000
0.0103885000000000
0.00938668000000000
0.00790453000000000
0.00661160000000000
0.00579646000000000
0.00566604000000000
0.00612362000000000
0.00638604000000000
0.00579606000000000
0.00456352000000000
0.00299826000000000
0.000819787000000000
-0.00191436000000000
-0.00430308000000000
-0.00590494000000000
-0.00727953000000000
-0.00863497000000000
-0.00926102000000000
-0.00910959000000000
-0.00945208000000000
-0.0109990000000000
-0.0125246000000000
-0.0125644000000000
-0.0114406000000000
-0.0106450000000000
-0.0108448000000000
-0.0116529000000000
-0.0127741000000000
-0.0145810000000000
-0.0172488000000000
-0.0198888000000000
-0.0211970000000000
-0.0212749000000000
-0.0216726000000000
-0.0229372000000000
-0.0233058000000000
-0.0211467000000000
-0.0175567000000000
-0.0150382000000000
-0.0142982000000000
-0.0141886000000000
-0.0140128000000000
-0.0141000000000000
-0.0144198000000000
-0.0144964000000000
-0.0143366000000000
-0.0143101000000000
-0.0144105000000000
-0.0144211000000000
-0.0142560000000000
-0.0135411000000000
-0.0117706000000000
-0.00938536000000000
-0.00764911000000000
-0.00696136000000000
-0.00640322000000000
-0.00531285000000000
-0.00395729000000000
-0.00261427000000000
-0.00110265000000000
0.000364756000000000
0.00111375000000000
0.00122537000000000
0.00160239000000000
0.00250619000000000
0.00314440000000000
0.00309987000000000
0.00272077000000000
0.00195175000000000
-9.93081000000000e-06
-0.00326649000000000
-0.00629566000000000
-0.00734098000000000
-0.00610195000000000
-0.00365589000000000
-0.000941205000000000
0.00187525000000000
0.00492649000000000
0.00788497000000000
0.0102416000000000
0.0119633000000000
0.0132980000000000
0.0140617000000000
0.0137697000000000
0.0127257000000000
0.0119662000000000
0.0117651000000000
0.0108996000000000
0.00842712000000000
0.00523093000000000
0.00279609000000000
0.00124667000000000
-0.000392319000000000
-0.00237022000000000
-0.00385858000000000
-0.00425855000000000
-0.00393297000000000
-0.00350076000000000
-0.00321363000000000
-0.00333480000000000
-0.00424124000000000
-0.00591300000000000
-0.00738075000000000
-0.00747655000000000
-0.00596454000000000
-0.00389109000000000
-0.00245135000000000
-0.00194871000000000
-0.00182570000000000
-0.00173003000000000
-0.00201465000000000
-0.00315325000000000
-0.00502374000000000
-0.00716022000000000
-0.00925401000000000
-0.0108937000000000
-0.0112899000000000
-0.0100347000000000
-0.00769259000000000
-0.00512205000000000
-0.00258811000000000
-0.000307476000000000
0.000947138000000000
0.000680187000000000
-0.000279900000000000
-0.000772932000000000
-0.000895394000000000
-0.00148003000000000
-0.00242849000000000
-0.00262947000000000
-0.00134394000000000
0.00109445000000000
0.00379608000000000
0.00609971000000000
0.00794153000000000
0.00969627000000000
0.0114867000000000
0.0128329000000000
0.0132240000000000
0.0130230000000000
0.0131407000000000
0.0141199000000000
0.0159724000000000
0.0185041000000000
0.0210463000000000
0.0223386000000000
0.0216343000000000
0.0194528000000000
0.0167533000000000
0.0136891000000000
0.0103293000000000
0.00783833000000000
0.00762110000000000
0.00919918000000000
0.0107495000000000
0.0115590000000000
0.0127067000000000
0.0148611000000000
0.0171603000000000
0.0182755000000000
0.0177073000000000
0.0155377000000000
0.0123224000000000
0.00935245000000000
0.00784613000000000
0.00729116000000000
0.00584667000000000
0.00289400000000000
9.99278000000000e-06
-0.00113824000000000
-0.000712058000000000
0.000171827000000000
0.00109784000000000
0.00221761000000000
0.00326873000000000
0.00395662000000000
0.00454475000000000
0.00514715000000000
0.00495582000000000
0.00317849000000000
0.000166515000000000
-0.00305322000000000
-0.00572894000000000
-0.00710023000000000
-0.00622537000000000
-0.00328552000000000
-9.76603000000000e-05
0.00168405000000000
0.00208442000000000
0.00186322000000000
0.00128592000000000
0.000401067000000000
-0.000390998000000000
-0.000965161000000000
-0.00171814000000000
-0.00270967000000000
-0.00339228000000000
-0.00369460000000000
-0.00428815000000000
-0.00541473000000000
-0.00632553000000000
-0.00627479000000000
-0.00551092000000000
-0.00489425000000000
-0.00488989000000000
-0.00529660000000000
-0.00576343000000000
-0.00621453000000000
-0.00673924000000000
-0.00707525000000000
-0.00678852000000000
-0.00612151000000000
-0.00603060000000000
-0.00679143000000000
-0.00734335000000000
-0.00663155000000000
-0.00478828000000000
-0.00259538000000000
-0.000301451000000000
0.00208455000000000
0.00423397000000000
0.00578985000000000
0.00706548000000000
0.00853904000000000
0.00997071000000000
0.0104119000000000
0.00912730000000000
0.00637415000000000
0.00330732000000000
0.000894509000000000
-0.00130679000000000
-0.00441870000000000
-0.00824398000000000
-0.0109690000000000
-0.0116291000000000
-0.0114764000000000
-0.0122739000000000
-0.0141502000000000
-0.0160873000000000
-0.0173545000000000
-0.0175752000000000
-0.0162789000000000
-0.0136455000000000
-0.0110451000000000
-0.00985470000000000
-0.0101402000000000
-0.0111039000000000
-0.0121365000000000
-0.0127603000000000
-0.0122986000000000
-0.0103720000000000
-0.00763815000000000
-0.00536782000000000
-0.00423913000000000
-0.00395187000000000
-0.00406312000000000
-0.00478445000000000
-0.00653787000000000
-0.00910920000000000
-0.0115900000000000
-0.0134156000000000
-0.0147171000000000
-0.0156619000000000
-0.0160635000000000
-0.0160556000000000
-0.0160252000000000
-0.0158032000000000
-0.0146299000000000
-0.0123430000000000
-0.00978942000000000
-0.00785855000000000
-0.00675668000000000
-0.00613935000000000
-0.00550933000000000
-0.00444605000000000
-0.00331247000000000
-0.00291765000000000
-0.00317796000000000
-0.00297011000000000
-0.00202496000000000
-0.00147805000000000
-0.00175804000000000
-0.00167784000000000
-0.000700351000000000
-0.000479052000000000
-0.00248095000000000
-0.00561002000000000
-0.00753957000000000
-0.00743440000000000
-0.00616881000000000
-0.00484562000000000
-0.00403868000000000
-0.00369619000000000
-0.00304516000000000
-0.00113589000000000
0.00193154000000000
0.00490971000000000
0.00665335000000000
0.00708820000000000
0.00687309000000000
0.00673858000000000
0.00706085000000000
0.00776341000000000
0.00851380000000000
0.00922838000000000
0.0100929000000000
0.0110086000000000
0.0115820000000000
0.0119209000000000
0.0125940000000000
0.0134962000000000
0.0136772000000000
0.0129498000000000
0.0124351000000000
0.0129910000000000
0.0137499000000000
0.0133997000000000
0.0119614000000000
0.0104880000000000
0.00944812000000000
0.00869443000000000
0.00859110000000000
0.00984254000000000
0.0121397000000000
0.0139587000000000
0.0142533000000000
0.0136534000000000
0.0133931000000000
0.0135953000000000
0.0135305000000000
0.0132279000000000
0.0137182000000000
0.0155694000000000
0.0179716000000000
0.0196365000000000
0.0198637000000000
0.0184803000000000
0.0156764000000000
0.0123736000000000
0.00980356000000000
0.00821148000000000
0.00673950000000000
0.00492239000000000
0.00342796000000000
0.00279715000000000
0.00243827000000000
0.00162802000000000
0.000635103000000000
-7.48738000000000e-05
-0.000938218000000000
-0.00242228000000000
-0.00368033000000000
-0.00333348000000000
-0.00145242000000000
0.000460910000000000
0.00129994000000000
0.00117774000000000
0.000528748000000000
-0.000406550000000000
-0.00116705000000000
-0.00114382000000000
-0.000541499000000000
-0.000361294000000000
-0.000991614000000000
-0.00151571000000000
-0.00107379000000000
-0.000225368000000000
-0.000330811000000000
-0.00194237000000000
-0.00448397000000000
-0.00717700000000000
-0.00940095000000000
-0.0105039000000000
-0.0101093000000000
-0.00876512000000000
-0.00747826000000000
-0.00670264000000000
-0.00607685000000000
-0.00517133000000000
-0.00388963000000000
-0.00247646000000000
-0.00156500000000000
-0.00191700000000000
-0.00363144000000000
-0.00606284000000000
-0.00851102000000000
-0.0105698000000000
-0.0117841000000000
-0.0118860000000000
-0.0112081000000000
-0.0103180000000000
-0.00903071000000000
-0.00696981000000000
-0.00470490000000000
-0.00351569000000000
-0.00382594000000000
-0.00489597000000000
-0.00582949000000000
-0.00600061000000000
-0.00489425000000000
-0.00247593000000000
0.000106084000000000
0.00155588000000000
0.00176267000000000
0.00155310000000000
0.00124917000000000
0.000742105000000000
0.000439742000000000
0.000914857000000000
0.00164533000000000
0.00140406000000000
-9.24648000000000e-05
-0.00199523000000000
-0.00359048000000000
-0.00457250000000000
-0.00435461000000000
-0.00234485000000000
0.000977608000000000
0.00420702000000000
0.00619445000000000
0.00670924000000000
0.00606879000000000
0.00489359000000000
0.00392835000000000
0.00387470000000000
0.00509073000000000
0.00734468000000000
0.00954722000000000
0.0104703000000000
0.0102814000000000
0.0105916000000000
0.0121587000000000
0.0134446000000000
0.0126637000000000
0.0102984000000000
0.00794536000000000
0.00575193000000000
0.00273095000000000
-0.000716022000000000
-0.00294937000000000
-0.00347341000000000
-0.00351728000000000
-0.00363316000000000
-0.00309828000000000
-0.00188318000000000
-0.00140815000000000
-0.00224615000000000
-0.00320280000000000
-0.00337035000000000
-0.00366355000000000
-0.00496137000000000
-0.00654156000000000
-0.00756494000000000
-0.00858343000000000
-0.0100406000000000
-0.0108814000000000
-0.0100869000000000
-0.00838484000000000
-0.00711516000000000
-0.00658742000000000
-0.00687560000000000
-0.00868584000000000
-0.0117598000000000
-0.0140208000000000
-0.0139045000000000
-0.0123017000000000
-0.0109264000000000
-0.0101837000000000
-0.00963179000000000
-0.00913840000000000
-0.00834572000000000
-0.00638340000000000
-0.00320412000000000
0.000151849000000000
0.00306551000000000
0.00557738000000000
0.00713022000000000
0.00691194000000000
0.00549916000000000
0.00416289000000000
0.00289876000000000
0.000763854000000000
-0.00175157000000000
-0.00302376000000000
-0.00249852000000000
-0.00130130000000000
-0.000398992000000000
5.25326000000000e-05
3.77243000000000e-05
-0.000642383000000000
-0.00176333000000000
-0.00260093000000000
-0.00252720000000000
-0.00166330000000000
-0.000752266000000000
-6.11596000000000e-05
0.00123146000000000
0.00380308000000000
0.00670501000000000
0.00825231000000000
0.00808608000000000
0.00705068000000000
0.00555637000000000
0.00377322000000000
0.00280878000000000
0.00375644000000000
0.00583663000000000
0.00738868000000000
0.00819113000000000
0.00916760000000000
0.0103332000000000
0.0109130000000000
0.0109041000000000
0.0107890000000000
0.0103357000000000
0.00907629000000000
0.00744853000000000
0.00625510000000000
0.00551726000000000
0.00476859000000000
0.00400710000000000
0.00363091000000000
0.00376913000000000
0.00429542000000000
0.00490337000000000
0.00505162000000000
0.00440350000000000
0.00362589000000000
0.00371244000000000
0.00457092000000000
0.00493666000000000
0.00423754000000000
0.00313409000000000
0.00219435000000000
0.000978136000000000
-0.000633094000000000
-0.00189401000000000
-0.00253103000000000
-0.00360026000000000
-0.00572511000000000
-0.00782419000000000
-0.00865320000000000
-0.00852424000000000
-0.00837070000000000
-0.00834929000000000
-0.00834506000000000
-0.00870790000000000
-0.00947428000000000
-0.00980118000000000
-0.00901155000000000
-0.00752821000000000
-0.00627915000000000
-0.00592172000000000
-0.00674373000000000
-0.00852305000000000
-0.0104497000000000
-0.0116635000000000
-0.0118510000000000
-0.0111439000000000
-0.00991852000000000
-0.00868267000000000
-0.00767580000000000
-0.00643150000000000
-0.00456550000000000
-0.00275989000000000
-0.00210186000000000
-0.00242691000000000
-0.00248425000000000
-0.00164890000000000
-0.000507593000000000
0.000454423000000000
0.00159843000000000
0.00307053000000000
0.00399283000000000
0.00359788000000000
0.00263119000000000
0.00235252000000000
0.00264453000000000
0.00228367000000000
0.000962505000000000
-0.000439742000000000
-0.00131896000000000
-0.00189533000000000
-0.00235820000000000
-0.00272778000000000
-0.00352507000000000
-0.00527770000000000
-0.00738101000000000
-0.00869971000000000
-0.00915729000000000
-0.00950177000000000
-0.0100536000000000
-0.0107388000000000
-0.0116040000000000
-0.0124503000000000
-0.0125563000000000
-0.0115771000000000
-0.0100409000000000
-0.00853679000000000
-0.00688749000000000
-0.00482105000000000
-0.00246747000000000
0.000211230000000000
0.00357674000000000
0.00727702000000000
0.0101681000000000
0.0117517000000000
0.0127096000000000
0.0136257000000000
0.0141410000000000
0.0140578000000000
0.0141463000000000
0.0150369000000000
0.0159037000000000
0.0155667000000000
0.0143722000000000
0.0138093000000000
0.0141833000000000
0.0142031000000000
0.0131459000000000
0.0122244000000000
0.0127334000000000
0.0139534000000000
0.0141238000000000
0.0130504000000000
0.0122527000000000
0.0126953000000000
0.0137089000000000
0.0142586000000000
0.0142084000000000
0.0138318000000000
0.0131627000000000
0.0124466000000000
0.0125024000000000
0.0137789000000000
0.0154267000000000
0.0160147000000000
0.0150104000000000
0.0130509000000000
0.0108916000000000
0.00874900000000000
0.00681588000000000
0.00559297000000000
0.00531430000000000
0.00539887000000000
0.00520186000000000
0.00486122000000000
0.00492305000000000
0.00524189000000000
0.00488632000000000
0.00307542000000000
5.05083000000000e-05
-0.00317360000000000
-0.00576184000000000
-0.00759375000000000
-0.00885603000000000
-0.00963892000000000
-0.00985919000000000
-0.00954378000000000
-0.00895632000000000
-0.00850177000000000
-0.00849266000000000
-0.00911673000000000
-0.0103571000000000
-0.0119227000000000
-0.0132583000000000
-0.0138133000000000
-0.0135570000000000
-0.0131584000000000
-0.0131109000000000
-0.0132009000000000
-0.0132213000000000
-0.0136917000000000
-0.0147515000000000
-0.0152258000000000
-0.0140445000000000
-0.0122837000000000
-0.0119517000000000
-0.0131468000000000
-0.0141806000000000
-0.0142005000000000
-0.0138424000000000
-0.0133654000000000
-0.0121604000000000
-0.0103395000000000
-0.00900626000000000
-0.00844284000000000
-0.00760630000000000
-0.00602069000000000
-0.00460210000000000
-0.00420940000000000
-0.00442293000000000
-0.00440469000000000
-0.00395213000000000
-0.00334801000000000
-0.00283600000000000
-0.00264625000000000
-0.00285674000000000
-0.00321694000000000
-0.00348319000000000
-0.00369923000000000
-0.00381299000000000
-0.00362233000000000
-0.00341554000000000
-0.00385515000000000
-0.00475974000000000
-0.00493283000000000
-0.00379093000000000
-0.00214810000000000
-0.000946728000000000
-0.000356273000000000
-0.000358189000000000
-0.000939077000000000
-0.00130938000000000
-0.000359762000000000
0.00186930000000000
0.00400604000000000
0.00504871000000000
0.00517411000000000
0.00505083000000000
0.00502176000000000
0.00505743000000000
0.00484774000000000
0.00421891000000000
0.00367584000000000
0.00399970000000000
0.00506840000000000
0.00590904000000000
0.00600272000000000
0.00572141000000000
0.00521190000000000
0.00412034000000000
0.00253579000000000
0.00135662000000000
0.00111357000000000
0.00139402000000000
0.00154293000000000
0.00153738000000000
0.00171034000000000
0.00216713000000000
0.00258798000000000
0.00260040000000000
0.00217017000000000
0.00164877000000000
0.00149734000000000
0.00198532000000000
0.00323306000000000
0.00498093000000000
0.00641961000000000
0.00667951000000000
0.00594604000000000
0.00519512000000000
0.00485051000000000
0.00433056000000000
0.00314175000000000
0.00156764000000000
0.000113631000000000
-0.00103698000000000
-0.00168709000000000
-0.00151835000000000
-0.000843029000000000
-0.000697563000000000
-0.00153051000000000
-0.00239414000000000
-0.00185530000000000
0.000406881000000000
0.00346680000000000
0.00642608000000000
0.00913377000000000
0.0113193000000000
0.0121829000000000
0.0115723000000000
0.0106282000000000
0.0103523000000000
0.0100151000000000
0.00829921000000000
0.00543587000000000
0.00292822000000000
0.00143273000000000
0.000405943000000000
-0.000533663000000000
-0.00113748000000000
-0.00139745000000000
-0.00158310000000000
-0.00142956000000000
-0.000244105000000000
0.00174628000000000
0.00338779000000000
0.00392993000000000
0.00375723000000000
0.00347764000000000
0.00312259000000000
0.00245400000000000
0.00173241000000000
0.00159182000000000
0.00221959000000000
0.00300751000000000
0.00329992000000000
0.00321112000000000
0.00333573000000000
0.00357634000000000
0.00311995000000000
0.00166819000000000
-0.000121988000000000
-0.00185794000000000
-0.00388422000000000
-0.00609469000000000
-0.00733873000000000
-0.00697866000000000
-0.00586662000000000
-0.00496758000000000
-0.00392412000000000
-0.00209988000000000
1.98783000000000e-05
0.00140815000000000
0.00190960000000000
0.00224218000000000
0.00291329000000000
0.00349032000000000
0.00290920000000000
0.000678403000000000
-0.00214018000000000
-0.00374521000000000
-0.00340206000000000
-0.00196629000000000
-0.000516816000000000
0.000427361000000000
0.000473886000000000
-0.000766061000000000
-0.00280983000000000
-0.00464557000000000
-0.00587640000000000
-0.00677980000000000
-0.00720686000000000
-0.00683530000000000
-0.00586015000000000
-0.00473344000000000
-0.00332859000000000
-0.00158257000000000
-0.000177258000000000
-2.50817000000000e-05
-0.00123240000000000
-0.00325962000000000
-0.00541657000000000
-0.00707473000000000
-0.00793479000000000
-0.00826750000000000
-0.00833753000000000
-0.00777636000000000
-0.00626527000000000
-0.00424256000000000
-0.00217757000000000
9.46133000000000e-05
0.00229068000000000
0.00325579000000000
0.00269593000000000
0.00211877000000000
0.00285040000000000
0.00420358000000000
0.00464491000000000
0.00383440000000000
0.00247038000000000
0.00112895000000000
0.000301028000000000
0.000681072000000000
0.00244157000000000
0.00471811000000000
0.00627413000000000
0.00626223000000000
0.00466777000000000
0.00240378000000000
0.000857339000000000
0.000533914000000000
0.000662851000000000
0.000251636000000000
-0.000698844000000000
-0.00156130000000000
-0.00190009000000000
-0.00183891000000000
-0.00172924000000000
-0.00181367000000000
-0.00193735000000000
-0.00168920000000000
-0.000853005000000000
0.000470173000000000
0.00201161000000000
0.00318390000000000
0.00309855000000000
0.00169052000000000
0.000167731000000000
-0.000491539000000000
-0.000914831000000000
-0.00201505000000000
-0.00326873000000000
-0.00369328000000000
-0.00373094000000000
-0.00440126000000000
-0.00531391000000000
-0.00526925000000000
-0.00435105000000000
-0.00365126000000000
-0.00330705000000000
-0.00223241000000000
0.000191687000000000
0.00345940000000000
0.00668427000000000
0.00922468000000000
0.0104601000000000
0.0100343000000000
0.00843425000000000
0.00678430000000000
0.00558293000000000
0.00436796000000000
0.00273452000000000
0.00118745000000000
0.000263978000000000
-0.000431497000000000
-0.00169555000000000
-0.00329886000000000
-0.00428432000000000
-0.00436016000000000
-0.00399732000000000
-0.00324865000000000
-0.00178923000000000
-0.000152152000000000
0.000555413000000000
0.000187445000000000
-0.000249152000000000
-0.000184776000000000
-9.08105000000000e-06
-5.94458000000000e-05
-0.000153632000000000
-0.000256301000000000
-0.000663142000000000
-0.00130058000000000
-0.00170955000000000
-0.00171352000000000
-0.00175593000000000
-0.00233719000000000
-0.00342703000000000
-0.00420702000000000
-0.00367769000000000
-0.00180046000000000
8.28111000000000e-05
0.000629223000000000
-0.000101384000000000
-0.00109944000000000
-0.00176848000000000
-0.00200725000000000
-0.00168788000000000
-0.000914329000000000
-0.000280679000000000
-0.000116450000000000
-6.32804000000000e-05
3.00262000000000e-05
-0.000393310000000000
-0.00170215000000000
-0.00338752000000000
-0.00474348000000000
-0.00538711000000000
-0.00501383000000000
-0.00367703000000000
-0.00216119000000000
-0.00120716000000000
-0.000591882000000000
1.93973000000000e-05
9.70208000000000e-05
-0.000711833000000000
-0.00129219000000000
-0.000512680000000000
0.000625246000000000
0.000326821000000000
-0.00120315000000000
-0.00208204000000000
-0.00154531000000000
-0.000581113000000000
-0.000115243000000000
-1.92837000000000e-05
-0.000127276000000000
-0.000496309000000000
-0.000602915000000000
0.000398953000000000
0.00222712000000000
0.00361215000000000
0.00387100000000000
0.00350843000000000
0.00325103000000000
0.00327864000000000
0.00336387000000000
0.00310172000000000
0.00217255000000000
0.000787163000000000
-0.000432898000000000
-0.00135186000000000
-0.00239308000000000
-0.00362867000000000
-0.00461822000000000
-0.00541314000000000
-0.00640890000000000
-0.00719233000000000
-0.00687388000000000
-0.00568124000000000
-0.00464901000000000
-0.00365258000000000
-0.00167969000000000
0.000961448000000000
0.00257120000000000
0.00264295000000000
0.00238951000000000
0.00239348000000000
0.00163146000000000
-0.000323160000000000
-0.00203368000000000
-0.00219065000000000
-0.00165670000000000
-0.00224839000000000
-0.00423120000000000
-0.00605505000000000
-0.00633927000000000
-0.00517292000000000
-0.00340933000000000
-0.00158587000000000
0.000208904000000000
0.00181790000000000
0.00292096000000000
0.00333229000000000
0.00327957000000000
0.00315602000000000
0.00323068000000000
0.00356326000000000
0.00405440000000000
0.00450683000000000
0.00485170000000000
0.00514610000000000
0.00535791000000000
0.00522458000000000
0.00460897000000000
0.00372288000000000
0.00313198000000000
0.00337140000000000
0.00464597000000000
0.00662309000000000
0.00858845000000000
0.00981043000000000
0.00998115000000000
0.00932880000000000
0.00827305000000000
0.00705623000000000
0.00576554000000000
0.00456510000000000
0.00370742000000000
0.00333850000000000
0.00341818000000000
0.00375116000000000
0.00383215000000000
0.00308309000000000
0.00167467000000000
0.000815492000000000
0.00133865000000000
0.00258296000000000
0.00334352000000000
0.00347566000000000
0.00345333000000000
0.00310449000000000
0.00219118000000000
0.00167467000000000
0.00261057000000000
0.00414690000000000
0.00447657000000000
0.00334088000000000
0.00192044000000000
0.000893200000000000
2.42242000000000e-05
-0.000745844000000000
-0.00126669000000000
-0.00167520000000000
-0.00211467000000000
-0.00214731000000000
-0.00146352000000000
-0.000566525000000000
-0.000286308000000000
-0.000968847000000000
-0.00235674000000000
-0.00370359000000000
-0.00424891000000000
-0.00405269000000000
-0.00388567000000000
-0.00405969000000000
-0.00413078000000000
-0.00396389000000000
-0.00397803000000000
-0.00417200000000000
-0.00410197000000000
-0.00394711000000000
-0.00432700000000000
-0.00515838000000000
-0.00569842000000000
-0.00561755000000000
-0.00497498000000000
-0.00373266000000000
-0.00215960000000000
-0.00131010000000000
-0.00188357000000000
-0.00336506000000000
-0.00481589000000000
-0.00591882000000000
-0.00669973000000000
-0.00734890000000000
-0.00814237000000000
-0.00906612000000000
-0.00949516000000000
-0.00922045000000000
-0.00891694000000000
-0.00906823000000000
-0.00906163000000000
-0.00835405000000000
-0.00744682000000000
-0.00679857000000000
-0.00600655000000000
-0.00486227000000000
-0.00414743000000000
-0.00426265000000000
-0.00433572000000000
-0.00352481000000000
-0.00231658000000000
-0.00156064000000000
-0.00110055000000000
-0.000324323000000000
0.000740995000000000
0.00163780000000000
0.00242175000000000
0.00333969000000000
0.00415760000000000
0.00444129000000000
0.00438804000000000
0.00446627000000000
0.00457713000000000
0.00425062000000000
0.00355150000000000
0.00290114000000000
0.00229160000000000
0.00149100000000000
0.000858502000000000
0.000974014000000000
0.00174113000000000
0.00244831000000000
0.00270743000000000
0.00281604000000000
0.00327864000000000
0.00429476000000000
0.00568837000000000
0.00697681000000000
0.00752055000000000
0.00688234000000000
0.00513975000000000
0.00299945000000000
0.00142797000000000
0.000842144000000000
0.000812625000000000
0.000911025000000000
0.00107697000000000
0.000990359000000000
0.000142467000000000
-0.000889923000000000
-0.000713234000000000
0.000697496000000000
0.00162710000000000
0.00123897000000000
0.000708080000000000
0.000907035000000000
0.00108189000000000
0.000764462000000000
0.000902001000000000
0.00179240000000000
0.00213251000000000
0.00131427000000000
0.000768664000000000
0.00155363000000000
0.00259247000000000
0.00239665000000000
0.00105127000000000
-0.000208640000000000
-0.000498727000000000
0.000267994000000000
0.00144608000000000
0.00240603000000000
0.00326728000000000
0.00460646000000000
0.00592542000000000
0.00596599000000000
0.00484272000000000
0.00412060000000000
0.00433215000000000
0.00433585000000000
0.00368892000000000
0.00334828000000000
0.00376437000000000
0.00415800000000000
0.00440773000000000
0.00505902000000000
0.00556113000000000
0.00458360000000000
0.00250632000000000
0.00110250000000000
0.000841946000000000
0.000487549000000000
-0.000522287000000000
-0.00122693000000000
-0.000978850000000000
-0.000577149000000000
-0.00123944000000000
-0.00305005000000000
-0.00479832000000000
-0.00501753000000000
-0.00355137000000000
-0.00171986000000000
-0.000754261000000000
-0.000370517000000000
0.000155588000000000
0.000589675000000000
0.000571533000000000
0.000840122000000000
0.00231724000000000
0.00443416000000000
0.00583835000000000
0.00610922000000000
0.00597881000000000
0.00596850000000000
0.00600180000000000
0.00600721000000000
0.00604791000000000
0.00585962000000000
0.00498384000000000
0.00360251000000000
0.00256446000000000
0.00227945000000000
0.00194924000000000
0.000656575000000000
-0.00122132000000000
-0.00248425000000000
-0.00279702000000000
-0.00282529000000000
-0.00286929000000000
-0.00260185000000000
-0.00195017000000000
-0.00117517000000000
-0.000167136000000000
0.00120135000000000
0.00227191000000000
0.00213053000000000
0.000724848000000000
-0.00123561000000000
-0.00304701000000000
-0.00417134000000000
-0.00444737000000000
-0.00440482000000000
-0.00469129000000000
-0.00526621000000000
-0.00588446000000000
-0.00677756000000000
-0.00783291000000000
-0.00793743000000000
-0.00653245000000000
-0.00472921000000000
-0.00376278000000000
-0.00331168000000000
-0.00258877000000000
-0.00170334000000000
-0.00113462000000000
-0.000707763000000000
-0.000216264000000000
-5.30122000000000e-05
-0.000500934000000000
-0.00105857000000000
-0.00120010000000000
-0.000886660000000000
-0.000415853000000000
-0.000155760000000000
-0.000447789000000000
-0.000976048000000000
-0.00100405000000000
-0.000277852000000000
0.000513460000000000
0.000788193000000000
0.000696915000000000
0.000546137000000000
0.000217136000000000
-0.000278459000000000
-0.000581747000000000
-0.000608187000000000
-0.000793426000000000
-0.00136865000000000
-0.00205944000000000
-0.00258639000000000
-0.00294236000000000
-0.00287035000000000
-0.00214969000000000
-0.00140644000000000
-0.00175950000000000
-0.00314862000000000
-0.00434761000000000
-0.00454872000000000
-0.00417280000000000
-0.00374323000000000
-0.00327124000000000
-0.00278169000000000
-0.00260410000000000
-0.00269422000000000
-0.00269805000000000
-0.00265788000000000
-0.00273372000000000
-0.00252165000000000
-0.00159552000000000
-0.000427441000000000
0.000312339000000000
0.000734243000000000
0.00121947000000000
0.00134962000000000
0.000568904000000000
-0.000625867000000000
-0.00120835000000000
-0.00105756000000000
-0.000867038000000000
-0.000926908000000000
-0.000820923000000000
-0.000315100000000000
0.000145916000000000
4.69354000000000e-05
-0.000428471000000000
-0.000703813000000000
-0.000797033000000000
-0.00133984000000000
-0.00236467000000000
-0.00293827000000000
-0.00268642000000000
-0.00259802000000000
-0.00343337000000000
-0.00438381000000000
-0.00450617000000000
-0.00431180000000000
-0.00446323000000000
-0.00428392000000000
-0.00322262000000000
-0.00236903000000000
-0.00252905000000000
-0.00231288000000000
-0.000304437000000000
0.00229094000000000
0.00332185000000000
0.00288251000000000
0.00248188000000000
0.00244963000000000
0.00225830000000000
0.00240563000000000
0.00374019000000000
0.00569194000000000
0.00682394000000000
0.00663446000000000
0.00560817000000000
0.00426529000000000
0.00312510000000000
0.00261890000000000
0.00243127000000000
0.00174536000000000
0.000501925000000000
-0.000541909000000000
-0.000913747000000000
-0.000891113000000000
-0.000812202000000000
-0.000903665000000000
-0.00155654000000000
-0.00272157000000000
-0.00348557000000000
-0.00308375000000000
-0.00203288000000000
-0.00121828000000000
-0.000878190000000000
-0.000777332000000000
-0.000877912000000000
-0.00103581000000000
-0.000870460000000000
-0.000198756000000000
0.000742026000000000
0.00159261000000000
0.00201082000000000
0.00179676000000000
0.00132085000000000
0.00118273000000000
0.00121585000000000
0.000677703000000000
-0.000213172000000000
-0.000278631000000000
0.000803759000000000
0.00212300000000000
0.00318311000000000
0.00425789000000000
0.00499665000000000
0.00446666000000000
0.00275249000000000
0.00110909000000000
0.000334101000000000
8.69363000000000e-05
-7.76922000000000e-05
-4.18416000000000e-05
0.000490825000000000
0.00151056000000000
0.00263224000000000
0.00310423000000000
0.00251887000000000
0.00150831000000000
0.00123066000000000
0.00199192000000000
0.00302481000000000
0.00348900000000000
0.00329490000000000
0.00276319000000000
0.00198518000000000
0.000897164000000000
-0.000166397000000000
-0.000646480000000000
-0.000657315000000000
-0.00112724000000000
-0.00251042000000000
-0.00397869000000000
-0.00456405000000000
-0.00441354000000000
-0.00408440000000000
-0.00348900000000000
-0.00253618000000000
-0.00181698000000000
-0.00156103000000000
-0.000885510000000000
0.000666049000000000
0.00193114000000000
0.00176703000000000
0.000751249000000000
2.83454000000000e-05
-0.000476555000000000
-0.00120827000000000
-0.00163410000000000
-0.00130427000000000
-0.00117903000000000
-0.00209089000000000
-0.00291210000000000
-0.00229319000000000
-0.00101939000000000
-0.000865294000000000
-0.00181407000000000
-0.00249747000000000
-0.00242281000000000
-0.00201927000000000
-0.00122554000000000
0.000131669000000000
0.00130842000000000
0.00159446000000000
0.00129861000000000
0.000808542000000000
-7.12969000000000e-05
-0.000933065000000000
-0.000718308000000000
0.000313184000000000
0.000527149000000000
-0.000483479000000000
-0.00125089000000000
-0.00101926000000000
-0.000712917000000000
-0.000850349000000000
-0.000700509000000000
-0.000101644000000000
-4.85329000000000e-05
-0.000704539000000000
-0.000793082000000000
0.000464425000000000
0.00216489000000000
0.00316792000000000
0.00339439000000000
0.00347367000000000
0.00374680000000000
0.00410845000000000
0.00433479000000000
0.00441434000000000
0.00437245000000000
0.00408413000000000
0.00334458000000000
0.00233019000000000
0.00136415000000000
0.000528735000000000
-0.000377613000000000
-0.00121589000000000
-0.00168564000000000
-0.00164243000000000
-0.00103336000000000
0.000422776000000000
0.00251663000000000
0.00409233000000000
0.00425234000000000
0.00374865000000000
0.00404291000000000
0.00523925000000000
0.00615732000000000
0.00618811000000000
0.00599321000000000
0.00612693000000000
0.00615692000000000
0.00539292000000000
0.00387906000000000
0.00220611000000000
0.000928626000000000
0.000329424000000000
0.000366368000000000
0.000665309000000000
0.000812744000000000
0.000815770000000000
0.000853957000000000
0.000869324000000000
0.000734679000000000
0.000715599000000000
0.00108584000000000
0.00154504000000000
0.00151981000000000
0.00101339000000000
0.000657711000000000
0.000871306000000000
0.00146365000000000
0.00202416000000000
0.00228685000000000
0.00205455000000000
0.00134552000000000
0.000644022000000000
0.000512654000000000
0.000936620000000000
0.00130280000000000
0.00124412000000000
0.000991270000000000
0.000811951000000000
0.000454436000000000
-0.000229226000000000
-0.000821795000000000
-0.000951141000000000
-0.000900917000000000
-0.00100789000000000
-0.000989949000000000
-0.000568190000000000
-0.000201478000000000
-0.000590217000000000
-0.00163476000000000
-0.00276438000000000
-0.00365602000000000
-0.00429898000000000
-0.00454053000000000
-0.00430189000000000
-0.00383282000000000
-0.00375089000000000
-0.00456920000000000
-0.00611794000000000
-0.00728561000000000
-0.00710089000000000
-0.00607579000000000
-0.00563314000000000
-0.00603562000000000
-0.00611015000000000
-0.00532117000000000
-0.00452678000000000
-0.00438514000000000
-0.00441500000000000
-0.00435686000000000
-0.00477401000000000
-0.00581522000000000
-0.00651699000000000
-0.00618969000000000
-0.00515653000000000
-0.00402481000000000
-0.00306987000000000
-0.00262458000000000
-0.00273055000000000
-0.00274033000000000
-0.00215114000000000
-0.00159354000000000
-0.00178355000000000
-0.00227258000000000
-0.00234300000000000
-0.00233375000000000
-0.00263409000000000
-0.00254186000000000
-0.00157927000000000
-0.000889276000000000
-0.00149100000000000
-0.00252720000000000
-0.00262802000000000
-0.00198188000000000
-0.00134724000000000
-0.000573515000000000
0.000565746000000000
0.00127659000000000
0.00106381000000000
0.000804049000000000
0.00134460000000000
0.00224945000000000
0.00276266000000000
0.00299429000000000
0.00337642000000000
0.00404819000000000
0.00487826000000000
0.00552215000000000
0.00537363000000000
0.00445873000000000
0.00378075000000000
0.00414611000000000
0.00510196000000000
0.00577069000000000
0.00600589000000000
0.00604157000000000
0.00569987000000000
0.00469235000000000
0.00335687000000000
0.00236917000000000
0.00200461000000000
0.00190511000000000
0.00146233000000000
0.000436386000000000
-0.000690559000000000
-0.00122927000000000
-0.00115565000000000
-0.000984769000000000
-0.00101639000000000
-0.00114753000000000
-0.00116602000000000
-0.000798011000000000
0.000290061000000000
0.00190498000000000
0.00314136000000000
0.00324125000000000
0.00261758000000000