0.000379063000000000
0.00105864000000000
0.00147492000000000
0.00191683000000000
0.00249705000000000
0.00270865000000000
0.00356480000000000
0.00691800000000000
0.0102339000000000
0.00793105000000000
-0.000450310000000000
-0.00836277000000000
-0.0106866000000000
-0.00973985000000000
-0.00902581000000000
-0.00711077000000000
-0.00260789000000000
0.000900306000000000
0.000352636000000000
-0.00182325000000000
-0.00283048000000000
-0.00342201000000000
-0.00397253000000000
-0.00237063000000000
0.00140319000000000
0.00375757000000000
0.00239753000000000
-0.000998652000000000
-0.00382829000000000
-0.00517959000000000
-0.00543770000000000
-0.00553543000000000
-0.00626863000000000
-0.00702133000000000
-0.00608673000000000
-0.00298985000000000
0.000853761000000000
0.00447194000000000
0.00837207000000000
0.0128686000000000
0.0170983000000000
0.0204258000000000
0.0226124000000000
0.0227167000000000
0.0193477000000000
0.0123463000000000
0.00303255000000000
-0.00633150000000000
-0.0130423000000000
-0.0152558000000000
-0.0139703000000000
-0.0120952000000000
-0.0111724000000000
-0.0101620000000000
-0.00778961000000000
-0.00447295000000000
-0.00152703000000000
-5.89273000000000e-05
-0.000388141000000000
-0.00201961000000000
-0.00367900000000000
-0.00438004000000000
-0.00353375000000000
-0.000559999000000000
0.00453795000000000
0.0100069000000000
0.0136419000000000
0.0147458000000000
0.0133213000000000
0.00828297000000000
-0.000413515000000000
-0.00972942000000000
-0.0158554000000000
-0.0182594000000000
-0.0181552000000000
-0.0157411000000000
-0.0105704000000000
-0.00360313000000000
0.00383210000000000
0.0109322000000000
0.0159831000000000
0.0162992000000000
0.0112849000000000
0.00375802000000000
-0.00286645000000000
-0.00666403000000000
-0.00689614000000000
-0.00401579000000000
0.000333090000000000
0.00502649000000000
0.00998798000000000
0.0142236000000000
0.0154194000000000
0.0132283000000000
0.00993385000000000
0.00656227000000000
0.00148915000000000
-0.00533179000000000
-0.0109355000000000
-0.0137046000000000
-0.0149431000000000
-0.0150765000000000
-0.0120650000000000
-0.00530926000000000
0.00224096000000000
0.00729625000000000
0.00934130000000000
0.00955346000000000
0.00896708000000000
0.00814467000000000
0.00692674000000000
0.00416463000000000
-0.000559517000000000
-0.00573481000000000
-0.00948947000000000
-0.0117646000000000
-0.0130748000000000
-0.0125772000000000
-0.00907927000000000
-0.00308511000000000
0.00386819000000000
0.0106598000000000
0.0156985000000000
0.0164662000000000
0.0121468000000000
0.00586706000000000
0.00157926000000000
-8.91766000000000e-06
-0.000771183000000000
-0.00129448000000000
-0.000724784000000000
0.00105610000000000
0.00311997000000000
0.00498491000000000
0.00619365000000000
0.00578088000000000
0.00346976000000000
0.000359517000000000
-0.00275808000000000
-0.00605759000000000
-0.00847417000000000
-0.00722318000000000
-0.00153488000000000
0.00466056000000000
0.00638620000000000
0.00280212000000000
-0.00254536000000000
-0.00585821000000000
-0.00593296000000000
-0.00378043000000000
-0.000810533000000000
0.00206141000000000
0.00398856000000000
0.00402532000000000
0.00203070000000000
-0.000791379000000000
-0.00329290000000000
-0.00555762000000000
-0.00796658000000000
-0.00969233000000000
-0.00963696000000000
-0.00787008000000000
-0.00474283000000000
0.000721948000000000
0.00888695000000000
0.0171185000000000
0.0214984000000000
0.0209145000000000
0.0167643000000000
0.0100746000000000
0.00123037000000000
-0.00777908000000000
-0.0142717000000000
-0.0180364000000000
-0.0208405000000000
-0.0226259000000000
-0.0205883000000000
-0.0132698000000000
-0.00319708000000000
0.00567328000000000
0.0119776000000000
0.0166993000000000
0.0198632000000000
0.0194284000000000
0.0137461000000000
0.00388153000000000
-0.00718250000000000
-0.0166836000000000
-0.0229744000000000
-0.0252305000000000
-0.0238307000000000
-0.0202577000000000
-0.0156839000000000
-0.00992690000000000
-0.00296743000000000
0.00346236000000000
0.00686521000000000
0.00608864000000000
0.00169167000000000
-0.00473521000000000
-0.0109681000000000
-0.0152502000000000
-0.0173639000000000
-0.0176396000000000
-0.0155382000000000
-0.0109169000000000
-0.00560368000000000
-0.00149039000000000
0.00231078000000000
0.00730085000000000
0.0116021000000000
0.0117075000000000
0.00800043000000000
0.00451274000000000
0.00372608000000000
0.00457337000000000
0.00542515000000000
0.00608852000000000
0.00660463000000000
0.00640693000000000
0.00518799000000000
0.00312882000000000
0.000235606000000000
-0.00311728000000000
-0.00570724000000000
-0.00656664000000000
-0.00584801000000000
-0.00411038000000000
-0.00183592000000000
-4.96855000000000e-05
-0.000135545000000000
-0.00218615000000000
-0.00453582000000000
-0.00575891000000000
-0.00611340000000000
-0.00620396000000000
-0.00553431000000000
-0.00357354000000000
-0.00135668000000000
-0.000538962000000000
-0.00128842000000000
-0.00237915000000000
-0.00321064000000000
-0.00429721000000000
-0.00554910000000000
-0.00539735000000000
-0.00251846000000000
0.00218739000000000
0.00614636000000000
0.00790640000000000
0.00861079000000000
0.0104872000000000
0.0137360000000000
0.0156043000000000
0.0130456000000000
0.00655039000000000
0.000232154000000000
-0.00294984000000000
-0.00429553000000000
-0.00632355000000000
-0.00816215000000000
-0.00723405000000000
-0.00403529000000000
-0.00127991000000000
0.00149139000000000
0.00742223000000000
0.0157388000000000
0.0204191000000000
0.0175040000000000
0.00964492000000000
0.00179792000000000
-0.00398497000000000
-0.00742581000000000
-0.00774994000000000
-0.00539208000000000
-0.00312804000000000
-0.00325435000000000
-0.00487743000000000
-0.00588623000000000
-0.00585283000000000
-0.00563305000000000
-0.00506572000000000
-0.00317724000000000
0.000124707000000000
0.00421058000000000
0.00891273000000000
0.0141305000000000
0.0187996000000000
0.0213774000000000
0.0213841000000000
0.0190451000000000
0.0143188000000000
0.00738468000000000
0.000373952000000000
-0.00402039000000000
-0.00491699000000000
-0.00324572000000000
2.34889000000000e-06
0.00377281000000000
0.00651800000000000
0.00729121000000000
0.00636602000000000
0.00430540000000000
0.00139647000000000
-0.00129134000000000
-0.00250333000000000
-0.00266965000000000
-0.00347772000000000
-0.00497606000000000
-0.00556883000000000
-0.00485020000000000
-0.00414625000000000
-0.00377998000000000
-0.00229341000000000
0.000998496000000000
0.00430338000000000
0.00518037000000000
0.00320324000000000
0.000572887000000000
-0.000409324000000000
-1.93163000000000e-05
-0.000594630000000000
-0.00274743000000000
-0.00401904000000000
-0.00222516000000000
0.00130669000000000
0.00365939000000000
0.00404639000000000
0.00334098000000000
0.00158027000000000
-0.00203989000000000
-0.00703063000000000
-0.0115483000000000
-0.0138369000000000
-0.0133807000000000
-0.0107731000000000
-0.00722565000000000
-0.00355056000000000
0.000445311000000000
0.00504084000000000
0.00928571000000000
0.0116783000000000
0.0118352000000000
0.0107750000000000
0.00980463000000000
0.00960614000000000
0.0100245000000000
0.0103131000000000
0.00948801000000000
0.00659589000000000
0.00113432000000000
-0.00649334000000000
-0.0148288000000000
-0.0221798000000000
-0.0272008000000000
-0.0285558000000000
-0.0245962000000000
-0.0156413000000000
-0.00521803000000000
0.00263121000000000
0.00715694000000000
0.00971508000000000
0.0105380000000000
0.00850656000000000
0.00399001000000000
-0.000353454000000000
-0.00215701000000000
-0.00171655000000000
-0.00104312000000000
-0.000996310000000000
0.000259142000000000
0.00464241000000000
0.0103346000000000
0.0126702000000000
0.0101155000000000
0.00568158000000000
0.00171857000000000
-0.00325625000000000
-0.00996725000000000
-0.0149711000000000
-0.0148265000000000
-0.0106658000000000
-0.00508477000000000
0.00169246000000000
0.00900698000000000
0.0129044000000000
0.0106440000000000
0.00547648000000000
0.00273286000000000
0.00331162000000000
0.00430349000000000
0.00431739000000000
0.00435090000000000
0.00496698000000000
0.00588724000000000
0.00798631000000000
0.0123956000000000
0.0175063000000000
0.0189442000000000
0.0141866000000000
0.00534075000000000
-0.00317948000000000
-0.00920300000000000
-0.0129044000000000
-0.0142123000000000
-0.0118991000000000
-0.00644840000000000
-0.000888852000000000
0.00234474000000000
0.00415028000000000
0.00667984000000000
0.00974556000000000
0.0103542000000000
0.00568830000000000
-0.00325468000000000
-0.0117175000000000
-0.0152950000000000
-0.0137786000000000
-0.00935318000000000
-0.00247800000000000
0.00729704000000000
0.0169179000000000
0.0211801000000000
0.0194709000000000
0.0164046000000000
0.0153589000000000
0.0153746000000000
0.0149061000000000
0.0141552000000000
0.0134805000000000
0.0127542000000000
0.0125234000000000
0.0127923000000000
0.0115427000000000
0.00710057000000000
0.000599124000000000
-0.00643405000000000
-0.0143805000000000
-0.0229509000000000
-0.0294244000000000
-0.0320201000000000
-0.0314911000000000
-0.0274687000000000
-0.0176262000000000
-0.00260162000000000
0.0120134000000000
0.0210983000000000
0.0240257000000000
0.0227738000000000
0.0186730000000000
0.0127654000000000
0.00609603000000000
-0.00105769000000000
-0.00865181000000000
-0.0150260000000000
-0.0180229000000000
-0.0177551000000000
-0.0162656000000000
-0.0146013000000000
-0.0123485000000000
-0.00957319000000000
-0.00733514000000000
-0.00588679000000000
-0.00356917000000000
0.00168495000000000
0.00976764000000000
0.0176789000000000
0.0219971000000000
0.0218301000000000
0.0183939000000000
0.0127038000000000
0.00455073000000000
-0.00559449000000000
-0.0159170000000000
-0.0238408000000000
-0.0278217000000000
-0.0275595000000000
-0.0240302000000000
-0.0185217000000000
-0.0114855000000000
-0.00230450000000000
0.00834002000000000
0.0169335000000000
0.0198722000000000
0.0174760000000000
0.0132911000000000
0.0100474000000000
0.00790046000000000
0.00636445000000000
0.00557398000000000
0.00484975000000000
0.00204740000000000
-0.00365098000000000
-0.00928033000000000
-0.0105088000000000
-0.00646297000000000
-0.000589912000000000
0.00314440000000000
0.00362016000000000
0.00173112000000000
-0.00170949000000000
-0.00561747000000000
-0.00748589000000000
-0.00505855000000000
0.000501753000000000
0.00549004000000000
0.00791088000000000
0.00913632000000000
0.0106941000000000
0.0116043000000000
0.00976439000000000
0.00472142000000000
-0.00248405000000000
-0.0108114000000000
-0.0192322000000000
-0.0259164000000000
-0.0298368000000000
-0.0319226000000000
-0.0330299000000000
-0.0314362000000000
-0.0250120000000000
-0.0155225000000000
-0.00781595000000000
-0.00439326000000000
-0.00278923000000000
0.000382224000000000
0.00509654000000000
0.00808930000000000
0.00657112000000000
0.00111635000000000
-0.00403922000000000
-0.00416833000000000
0.00187918000000000
0.0105145000000000
0.0170736000000000
0.0191325000000000
0.0167285000000000
0.0109959000000000
0.00424813000000000
-0.00152748000000000
-0.00656440000000000
-0.0123227000000000
-0.0181204000000000
-0.0216721000000000
-0.0224813000000000
-0.0213247000000000
-0.0171375000000000
-0.00827815000000000
0.00300756000000000
0.0123104000000000
0.0182314000000000
0.0216654000000000
0.0207609000000000
0.0131689000000000
0.00241871000000000
-0.00440167000000000
-0.00572697000000000
-0.00569783000000000
-0.00567127000000000
-0.00256273000000000
0.00459366000000000
0.0126803000000000
0.0195270000000000
0.0247363000000000
0.0263502000000000
0.0218537000000000
0.0130703000000000
0.00489951000000000
-0.000978075000000000
-0.00649054000000000
-0.0120997000000000
-0.0157814000000000
-0.0170411000000000
-0.0172922000000000
-0.0166926000000000
-0.0139153000000000
-0.00918754000000000
-0.00512030000000000
-0.00364336000000000
-0.00422560000000000
-0.00515751000000000
-0.00552758000000000
-0.00501080000000000
-0.00342930000000000
-0.00100297000000000
0.00119574000000000
0.00191403000000000
0.000718093000000000
-0.00182258000000000
-0.00472826000000000
-0.00700979000000000
-0.00801175000000000
-0.00796423000000000
-0.00773615000000000
-0.00768415000000000
-0.00747356000000000
-0.00723596000000000
-0.00748925000000000
-0.00732394000000000
-0.00462011000000000
0.000899140000000000
0.00634126000000000
0.00859981000000000
0.00721814000000000
0.00386505000000000
0.000683047000000000
-7.57331000000000e-05
0.00259590000000000
0.00611329000000000
0.00592119000000000
0.000827927000000000
-0.00540340000000000
-0.00866605000000000
-0.00849423000000000
-0.00692898000000000
-0.00575140000000000
-0.00584924000000000
-0.00742402000000000
-0.00903791000000000
-0.00769973000000000
-0.00161479000000000
0.00750528000000000
0.0156391000000000
0.0196805000000000
0.0193757000000000
0.0163328000000000
0.0120795000000000
0.00768919000000000
0.00494681000000000
0.00526331000000000
0.00751346000000000
0.00830247000000000
0.00552904000000000
1.23597000000000e-05
-0.00649435000000000
-0.0130490000000000
-0.0185934000000000
-0.0217035000000000
-0.0224230000000000
-0.0220229000000000
-0.0207116000000000
-0.0171319000000000
-0.0114732000000000
-0.00660015000000000
-0.00491330000000000
-0.00513162000000000
-0.00426751000000000
-0.00159876000000000
0.000823747000000000
0.000985797000000000
-0.000986403000000000
-0.00364348000000000
-0.00573974000000000
-0.00652237000000000
-0.00562531000000000
-0.00336900000000000
-0.000523025000000000
0.00245491000000000
0.00530635000000000
0.00748701000000000
0.00864789000000000
0.00926655000000000
0.0101477000000000
0.0114452000000000
0.0131835000000000
0.0157388000000000
0.0190843000000000
0.0217394000000000
0.0221260000000000
0.0201199000000000
0.0171487000000000
0.0145306000000000
0.0126108000000000
0.0104275000000000
0.00688426000000000
0.00185351000000000
-0.00346550000000000
-0.00779073000000000
-0.0103783000000000
-0.0115830000000000
-0.0127105000000000
-0.0148075000000000
-0.0163205000000000
-0.0138985000000000
-0.00701539000000000
-0.000157870000000000
0.00195875000000000
-0.000205368000000000
-0.00330501000000000
-0.00550405000000000
-0.00649659000000000
-0.00517466000000000
-0.00152692000000000
0.00216609000000000
0.00403877000000000
0.00522330000000000
0.00719561000000000
0.00927148000000000
0.0108840000000000
0.0129459000000000
0.0153432000000000
0.0159675000000000
0.0149083000000000
0.0147772000000000
0.0160885000000000
0.0160257000000000
0.0134088000000000
0.00965713000000000
0.00408248000000000
-0.00641399000000000
-0.0209369000000000
-0.0330478000000000
-0.0380554000000000
-0.0368214000000000
-0.0307548000000000
-0.0185261000000000
-0.00103120000000000
0.0159596000000000
0.0271504000000000
0.0325771000000000
0.0342582000000000
0.0321994000000000
0.0261630000000000
0.0183065000000000
0.0110892000000000
0.00467827000000000
-0.00133404000000000
-0.00519741000000000
-0.00465182000000000
-0.000375936000000000
0.00421652000000000
0.00690769000000000
0.00813772000000000
0.00902491000000000
0.00883461000000000
0.00582279000000000
-4.14513000000000e-05
-0.00625417000000000
-0.0101426000000000
-0.0104361000000000
-0.00653391000000000
0.00148557000000000
0.0113701000000000
0.0196189000000000
0.0243350000000000
0.0261742000000000
0.0261686000000000
0.0246365000000000
0.0214132000000000
0.0157399000000000
0.00637465000000000
-0.00614176000000000
-0.0177752000000000
-0.0238632000000000
-0.0229094000000000
-0.0163743000000000
-0.00620822000000000
0.00491576000000000
0.0131073000000000
0.0157243000000000
0.0132406000000000
0.00808224000000000
0.00264768000000000
-0.000835627000000000
-0.00145519000000000
-0.000479864000000000
-0.000152883000000000
-0.000841141000000000
-0.00137652000000000
-0.00105716000000000
0.000206657000000000
0.00318475000000000
0.00794416000000000
0.0121412000000000
0.0120874000000000
0.00586684000000000
-0.00516110000000000
-0.0159551000000000
-0.0200336000000000
-0.0138761000000000
-4.51991000000000e-05
0.0154855000000000
0.0282274000000000
0.0361635000000000
0.0383389000000000
0.0353880000000000
0.0299557000000000
0.0235090000000000
0.0154172000000000
0.00725266000000000
0.00402565000000000
0.00774456000000000
0.0134895000000000
0.0153981000000000
0.0136195000000000
0.0116256000000000
0.0101693000000000
0.00746145000000000
0.00327228000000000
-0.00149386000000000
-0.00691878000000000
-0.0129526000000000
-0.0175287000000000
-0.0188444000000000
-0.0178436000000000
-0.0158823000000000
-0.0113107000000000
-0.000856238000000000
0.0158363000000000
0.0338055000000000
0.0454064000000000
0.0460766000000000
0.0376048000000000
0.0243171000000000
0.00753643000000000
-0.0132104000000000
-0.0337864000000000
-0.0461573000000000
-0.0477791000000000
-0.0447385000000000
-0.0414076000000000
-0.0340610000000000
-0.0195292000000000
-0.00413414000000000
0.00323507000000000
0.00197601000000000
-0.00197825000000000
-0.00467525000000000
-0.00507760000000000
-0.00208674000000000
0.00333672000000000
0.00643932000000000
0.00402353000000000
-0.00114788000000000
-0.00445961000000000
-0.00475830000000000
-0.00302426000000000
0.000461361000000000
0.00456082000000000
0.00612103000000000
0.00330602000000000
-0.00159495000000000
-0.00497628000000000
-0.00587636000000000
-0.00567194000000000
-0.00544061000000000
-0.00551615000000000
-0.00638698000000000
-0.00806386000000000
-0.00899207000000000
-0.00751682000000000
-0.00430383000000000
-0.00110301000000000
0.00290221000000000
0.00874809000000000
0.0120448000000000
0.00531397000000000
-0.0104330000000000
-0.0242162000000000
-0.0278172000000000
-0.0251823000000000
-0.0240605000000000
-0.0255387000000000
-0.0258974000000000
-0.0238195000000000
-0.0205390000000000
-0.0163620000000000
-0.0114956000000000
-0.00754372000000000
-0.00599360000000000
-0.00639572000000000
-0.00738435000000000
-0.00719561000000000
-0.00457595000000000
-0.000902805000000000
-4.92428000000000e-05
-0.00410803000000000
-0.0111975000000000
-0.0181316000000000
-0.0235270000000000
-0.0279663000000000
-0.0324807000000000
-0.0364348000000000
-0.0361411000000000
-0.0278811000000000
-0.0139142000000000
-0.00174782000000000
0.00433442000000000
0.00695061000000000
0.00871760000000000
0.00775666000000000
0.00290086000000000
-0.00160179000000000
-0.000822671000000000
0.00458278000000000
0.00885971000000000
0.00644537000000000
-0.00312871000000000
-0.0119294000000000
-0.00904352000000000
0.00837868000000000
0.0293034000000000
0.0397657000000000
0.0355325000000000
0.0237556000000000
0.0130288000000000
0.00777067000000000
0.00785843000000000
0.0103328000000000
0.0122499000000000
0.0133718000000000
0.0136419000000000
0.00923293000000000
-0.00351907000000000
-0.0218391000000000
-0.0384555000000000
-0.0492260000000000
-0.0547984000000000
-0.0546930000000000
-0.0458222000000000
-0.0263838000000000
-1.17523000000000e-05
0.0258189000000000
0.0423367000000000
0.0451419000000000
0.0359663000000000
0.0195550000000000
-0.00109552000000000
-0.0228702000000000
-0.0405457000000000
-0.0492361000000000
-0.0494726000000000
-0.0450074000000000
-0.0368943000000000
-0.0224914000000000
-0.00128192000000000
0.0204034000000000
0.0322465000000000
0.0287497000000000
0.0154385000000000
0.00217775000000000
-0.00722128000000000
-0.0154687000000000
-0.0241131000000000
-0.0324774000000000
-0.0410915000000000
-0.0481187000000000
-0.0468477000000000
-0.0351313000000000
-0.0224354000000000
-0.0168876000000000
-0.0126085000000000
-0.00132698000000000
0.0107295000000000
0.0110974000000000
0.000483955000000000
-0.0100802000000000
-0.0150933000000000
-0.0163900000000000
-0.0153297000000000
-0.0135578000000000
-0.0140106000000000
-0.0147469000000000
-0.0100604000000000
-0.00121782000000000
0.00452327000000000
0.00654366000000000
0.00961779000000000
0.0100999000000000
-0.00126791000000000
-0.0215713000000000
-0.0359876000000000
-0.0375757000000000
-0.0336082000000000
-0.0319047000000000
-0.0320369000000000
-0.0282151000000000
-0.0119047000000000
0.0211745000000000
0.0592276000000000
0.0792410000000000
0.0738513000000000
0.0609200000000000
0.0584498000000000
0.0625922000000000
0.0605714000000000
0.0509777000000000
0.0403731000000000
0.0315415000000000
0.0249425000000000
0.0213561000000000
0.0163709000000000
0.00266270000000000
-0.0181417000000000
-0.0361434000000000
-0.0458312000000000
-0.0482083000000000
-0.0419164000000000
-0.0254199000000000
-0.00519640000000000
0.00876960000000000
0.0158374000000000
0.0223849000000000
0.0328360000000000
0.0486510000000000
0.0687900000000000
0.0816563000000000
0.0703422000000000
0.0349441000000000
-0.00115696000000000
-0.0166545000000000
-0.0128316000000000
-0.00147671000000000
0.0125660000000000
0.0260823000000000
0.0275158000000000
0.0104608000000000
-0.0118251000000000
-0.0199910000000000
-0.0129033000000000
-0.00314429000000000
0.00511335000000000
0.0200156000000000
0.0423031000000000
0.0575734000000000
0.0530153000000000
0.0345653000000000
0.0191885000000000
0.0163564000000000
0.0218245000000000
0.0271672000000000
0.0299500000000000
0.0335141000000000
0.0387021000000000
0.0406511000000000
0.0359080000000000
0.0287923000000000
0.0256318000000000
0.0259400000000000
0.0250400000000000
0.0221653000000000
0.0197724000000000
0.0191863000000000
0.0226236000000000
0.0321927000000000
0.0404493000000000
0.0317388000000000
0.00127195000000000
-0.0341350000000000
-0.0537090000000000
-0.0538065000000000
-0.0470674000000000
-0.0463131000000000
-0.0548892000000000
-0.0654299000000000
-0.0647126000000000
-0.0438396000000000
-0.00634910000000000
0.0378873000000000
0.0808437000000000
0.112177000000000
0.114788000000000
0.0787076000000000
0.0171084000000000
-0.0404112000000000
-0.0698995000000000
-0.0689020000000000
-0.0529077000000000
-0.0415241000000000
-0.0442162000000000
-0.0583512000000000
-0.0772797000000000
-0.0967697000000000
-0.112457000000000
-0.120381000000000
-0.123978000000000
-0.130815000000000
-0.139613000000000
-0.141854000000000
-0.134682000000000
-0.120964000000000
-0.0955851000000000
-0.0516894000000000
0.00293874000000000
0.0503288000000000
0.0886689000000000
0.128405000000000
0.166119000000000
0.181686000000000
0.168114000000000
0.141440000000000
0.120011000000000
0.106155000000000
0.0926588000000000
0.0755717000000000
0.0575667000000000
0.0442711000000000
0.0387951000000000
0.0388130000000000
0.0412238000000000
0.0460307000000000
0.0489458000000000
0.0378323000000000
0.00743299000000000
-0.0293392000000000
-0.0528976000000000
-0.0537987000000000
-0.0320985000000000
0.00272221000000000
0.0254099000000000
0.00805490000000000
-0.0436614000000000
-0.0869575000000000
-0.0891609000000000
-0.0594888000000000
-0.0261765000000000
-0.00321848000000000
0.00427872000000000
-0.0127890000000000
-0.0540195000000000
-0.0938535000000000
-0.100780000000000
-0.0696529000000000
-0.0206948000000000
0.0249257000000000
0.0572540000000000
0.0710494000000000
0.0652304000000000
0.0477197000000000
0.0316166000000000
0.0238598000000000
0.0228568000000000
0.0242454000000000
0.0243967000000000
0.0209279000000000
0.0199170000000000
0.0367116000000000
0.0782301000000000
0.124774000000000
0.144892000000000
0.128943000000000
0.0988241000000000
0.0813312000000000
0.0807709000000000
0.0817426000000000
0.0682318000000000
0.0351470000000000
-0.0122039000000000
-0.0584431000000000
-0.0840984000000000
-0.0780127000000000
-0.0497415000000000
-0.0237433000000000
-0.0194597000000000
-0.0382739000000000
-0.0702212000000000
-0.104937000000000
-0.132216000000000
-0.140185000000000
-0.123351000000000
-0.0935486000000000
-0.0733100000000000
-0.0720581000000000
-0.0734187000000000
-0.0523473000000000
-0.00197354000000000
0.0586471000000000
0.103763000000000
0.122802000000000
0.124281000000000
0.119607000000000
0.109589000000000
0.0872601000000000
0.0527093000000000
0.0184925000000000
-0.00283216000000000
-0.0118195000000000
-0.0175477000000000
-0.0233107000000000
-0.0235382000000000
-0.0135668000000000
0.00167811000000000
0.00897470000000000
-0.00341820000000000
-0.0349296000000000
-0.0717913000000000
-0.0984396000000000
-0.105375000000000
-0.0877016000000000
-0.0478878000000000
-0.00800032000000000
-0.00283406000000000
-0.0447317000000000
-0.103082000000000
-0.132944000000000
-0.117018000000000
-0.0664027000000000
-0.000247621000000000
0.0587726000000000
0.0801376000000000
0.0488898000000000
-0.00992455000000000
-0.0490343000000000
-0.0491509000000000
-0.0328326000000000
-0.0288214000000000
-0.0412888000000000
-0.0608752000000000
-0.0822817000000000
-0.0977044000000000
-0.0867333000000000
-0.0332888000000000
0.0516939000000000
0.135814000000000
0.193252000000000
0.214704000000000
0.191908000000000
0.116828000000000
-0.00225317000000000
-0.129526000000000
-0.221888000000000
-0.249246000000000
-0.211622000000000
-0.131431000000000
-0.0418189000000000
0.0326634000000000
0.0838686000000000
0.113970000000000
0.117915000000000
0.0831144000000000
0.00965781000000000
-0.0756098000000000
-0.136833000000000
-0.161311000000000
-0.166085000000000
-0.166085000000000
-0.149924000000000
-0.0973760000000000
-0.0154329000000000
0.0633789000000000
0.118442000000000
0.158038000000000
0.190529000000000
0.199226000000000
0.165301000000000
0.100394000000000
0.0382538000000000
-0.00212328000000000
-0.0267099000000000
-0.0478643000000000
-0.0663007000000000
-0.0725266000000000
-0.0550024000000000
-0.0136542000000000
0.0298716000000000
0.0453179000000000
0.0265508000000000
-0.00120437000000000
-0.0113174000000000
0.00334009000000000
0.0396278000000000
0.0916635000000000
0.142067000000000
0.168562000000000
0.168327000000000
0.160269000000000
0.153320000000000
0.134614000000000
0.0924794000000000
0.0341518000000000
-0.0315348000000000
-0.101295000000000
-0.164841000000000
-0.201199000000000
-0.204763000000000
-0.191896000000000
-0.176699000000000
-0.150821000000000
-0.101655000000000
-0.0347592000000000
0.0291655000000000
0.0732069000000000
0.0916994000000000
0.0906829000000000
0.0856417000000000
0.0902850000000000
0.103307000000000
0.112636000000000
0.110400000000000
0.0950807000000000
0.0647070000000000
0.0209616000000000
-0.0232692000000000
-0.0548869000000000
-0.0775958000000000
-0.103123000000000
-0.129694000000000
-0.144948000000000
-0.146618000000000
-0.142392000000000
-0.127352000000000
-0.0842576000000000
-0.0108047000000000
0.0654030000000000
0.111296000000000
0.115169000000000
0.0889771000000000
0.0524011000000000
0.0208999000000000
0.00101892000000000
-0.00872051000000000
-0.0110323000000000
-0.00498446000000000
0.00886834000000000
0.0207576000000000
0.0179019000000000
-0.00351033000000000
-0.0363742000000000
-0.0688034000000000
-0.0877599000000000
-0.0839224000000000
-0.0559987000000000
-0.00842531000000000
0.0546236000000000
0.124763000000000
0.180924000000000
0.197455000000000
0.164673000000000
0.0929939000000000
0.00205996000000000
-0.0817616000000000
-0.127442000000000
-0.118845000000000
-0.0718238000000000
-0.0220408000000000
0.00213236000000000
-0.00388410000000000
-0.0223098000000000
-0.0239080000000000
0.00837218000000000
0.0642811000000000
0.118363000000000
0.154239000000000
0.162129000000000
0.126702000000000
0.0452047000000000
-0.0467872000000000
-0.0969535000000000
-0.0906089000000000
-0.0595829000000000
-0.0377875000000000
-0.0284975000000000
-0.0176318000000000
0.00111273000000000
0.0237041000000000
0.0446712000000000
0.0596177000000000
0.0615196000000000
0.0455712000000000
0.0136049000000000
-0.0289313000000000
-0.0767014000000000
-0.119036000000000
-0.139389000000000
-0.128383000000000
-0.0954685000000000
-0.0594014000000000
-0.0299971000000000
-0.00632512000000000
0.0119439000000000
0.0235740000000000
0.0335723000000000
0.0468701000000000
0.0552646000000000
0.0441243000000000
0.0113051000000000
-0.0305384000000000
-0.0673049000000000
-0.0893279000000000
-0.0915952000000000
-0.0758978000000000
-0.0500957000000000
-0.0183939000000000
0.0197220000000000
0.0592086000000000
0.0883831000000000
0.103835000000000
0.112681000000000
0.116268000000000
0.106718000000000
0.0835795000000000
0.0584263000000000
0.0362409000000000
0.00876960000000000
-0.0292193000000000
-0.0697269000000000
-0.102989000000000
-0.125603000000000
-0.135074000000000
-0.127867000000000
-0.106027000000000
-0.0770836000000000
-0.0463524000000000
-0.0148097000000000
0.0160795000000000
0.0437735000000000
0.0662772000000000
0.0830886000000000
0.0931306000000000
0.0926554000000000
0.0745361000000000
0.0358699000000000
-0.0144432000000000
-0.0594753000000000
-0.0881174000000000
-0.0976529000000000
-0.0859690000000000
-0.0547872000000000
-0.0203362000000000
-0.00277209000000000
-0.00272535000000000
-0.00512265000000000
-0.00299568000000000
-0.00155909000000000
7.03265000000000e-05
0.0110811000000000
0.0309262000000000
0.0450803000000000
0.0443115000000000
0.0362879000000000
0.0330097000000000
0.0367172000000000
0.0405222000000000
0.0378604000000000
0.0285682000000000
0.0197982000000000
0.0198453000000000
0.0309453000000000
0.0475135000000000
0.0618110000000000
0.0691475000000000
0.0687967000000000
0.0625888000000000
0.0545283000000000
0.0501506000000000
0.0532338000000000
0.0619634000000000
0.0694590000000000
0.0698603000000000
0.0628847000000000
0.0518699000000000
0.0393095000000000
0.0281994000000000
0.0240280000000000
0.0299344000000000
0.0403092000000000
0.0455902000000000
0.0424768000000000
0.0348422000000000
0.0254412000000000
0.0125267000000000
-0.00431089000000000
-0.0200179000000000
-0.0285334000000000
-0.0286645000000000
-0.0236940000000000
-0.0176531000000000
-0.0136497000000000
-0.0142325000000000
-0.0207340000000000
-0.0310742000000000
-0.0391022000000000
-0.0390327000000000
-0.0303804000000000
-0.0172238000000000
-0.00400189000000000
0.00495420000000000
0.00390204000000000
-0.00981415000000000
-0.0290646000000000
-0.0399214000000000
-0.0354900000000000
-0.0227234000000000
-0.0133942000000000
-0.0109245000000000
-0.00988061000000000
-0.00465507000000000
0.00547715000000000
0.0188601000000000
0.0334457000000000
0.0444841000000000
0.0443978000000000
0.0298380000000000
0.00808975000000000
-0.00868521000000000
-0.0153353000000000
-0.0162376000000000
-0.0162219000000000
-0.0158397000000000
-0.0160291000000000
-0.0210232000000000
-0.0321691000000000
-0.0434014000000000
-0.0471492000000000
-0.0421282000000000
-0.0324953000000000
-0.0221384000000000
-0.0146013000000000
-0.0159529000000000
-0.0320358000000000
-0.0597824000000000
-0.0856809000000000
-0.0974298000000000
-0.0959807000000000
-0.0909294000000000
-0.0855722000000000
-0.0743702000000000
-0.0554798000000000
-0.0363877000000000
-0.0224835000000000
-0.00854332000000000
0.0122936000000000
0.0369839000000000
0.0563753000000000
0.0657348000000000
0.0656025000000000
0.0574165000000000
0.0437780000000000
0.0293706000000000
0.0170680000000000
0.00566219000000000
-0.00683921000000000
-0.0196088000000000
-0.0289223000000000
-0.0297819000000000
-0.0191392000000000
-0.000944105000000000
0.0139478000000000
0.0172642000000000
0.0117624000000000
0.00709082000000000
0.0102461000000000
0.0219826000000000
0.0382381000000000
0.0510898000000000
0.0529783000000000
0.0431604000000000
0.0282005000000000
0.0143155000000000
0.00287340000000000
-0.00673800000000000
-0.0140061000000000
-0.0189801000000000
-0.0235292000000000
-0.0288708000000000
-0.0335051000000000
-0.0341742000000000
-0.0284370000000000
-0.0170905000000000
-0.00516345000000000
0.00177450000000000
0.00271863000000000
0.000523137000000000
-0.00372103000000000
-0.0110665000000000
-0.0196985000000000
-0.0252126000000000
-0.0266248000000000
-0.0265878000000000
-0.0254513000000000
-0.0214872000000000
-0.0169840000000000
-0.0176654000000000
-0.0251297000000000
-0.0361949000000000
-0.0482229000000000
-0.0586986000000000
-0.0600200000000000
-0.0454995000000000
-0.0184499000000000
0.0115842000000000
0.0399360000000000
0.0643361000000000
0.0773380000000000
0.0726812000000000
0.0558598000000000
0.0383434000000000
0.0215668000000000
-0.000742301000000000
-0.0277108000000000
-0.0489615000000000
-0.0595045000000000
-0.0642341000000000
-0.0679740000000000
-0.0691755000000000
-0.0661382000000000
-0.0610646000000000
-0.0550562000000000
-0.0442061000000000
-0.0253034000000000
-0.00249515000000000
0.0155931000000000
0.0247161000000000
0.0281232000000000
0.0312927000000000
0.0361680000000000
0.0415398000000000
0.0454232000000000
0.0444370000000000
0.0331431000000000
0.00915604000000000
-0.0212294000000000
-0.0462324000000000
-0.0588230000000000
-0.0600581000000000
-0.0519203000000000
-0.0329559000000000
-0.00376833000000000
0.0276895000000000
0.0514922000000000
0.0636894000000000
0.0670550000000000
0.0652405000000000
0.0608583000000000
0.0568875000000000
0.0559326000000000
0.0569850000000000
0.0572495000000000
0.0564818000000000
0.0561904000000000
0.0550046000000000
0.0492809000000000
0.0390472000000000
0.0283619000000000
0.0185217000000000
0.00533459000000000
-0.0129761000000000
-0.0302997000000000
-0.0390450000000000
-0.0387659000000000
-0.0339388000000000
-0.0262325000000000
-0.0139826000000000
0.00248158000000000
0.0192031000000000
0.0331263000000000
0.0434754000000000
0.0479618000000000
0.0412720000000000
0.0215656000000000
-0.00390237000000000
-0.0240627000000000
-0.0346617000000000
-0.0399035000000000
-0.0437948000000000
-0.0459466000000000
-0.0455129000000000
-0.0437925000000000
-0.0402117000000000
-0.0322644000000000
-0.0204471000000000
-0.00856876000000000
0.00228769000000000
0.0133057000000000
0.0211655000000000
0.0194149000000000
0.00783433000000000
-0.00591402000000000
-0.0155147000000000
-0.0204157000000000
-0.0217696000000000
-0.0198442000000000
-0.0162577000000000
-0.0131925000000000
-0.0105774000000000
-0.00717588000000000
-0.00311470000000000
0.00201210000000000
0.0105595000000000
0.0226606000000000
0.0333762000000000
0.0376385000000000
0.0359921000000000
0.0328876000000000
0.0312849000000000
0.0304252000000000
0.0272602000000000
0.0194777000000000
0.00848370000000000
-0.000761018000000000
-0.00460979000000000
-0.00444841000000000
-0.00411913000000000
-0.00512871000000000
-0.00663086000000000
-0.00882923000000000
-0.0133146000000000
-0.0202286000000000
-0.0275180000000000
-0.0335387000000000
-0.0382156000000000
-0.0411094000000000
-0.0399719000000000
-0.0326847000000000
-0.0198621000000000
-0.00455095000000000
0.00986470000000000
0.0200336000000000
0.0230327000000000
0.0187783000000000
0.0112034000000000
0.00508959000000000
0.00268993000000000
0.00374098000000000
0.00686902000000000
0.00956983000000000
0.00872511000000000
0.00336194000000000
-0.00370108000000000
-0.00829272000000000
-0.00881331000000000
-0.00712287000000000
-0.00614064000000000
-0.00672467000000000
-0.00708734000000000
-0.00550102000000000
-0.00252675000000000
0.000882497000000000
0.00595639000000000
0.0139176000000000
0.0222179000000000
0.0267492000000000
0.0271750000000000
0.0264880000000000
0.0260251000000000
0.0253605000000000
0.0262605000000000
0.0317881000000000
0.0413930000000000
0.0509845000000000
0.0576989000000000
0.0608225000000000
0.0585776000000000
0.0487497000000000
0.0333829000000000
0.0188119000000000
0.00936170000000000
0.00377438000000000
-0.000774994000000000
-0.00412540000000000
-0.00348108000000000
0.00259994000000000
0.0122084000000000
0.0214222000000000
0.0273084000000000
0.0290837000000000
0.0274642000000000
0.0237343000000000
0.0195718000000000
0.0166791000000000
0.0154788000000000
0.0144892000000000
0.0121849000000000
0.00917666000000000
0.00736361000000000
0.00710707000000000
0.00611060000000000
0.00193421000000000
-0.00529996000000000
-0.0135601000000000
-0.0216531000000000
-0.0290703000000000
-0.0336609000000000
-0.0317399000000000
-0.0225441000000000
-0.00933648000000000
0.00463568000000000
0.0192602000000000
0.0335466000000000
0.0441803000000000
0.0490007000000000
0.0497247000000000
0.0474294000000000
0.0398094000000000
0.0256037000000000
0.00895352000000000
-0.00515460000000000
-0.0163272000000000
-0.0264970000000000
-0.0359058000000000
-0.0442565000000000
-0.0516849000000000
-0.0571094000000000
-0.0584935000000000
-0.0565826000000000
-0.0550562000000000
-0.0562330000000000
-0.0587648000000000
-0.0604033000000000
-0.0598250000000000
-0.0559427000000000
-0.0485468000000000
-0.0398531000000000
-0.0325962000000000
-0.0279260000000000
-0.0265654000000000
-0.0293953000000000
-0.0346415000000000
-0.0380498000000000
-0.0374300000000000
-0.0338436000000000
-0.0276144000000000
-0.0182964000000000
-0.00850174000000000
-0.00203048000000000
0.00372966000000000
0.0160044000000000
0.0352255000000000
0.0517421000000000
0.0574030000000000
0.0530971000000000
0.0433756000000000
0.0309408000000000
0.0182022000000000
0.00793778000000000
-0.000204561000000000
-0.00958047000000000
-0.0220879000000000
-0.0361467000000000
-0.0489054000000000
-0.0573481000000000
-0.0590125000000000
-0.0543725000000000
-0.0465362000000000
-0.0365872000000000
-0.0238273000000000
-0.0100579000000000
0.000595381000000000
0.00747602000000000
0.0124348000000000
0.0152378000000000
0.0136195000000000
0.00793408000000000
0.000430528000000000
-0.00758238000000000
-0.0145687000000000
-0.0176945000000000
-0.0167374000000000
-0.0144051000000000
-0.0104112000000000
-0.000984038000000000
0.0124169000000000
0.0218358000000000
0.0228074000000000
0.0200145000000000
0.0190428000000000
0.0191829000000000
0.0172104000000000
0.0134951000000000
0.0105499000000000
0.00909787000000000
0.00828073000000000
0.00805523000000000
0.0101614000000000
0.0163777000000000
0.0255141000000000
0.0327475000000000
0.0340722000000000
0.0302504000000000
0.0241613000000000
0.0157769000000000
0.00339725000000000
-0.0115136000000000
-0.0244079000000000
-0.0319461000000000
-0.0337214000000000
-0.0312131000000000
-0.0271762000000000
-0.0244976000000000
-0.0236043000000000
-0.0227099000000000
-0.0206724000000000
-0.0172384000000000
-0.0105661000000000
0.000810006000000000
0.0134177000000000
0.0204460000000000
0.0192367000000000
0.0132978000000000
0.00725232000000000
0.00307570000000000
0.000791749000000000
-0.000844369000000000
-0.00346315000000000
-0.00714260000000000
-0.0104112000000000
-0.0129829000000000
-0.0157792000000000
-0.0180218000000000
-0.0177562000000000
-0.0151930000000000
-0.0113869000000000
-0.00441602000000000
0.00777515000000000
0.0223154000000000
0.0344174000000000
0.0431459000000000
0.0494647000000000
0.0520716000000000
0.0501999000000000
0.0469105000000000
0.0436603000000000
0.0366993000000000
0.0237455000000000
0.0106728000000000
0.00427267000000000
0.00420879000000000
0.00560436000000000
0.00701965000000000
0.0100782000000000
0.0146394000000000
0.0178963000000000
0.0181328000000000
0.0164169000000000
0.0146887000000000
0.0133516000000000
0.0110314000000000
0.00688628000000000
0.00233521000000000
-0.000842934000000000
-0.00300789000000000
-0.00546908000000000
-0.00814512000000000
-0.0101618000000000
-0.0114665000000000
-0.0120795000000000
-0.0112748000000000
-0.00920166000000000
-0.00773380000000000
-0.00808617000000000
-0.00943511000000000
-0.0112883000000000
-0.0144242000000000
-0.0182751000000000
-0.0201143000000000
-0.0186158000000000
-0.0155225000000000
-0.0127442000000000
-0.0100524000000000
-0.00723809000000000
-0.00597544000000000
-0.00746190000000000
-0.00985091000000000
-0.0103802000000000
-0.00895711000000000
-0.00787748000000000
-0.00859454000000000
-0.0102539000000000
-0.0111512000000000
-0.0106844000000000
-0.00918473000000000
-0.00690421000000000
-0.00391201000000000
-0.00130064000000000
-0.000877756000000000
-0.00327800000000000
-0.00706908000000000
-0.0107606000000000
-0.0143199000000000
-0.0178111000000000
-0.0201826000000000
-0.0208372000000000
-0.0210277000000000
-0.0219456000000000
-0.0227424000000000
-0.0220375000000000
-0.0199988000000000
-0.0174928000000000
-0.0147526000000000
-0.0119439000000000
-0.00943007000000000
-0.00680816000000000
-0.00331924000000000
0.000848191000000000
0.00498906000000000
0.00893301000000000
0.0125391000000000
0.0155898000000000
0.0195191000000000
0.0270204000000000
0.0375600000000000
0.0458514000000000
0.0477802000000000
0.0454714000000000
0.0429990000000000
0.0404000000000000
0.0354025000000000
0.0284045000000000
0.0220319000000000
0.0173079000000000
0.0126601000000000
0.00633565000000000
-0.00159686000000000
-0.00898401000000000
-0.0127318000000000
-0.0107369000000000
-0.00356334000000000
0.00628085000000000
0.0160997000000000
0.0234967000000000
0.0269453000000000
0.0270820000000000
0.0262616000000000
0.0256755000000000
0.0244281000000000
0.0212115000000000
0.0152972000000000
0.00610500000000000
-0.00592052000000000
-0.0178246000000000
-0.0257270000000000
-0.0282095000000000
-0.0267671000000000
-0.0231224000000000
-0.0178503000000000
-0.0118173000000000
-0.00656204000000000
-0.00278901000000000
0.000911827000000000
0.00642094000000000
0.0133225000000000
0.0183625000000000
0.0189980000000000
0.0163485000000000
0.0131017000000000
0.00972472000000000
0.00498514000000000
-0.000629407000000000
-0.00462672000000000
-0.00553588000000000
-0.00369626000000000
0.000292193000000000
0.00521153000000000
0.00794248000000000
0.00617471000000000
0.00183950000000000
-0.00117512000000000
-0.00203586000000000
-0.00284639000000000
-0.00419310000000000
-0.00413583000000000
-0.00158767000000000
0.00201501000000000
0.00521545000000000
0.00834394000000000
0.0119294000000000
0.0150227000000000
0.0165413000000000
0.0169459000000000
0.0172619000000000
0.0167184000000000
0.0132698000000000
0.00640772000000000
-0.00191784000000000
-0.0102678000000000
-0.0188893000000000
-0.0272983000000000
-0.0328226000000000
-0.0339198000000000
-0.0323855000000000
-0.0305687000000000
-0.0284023000000000
-0.0253269000000000
-0.0225228000000000
-0.0203743000000000
-0.0162869000000000
-0.00810107000000000
0.00238767000000000
0.0119495000000000
0.0194306000000000
0.0244213000000000
0.0251140000000000
0.0207150000000000
0.0137293000000000
0.00777392000000000
0.00385575000000000
0.000991009000000000
-0.00148075000000000
-0.00333280000000000
-0.00436435000000000
-0.00478575000000000
-0.00502291000000000
-0.00507065000000000
-0.00378155000000000
-0.000566790000000000
0.00273151000000000
0.00332384000000000
0.00102974000000000
-0.00239103000000000
-0.00673498000000000
-0.0131644000000000
-0.0207643000000000
-0.0268601000000000
-0.0307738000000000
-0.0336026000000000
-0.0347559000000000
-0.0325726000000000
-0.0280302000000000
-0.0238923000000000
-0.0207565000000000
-0.0175421000000000
-0.0149722000000000
-0.0147301000000000
-0.0162006000000000
-0.0174401000000000
-0.0182942000000000
-0.0191538000000000
-0.0182079000000000
-0.0136284000000000
-0.00708678000000000
-0.00123496000000000
0.00446197000000000
0.0115416000000000
0.0177158000000000
0.0190966000000000
0.0152759000000000
0.00902940000000000
0.00188837000000000
-0.00562262000000000
-0.0117018000000000
-0.0148411000000000
-0.0167901000000000
-0.0199114000000000
-0.0232670000000000
-0.0244908000000000
-0.0237276000000000
-0.0223872000000000
-0.0196660000000000
-0.0139456000000000
-0.00638351000000000
0.000215488000000000
0.00599640000000000
0.0137652000000000
0.0247363000000000
0.0366802000000000
0.0465575000000000
0.0524639000000000
0.0537034000000000
0.0503591000000000
0.0440806000000000
0.0376093000000000
0.0324325000000000
0.0273846000000000
0.0208181000000000
0.0133583000000000
0.00739992000000000
0.00447351000000000
0.00426864000000000
0.00619063000000000
0.00986313000000000
0.0139400000000000
0.0162858000000000
0.0164449000000000
0.0160952000000000
0.0163508000000000
0.0160044000000000
0.0136923000000000
0.0105975000000000
0.00938008000000000
0.0104852000000000
0.0113813000000000
0.00957386000000000
0.00549923000000000
0.00144757000000000
-0.00146640000000000
-0.00443372000000000
-0.00878630000000000
-0.0142135000000000
-0.0195920000000000
-0.0243395000000000
-0.0280268000000000
-0.0297024000000000
-0.0288192000000000
-0.0262560000000000
-0.0233746000000000
-0.0206108000000000
-0.0178750000000000
-0.0155203000000000
-0.0136665000000000
-0.0115147000000000
-0.00851093000000000
-0.00546830000000000
-0.00319450000000000
-0.00117781000000000
0.00114138000000000
0.00275796000000000
0.00253359000000000
0.000959583000000000
-0.000664173000000000
-0.00165928000000000
-0.00108953000000000
0.00271941000000000
0.00975654000000000
0.0166881000000000
0.0197354000000000
0.0183715000000000
0.0143771000000000
0.00899073000000000
0.00275583000000000
-0.00307178000000000
-0.00736339000000000
-0.0104317000000000
-0.0132350000000000
-0.0156738000000000
-0.0170019000000000
-0.0168741000000000
-0.0149778000000000
-0.0106372000000000
-0.00405199000000000
0.00309935000000000
0.00909205000000000
0.0131286000000000
0.0145710000000000
0.0127105000000000
0.00817986000000000
0.00327407000000000
8.48090000000000e-05
-0.000915133000000000
-0.000368730000000000
0.000733559000000000
0.00150350000000000
0.00236727000000000
0.00518654000000000
0.0111632000000000
0.0187570000000000
0.0251185000000000
0.0287262000000000
0.0300890000000000
0.0294636000000000
0.0259478000000000
0.0192401000000000
0.0116693000000000
0.00613795000000000
0.00278273000000000
-0.00113600000000000
-0.00700508000000000
-0.0129627000000000
-0.0166836000000000
-0.0183110000000000
-0.0189341000000000
-0.0186651000000000
-0.0173090000000000
-0.0148097000000000
-0.0103423000000000
-0.00340991000000000
0.00403159000000000
0.00938445000000000
0.0130299000000000
0.0171801000000000
0.0220341000000000
0.0260016000000000
0.0285928000000000
0.0292081000000000
0.0256082000000000
0.0166332000000000
0.00530242000000000
-0.00464129000000000
-0.0122667000000000
-0.0185441000000000
-0.0234530000000000
-0.0270439000000000
-0.0300419000000000
-0.0324886000000000
-0.0333628000000000
-0.0329189000000000
-0.0324673000000000
-0.0319159000000000
-0.0302269000000000
-0.0278643000000000
-0.0259904000000000
-0.0236704000000000
-0.0192894000000000
-0.0138716000000000
-0.0100491000000000
-0.00846756000000000
-0.00838563000000000
-0.0103387000000000
-0.0150540000000000
-0.0210792000000000
-0.0261148000000000
-0.0296138000000000
-0.0318766000000000
-0.0321423000000000
-0.0300868000000000
-0.0273207000000000
-0.0248002000000000
-0.0203440000000000
-0.0120907000000000
-0.00229094000000000
0.00502683000000000
0.00869967000000000
0.00983533000000000
0.00912903000000000
0.00722946000000000
0.00623422000000000
0.00788252000000000
0.0113701000000000
0.0148310000000000
0.0180196000000000
0.0217427000000000
0.0255959000000000
0.0281804000000000
0.0288495000000000
0.0280593000000000
0.0263009000000000
0.0236234000000000
0.0200347000000000
0.0157713000000000
0.0114385000000000
0.00831267000000000
0.00783624000000000
0.0101222000000000
0.0134200000000000
0.0161815000000000
0.0187481000000000
0.0221585000000000
0.0251072000000000
0.0246881000000000
0.0200829000000000
0.0136497000000000
0.00745966000000000
0.00149879000000000
-0.00438497000000000
-0.00920838000000000
-0.0123508000000000
-0.0142897000000000
-0.0149341000000000
-0.0134973000000000
-0.0103972000000000
-0.00750673000000000
-0.00561411000000000
-0.00380240000000000
-0.00132182000000000
0.00137753000000000
0.00364034000000000
0.00505776000000000
0.00517085000000000
0.00400425000000000
0.00257281000000000
0.00151045000000000
8.87350000000000e-05
-0.00255511000000000
-0.00591682000000000
-0.00892270000000000
-0.0109781000000000
-0.0115830000000000
-0.00993486000000000
-0.00614400000000000
-0.00192356000000000
0.00126276000000000
0.00399652000000000
0.00741943000000000
0.0109188000000000
0.0126377000000000
0.0123665000000000
0.0118980000000000
0.0125144000000000
0.0131308000000000
0.0123575000000000
0.0107993000000000
0.0101623000000000
0.0106404000000000
0.0110627000000000
0.0113017000000000
0.0126724000000000
0.0155012000000000
0.0178862000000000
0.0177517000000000
0.0152076000000000
0.0121210000000000
0.00983164000000000
0.00811609000000000
0.00636378000000000
0.00480402000000000
0.00382661000000000
0.00278946000000000
0.000570231000000000
-0.00276839000000000
-0.00602397000000000
-0.00840648000000000
-0.00983836000000000
-0.0101088000000000
-0.00927148000000000
-0.00815599000000000
-0.00718754000000000
-0.00549150000000000
-0.00290456000000000
-0.00114631000000000
-0.00171846000000000
-0.00377617000000000
-0.00634204000000000
-0.00990011000000000
-0.0143995000000000
-0.0176822000000000
-0.0184275000000000
-0.0178940000000000
-0.0176015000000000
-0.0172810000000000
-0.0162656000000000
-0.0146517000000000
-0.0124830000000000
-0.00963640000000000
-0.00671884000000000
-0.00441456000000000
-0.00202611000000000
0.00152289000000000
0.00572921000000000
0.00907501000000000
0.0110001000000000
0.0120907000000000
0.0130456000000000
0.0142034000000000
0.0152827000000000
0.0155068000000000
0.0144006000000000
0.0123765000000000
0.00986739000000000
0.00683865000000000
0.00347110000000000
0.000749653000000000
-0.000542806000000000
-0.000606331000000000
-0.000144522000000000
0.000396782000000000
0.000753498000000000
0.000859981000000000
0.00100050000000000
0.00135589000000000
0.00154048000000000
0.00122589000000000
0.000862828000000000
0.00113141000000000
0.00193566000000000
0.00255399000000000
0.00261439000000000
0.00252989000000000
0.00284785000000000
0.00347458000000000
0.00363081000000000
0.00282633000000000
0.00159159000000000
0.000965007000000000
0.00128742000000000
0.00219859000000000
0.00364706000000000
0.00591783000000000
0.00855767000000000
0.0105341000000000
0.0117825000000000
0.0132978000000000
0.0153813000000000
0.0172709000000000
0.0188579000000000
0.0209257000000000
0.0233006000000000
0.0245906000000000
0.0243608000000000
0.0235550000000000
0.0224600000000000
0.0197758000000000
0.0145519000000000
0.00760816000000000
0.000818132000000000
-0.00447004000000000
-0.00799673000000000
-0.0105055000000000
-0.0126153000000000
-0.0140207000000000
-0.0139893000000000
-0.0128607000000000
-0.0113331000000000
-0.00941225000000000
-0.00708174000000000
-0.00546538000000000
-0.00526521000000000
-0.00562778000000000
-0.00588925000000000
-0.00689827000000000
-0.00928067000000000
-0.0121871000000000
-0.0149106000000000
-0.0177058000000000
-0.0204034000000000
-0.0222134000000000
-0.0235920000000000
-0.0256710000000000
-0.0279999000000000
-0.0290792000000000
-0.0289817000000000
-0.0285693000000000
-0.0274160000000000
-0.0248405000000000
-0.0218223000000000
-0.0191370000000000
-0.0156817000000000
-0.0108254000000000
-0.00659724000000000
-0.00481870000000000
-0.00432893000000000
-0.00324045000000000
-0.00195404000000000
-0.00145093000000000
-0.000927977000000000
0.000484078000000000
0.00163171000000000
0.00105319000000000
-0.000842363000000000
-0.00279988000000000
-0.00421988000000000
-0.00471559000000000
-0.00374513000000000
-0.00169459000000000
0.000287407000000000
0.00202409000000000
0.00439382000000000
0.00738379000000000
0.00998641000000000
0.0119159000000000
0.0137786000000000
0.0152961000000000
0.0154586000000000
0.0141115000000000
0.0122813000000000
0.0105929000000000
0.00894343000000000
0.00732551000000000
0.00633106000000000
0.00652708000000000
0.00780990000000000
0.00920827000000000
0.00961432000000000
0.00890152000000000
0.00792422000000000
0.00697448000000000
0.00531677000000000
0.00266057000000000
-9.37448000000000e-05
-0.00221372000000000
-0.00381305000000000
-0.00476222000000000
-0.00428634000000000
-0.00243272000000000
-0.000680581000000000
-0.000417886000000000
-0.00169750000000000
-0.00399046000000000
-0.00707277000000000
-0.0107264000000000
-0.0141339000000000
-0.0161288000000000
-0.0161882000000000
-0.0150742000000000
-0.0139075000000000
-0.0127397000000000
-0.0109537000000000
-0.00877095000000000
-0.00691878000000000
-0.00479719000000000
-0.00135276000000000
0.00216867000000000
0.00266842000000000
-0.000706269000000000
-0.00548253000000000
-0.00928336000000000
-0.0120022000000000
-0.0140510000000000
-0.0151773000000000
-0.0156424000000000
-0.0161625000000000
-0.0162723000000000
-0.0150484000000000
-0.0134782000000000
-0.0136150000000000
-0.0154979000000000
-0.0172709000000000
-0.0181933000000000
-0.0190282000000000
-0.0197321000000000
-0.0192053000000000
-0.0174973000000000
-0.0160773000000000
-0.0157893000000000
-0.0161815000000000
-0.0168125000000000
-0.0175668000000000
-0.0178896000000000
-0.0169392000000000
-0.0144712000000000
-0.0107106000000000
-0.00586841000000000
-9.87927000000000e-05
0.00611912000000000
0.0122566000000000
0.0177035000000000
0.0217864000000000
0.0240257000000000
0.0248147000000000
0.0247699000000000
0.0241613000000000
0.0232333000000000
0.0224735000000000
0.0217707000000000
0.0200739000000000
0.0170008000000000
0.0139366000000000
0.0126679000000000
0.0130557000000000
0.0135533000000000
0.0132619000000000
0.0126399000000000
0.0122118000000000
0.0117893000000000
0.0109302000000000
0.00974489000000000
0.00882138000000000
0.00867490000000000
0.00941908000000000
0.0107581000000000
0.0120885000000000
0.0127778000000000
0.0126029000000000
0.0119820000000000
0.0116357000000000
0.0119820000000000
0.0129190000000000
0.0140655000000000
0.0151134000000000
0.0160448000000000
0.0171230000000000
0.0185743000000000
0.0202656000000000
0.0217528000000000
0.0227077000000000
0.0233241000000000
0.0240515000000000
0.0250669000000000
0.0260789000000000
0.0266662000000000
0.0265620000000000
0.0254872000000000
0.0228904000000000
0.0185396000000000
0.0132395000000000
0.00802867000000000
0.00287284000000000
-0.00290165000000000
-0.00884996000000000
-0.0135735000000000
-0.0165155000000000
-0.0185766000000000
-0.0203250000000000
-0.0214962000000000
-0.0222863000000000
-0.0235752000000000
-0.0252395000000000
-0.0261574000000000
-0.0260689000000000
-0.0258469000000000
-0.0257371000000000
-0.0250243000000000
-0.0234934000000000
-0.0217786000000000
-0.0201109000000000
-0.0182661000000000
-0.0164673000000000
-0.0150854000000000
-0.0136206000000000
-0.0114060000000000
-0.00881679000000000
-0.00650433000000000
-0.00392501000000000
-8.73329000000000e-05
0.00465137000000000
0.00897874000000000
0.0122062000000000
0.0142370000000000
0.0145553000000000
0.0126029000000000
0.00872937000000000
0.00422313000000000
0.000561668000000000
-0.00142538000000000
-0.00199708000000000
-0.00212911000000000
-0.00219187000000000
-0.00119854000000000
0.00184443000000000
0.00604044000000000
0.00949518000000000
0.0116301000000000
0.0130434000000000
0.0136497000000000
0.0130030000000000
0.0117153000000000
0.0108134000000000
0.00993900000000000
0.00801040000000000
0.00540553000000000
0.00374076000000000
0.00347603000000000
0.00341372000000000
0.00276346000000000
0.00205233000000000
0.00187256000000000
0.00199529000000000
0.00199506000000000
0.00187839000000000
0.00194026000000000
0.00210501000000000
0.00156649000000000
-0.000621270000000000
-0.00418648000000000
-0.00766398000000000
-0.00996747000000000
-0.0115225000000000
-0.0129661000000000
-0.0139490000000000
-0.0139019000000000
-0.0133796000000000
-0.0131891000000000
-0.0133101000000000
-0.0133382000000000
-0.0133202000000000
-0.0133034000000000
-0.0129952000000000
-0.0122308000000000
-0.0110630000000000
-0.00922743000000000
-0.00626706000000000
-0.00245771000000000
0.00121961000000000
0.00385216000000000
0.00507704000000000
0.00494894000000000
0.00403249000000000
0.00282409000000000
0.00109471000000000
-0.00141339000000000
-0.00366421000000000
-0.00435673000000000
-0.00405278000000000
-0.00434821000000000
-0.00523361000000000
-0.00534468000000000
-0.00464678000000000
-0.00444471000000000
-0.00495712000000000
-0.00516771000000000
-0.00512781000000000
-0.00602161000000000
-0.00794372000000000
-0.00953363000000000
-0.0100055000000000
-0.00964402000000000
-0.00884436000000000
-0.00796434000000000
-0.00773021000000000
-0.00807462000000000
-0.00782693000000000
-0.00632893000000000
-0.00440245000000000
-0.00265015000000000
-0.000430495000000000
0.00261036000000000
0.00546751000000000
0.00751021000000000
0.00955201000000000
0.0120269000000000
0.0139120000000000
0.0147313000000000
0.0157433000000000
0.0179927000000000
0.0205211000000000
0.0218178000000000
0.0217730000000000
0.0210815000000000
0.0196738000000000
0.0171633000000000
0.0138571000000000
0.0102634000000000
0.00664420000000000
0.00357623000000000
0.00182460000000000
0.00123485000000000
0.000881141000000000
0.000505373000000000
0.000920233000000000
0.00266797000000000
0.00547424000000000
0.00893637000000000
0.0126029000000000
0.0151986000000000
0.0156940000000000
0.0147055000000000
0.0137775000000000
0.0132877000000000
0.0126657000000000
0.0120448000000000
0.0121883000000000
0.0128551000000000
0.0127565000000000
0.0112827000000000
0.00907053000000000
0.00700452000000000
0.00542414000000000
0.00420273000000000
0.00297438000000000
0.00134155000000000
-0.000707860000000000
-0.00278497000000000
-0.00463849000000000
-0.00640099000000000
-0.00798843000000000
-0.00889479000000000
-0.00893503000000000
-0.00868084000000000
-0.00870471000000000
-0.00884492000000000
-0.00863377000000000
-0.00803125000000000
-0.00727462000000000
-0.00632276000000000
-0.00500968000000000
-0.00345496000000000
-0.00188209000000000
-0.000273252000000000
0.00120045000000000
0.00186640000000000
0.00126197000000000
-2.63210000000000e-05
-0.000998462000000000
-0.00141563000000000
-0.00190226000000000
-0.00301170000000000
-0.00478643000000000
-0.00705294000000000
-0.00965411000000000
-0.0123373000000000
-0.0147649000000000
-0.0166018000000000
-0.0174357000000000
-0.0168876000000000
-0.0151246000000000
-0.0129750000000000
-0.0111975000000000
-0.00976394000000000
-0.00821046000000000
-0.00641590000000000
-0.00474787000000000
-0.00356435000000000
-0.00300442000000000
-0.00307884000000000
-0.00369055000000000
-0.00449962000000000
-0.00523966000000000
-0.00595515000000000
-0.00669575000000000
-0.00710393000000000
-0.00685456000000000
-0.00612708000000000
-0.00530298000000000
-0.00447956000000000
-0.00371789000000000
-0.00333415000000000
-0.00338133000000000
-0.00320795000000000
-0.00214872000000000
-0.000439584000000000
0.00114172000000000
0.00225362000000000
0.00304252000000000
0.00354194000000000
0.00365592000000000
0.00356771000000000
0.00364448000000000
0.00384331000000000
0.00362050000000000
0.00261182000000000
0.00126354000000000
0.000357780000000000
1.14060000000000e-05
-0.000461898000000000
-0.00156290000000000
-0.00288349000000000
-0.00365861000000000
-0.00366701000000000
-0.00311694000000000
-0.00190630000000000
0.000239293000000000
0.00298144000000000
0.00539926000000000
0.00684347000000000
0.00737269000000000
0.00752399000000000
0.00785955000000000
0.00853705000000000
0.00911547000000000
0.00906302000000000
0.00846285000000000
0.00794080000000000
0.00767249000000000
0.00704128000000000
0.00578536000000000
0.00480794000000000
0.00500374000000000
0.00583344000000000
0.00608169000000000
0.00564067000000000
0.00565378000000000
0.00687575000000000
0.00879818000000000
0.0106567000000000
0.0122701000000000
0.0134895000000000
0.0137696000000000
0.0129739000000000
0.0115136000000000
0.00960401000000000
0.00722576000000000
0.00512781000000000
0.00423434000000000
0.00406892000000000
0.00333213000000000
0.00220644000000000
0.00195774000000000
0.00239686000000000
0.00211375000000000
0.00111835000000000
0.000738154000000000
0.000628051000000000
-0.00101983000000000
-0.00418077000000000
-0.00665955000000000
-0.00771127000000000
-0.00860183000000000
-0.00985013000000000
-0.0106045000000000
-0.0108437000000000
-0.0113432000000000
-0.0118307000000000
-0.0116368000000000
-0.0117456000000000
-0.0136643000000000
-0.0164864000000000
-0.0178716000000000
-0.0175623000000000
-0.0173964000000000
-0.0180566000000000
-0.0183502000000000
-0.0177786000000000
-0.0174200000000000
-0.0179714000000000
-0.0185923000000000
-0.0185699000000000
-0.0184432000000000
-0.0187626000000000
-0.0187189000000000
-0.0172563000000000
-0.0147828000000000
-0.0125301000000000
-0.0106870000000000
-0.00836591000000000
-0.00531621000000000
-0.00239473000000000
-0.000264051000000000
0.00142740000000000
0.00313768000000000
0.00462380000000000
0.00524571000000000
0.00465967000000000
0.00305429000000000
0.00109829000000000
-0.000670225000000000
-0.00232670000000000
-0.00403529000000000
-0.00522969000000000
-0.00524549000000000
-0.00451845000000000
-0.00411330000000000
-0.00409391000000000
-0.00374647000000000
-0.00314709000000000
-0.00311392000000000
-0.00354675000000000
-0.00337214000000000
-0.00207273000000000
-0.000120370000000000
0.00207643000000000
0.00452977000000000
0.00700172000000000
0.00903702000000000
0.0106854000000000
0.0123597000000000
0.0139075000000000
0.0145318000000000
0.0137338000000000
0.0119675000000000
0.0100820000000000
0.00835929000000000
0.00643955000000000
0.00439282000000000
0.00311504000000000
0.00331812000000000
0.00444538000000000
0.00552848000000000
0.00634417000000000