-0.000196872000000000
-0.000535586000000000
-0.000816329000000000
-0.000653797000000000
-0.000199845000000000
0.000170900000000000
0.000175293000000000
9.11501000000000e-05
0.000141352000000000
0.000235533000000000
0.000233592000000000
0.000183712000000000
0.000197822000000000
0.000237842000000000
0.000225203000000000
0.000201684000000000
0.000221403000000000
0.000240866000000000
0.000225786000000000
0.000217602000000000
0.000235216000000000
0.000241806000000000
0.000229832000000000
0.000230138000000000
0.000242429000000000
0.000242245000000000
0.000234787000000000
0.000238465000000000
0.000245403000000000
0.000242542000000000
0.000238833000000000
0.000242828000000000
0.000245668000000000
0.000242358000000000
0.000240968000000000
0.000243829000000000
0.000244054000000000
0.000241183000000000
0.000240795000000000
0.000242133000000000
0.000240897000000000
0.000238588000000000
0.000238312000000000
0.000238240000000000
0.000236299000000000
0.000234337000000000
0.000233653000000000
0.000232509000000000
0.000230220000000000
0.000228330000000000
0.000227063000000000
0.000225142000000000
0.000222659000000000
0.000220606000000000
0.000218726000000000
0.000216264000000000
0.000213607000000000
0.000211257000000000
0.000208826000000000
0.000205985000000000
0.000203114000000000
0.000200407000000000
0.000197515000000000
0.000194369000000000
0.000191252000000000
0.000188177000000000
0.000184908000000000
0.000181495000000000
0.000178113000000000
0.000174701000000000
0.000171125000000000
0.000167467000000000
0.000163820000000000
0.000160101000000000
0.000156269000000000
0.000152387000000000
0.000148484000000000
0.000144509000000000
0.000140443000000000
0.000136346000000000
0.000132218000000000
0.000128019000000000
0.000123759000000000
0.000119478000000000
0.000115146000000000
0.000110763000000000
0.000106339000000000
0.000101883000000000
9.73876000000000e-05
9.28471000000000e-05
8.82771000000000e-05
8.36814000000000e-05
7.90501000000000e-05
7.43860000000000e-05
6.96995000000000e-05
6.49904000000000e-05
6.02528000000000e-05
5.54937000000000e-05
5.07173000000000e-05
4.59234000000000e-05
4.11112000000000e-05
3.62847000000000e-05
3.14470000000000e-05
2.65980000000000e-05
2.17387000000000e-05
1.68724000000000e-05
1.20019000000000e-05
7.12606000000000e-06
2.24785000000000e-06
-2.62976000000000e-06
-7.50573000000000e-06
-1.23789000000000e-05
-1.72484000000000e-05
-2.21096000000000e-05
-2.69637000000000e-05
-3.18076000000000e-05
-3.66392000000000e-05
-4.14576000000000e-05
-4.62606000000000e-05
-5.10473000000000e-05
-5.58156000000000e-05
-6.05634000000000e-05
-6.52898000000000e-05
-6.99937000000000e-05
-7.46711000000000e-05
-7.93229000000000e-05
-8.39461000000000e-05
-8.85396000000000e-05
-9.31015000000000e-05
-9.76307000000000e-05
-0.000102125000000000
-0.000106584000000000
-0.000111008000000000
-0.000115391000000000
-0.000119733000000000
-0.000124024000000000
-0.000128285000000000
-0.000132494000000000
-0.000136653000000000
-0.000140770000000000
-0.000144836000000000
-0.000148852000000000
-0.000152816000000000
-0.000156729000000000
-0.000160581000000000
-0.000164382000000000
-0.000168121000000000
-0.000171799000000000
-0.000175426000000000
-0.000178982000000000
-0.000182476000000000
-0.000185909000000000
-0.000189280000000000
-0.000192581000000000
-0.000195809000000000
-0.000198976000000000
-0.000202062000000000
-0.000205086000000000
-0.000208039000000000
-0.000210920000000000
-0.000213709000000000
-0.000216437000000000
-0.000219094000000000
-0.000221668000000000
-0.000224151000000000
-0.000226562000000000
-0.000228892000000000
-0.000231140000000000
-0.000233295000000000
-0.000235390000000000
-0.000237392000000000
-0.000239283000000000
-0.000241111000000000
-0.000242869000000000
-0.000244514000000000
-0.000246056000000000
-0.000247538000000000
-0.000248948000000000
-0.000250215000000000
-0.000251379000000000
-0.000252524000000000
-0.000253566000000000
-0.000254434000000000
-0.000255231000000000
-0.000256038000000000
-0.000256682000000000
-0.000257121000000000
-0.000257571000000000
-0.000258041000000000
-0.000258235000000000
-0.000258245000000000
-0.000258388000000000
-0.000258491000000000
-0.000258184000000000
-0.000257786000000000
-0.000257673000000000
-0.000257346000000000
-0.000256468000000000
-0.000255752000000000
-0.000255425000000000
-0.000254547000000000
-0.000253065000000000
-0.000252176000000000
-0.000251635000000000
-0.000250010000000000
-0.000247957000000000
-0.000247129000000000
-0.000246261000000000
-0.000243604000000000
-0.000241203000000000
-0.000240733000000000
-0.000239180000000000
-0.000235237000000000
-0.000232989000000000
-0.000233071000000000
-0.000230159000000000
-0.000224836000000000
-0.000223640000000000
-0.000224151000000000
-0.000218797000000000
-0.000212524000000000
-0.000213628000000000
-0.000213730000000000
-0.000204575000000000
-0.000198792000000000
-0.000203533000000000
-0.000201081000000000
-0.000187012000000000
-0.000184703000000000
-0.000193735000000000
-0.000184846000000000
-0.000166047000000000
-0.000172055000000000
-0.000183937000000000
-0.000162890000000000
-0.000142670000000000
-0.000163370000000000
-0.000172330000000000
-0.000132627000000000
-0.000119917000000000
-0.000161214000000000
-0.000154532000000000
-9.20492000000000e-05
-0.000103907000000000
-0.000166670000000000
-0.000122717000000000
-4.18407000000000e-05
-0.000104510000000000
-0.000176857000000000
-6.47963000000000e-05
1.28387000000000e-05
-0.000139942000000000
-0.000187145000000000
6.87575000000000e-05
6.88658000000000e-05
-0.000437370000000000
-0.000683723000000000
-0.000197096000000000
0.000113613000000000
-0.000327077000000000
-0.000663186000000000
-0.000239987000000000
0.000116413000000000
-7.56979000000000e-05
-6.95156000000000e-05
0.000276094000000000
-0.000132474000000000
-0.00121317000000000
-0.00138757000000000
-0.000391445000000000
0.000219707000000000
2.18961000000000e-05
1.35427000000000e-05
0.000232999000000000
-9.99193000000000e-06
-0.000135805000000000
0.000395051000000000
0.000264314000000000
-0.00136949000000000
-0.00271415000000000
-0.00227666000000000
-0.00128785000000000
-0.00101376000000000
-0.000704790000000000
-8.33913000000000e-05
9.42285000000000e-05
0.000355940000000000
0.00167947000000000
0.00233408000000000
0.000215967000000000
-0.00272968000000000
-0.00290480000000000
-0.000581491000000000
0.000974714000000000
0.000600658000000000
-0.000538774000000000
-0.00151600000000000
-0.00194838000000000
-0.00123319000000000
0.000155718000000000
0.000772549000000000
0.000496537000000000
0.000914924000000000
0.00243114000000000
0.00256897000000000
-0.00100109000000000
-0.00649169000000000
-0.00872084000000000
-0.00505139000000000
0.00157935000000000
0.00605532000000000
0.00610947000000000
0.00275287000000000
-0.00125383000000000
-0.00252166000000000
5.83984000000000e-05
0.00244146000000000
0.000347358000000000
-0.00339532000000000
-0.00306929000000000
-0.000430474000000000
-0.00123176000000000
-0.00400691000000000
-0.00327394000000000
-0.00115473000000000
-0.00242092000000000
-0.00224008000000000
0.00587662000000000
0.0140974000000000
0.00959797000000000
-0.00273540000000000
-0.00605430000000000
0.00161051000000000
0.00564827000000000
0.000887348000000000
-0.00243093000000000
0.000249551000000000
0.000829979000000000
-0.00325504000000000
-0.00374586000000000
0.00161490000000000
0.00362816000000000
-0.00138298000000000
-0.00463056000000000
-0.000694859000000000
0.00389023000000000
0.00306643000000000
-0.000108535000000000
-0.00167906000000000
-0.00289285000000000
-0.00421493000000000
-0.00263323000000000
0.00167120000000000
0.00371828000000000
0.00149342000000000
-0.000541951000000000
0.00117516000000000
0.00423117000000000
0.00523479000000000
0.00564940000000000
0.00722108000000000
0.00634068000000000
0.000603846000000000
-0.00548470000000000
-0.00790644000000000
-0.00982713000000000
-0.0125966000000000
-0.00950305000000000
0.00117230000000000
0.00885815000000000
0.00670543000000000
0.00482580000000000
0.0100920000000000
0.0124637000000000
0.00609047000000000
0.00440088000000000
0.0110334000000000
0.00506192000000000
-0.0168744000000000
-0.0206026000000000
0.00808054000000000
0.0261280000000000
0.00250511000000000
-0.0228361000000000
-0.00586763000000000
0.0217960000000000
0.0102579000000000
-0.0167293000000000
-0.00817658000000000
0.0190180000000000
0.0169214000000000
-0.00111427000000000
0.00362152000000000
0.0113858000000000
-0.0129337000000000
-0.0372390000000000
-0.0155125000000000
0.0219104000000000
0.0194328000000000
-0.00678379000000000
-0.00487249000000000
0.0208703000000000
0.0278587000000000
0.00939567000000000
-0.00855992000000000
-0.0160581000000000
-0.0191988000000000
-0.0186624000000000
-0.0121817000000000
-0.00108147000000000
0.0148750000000000
0.0295680000000000
0.0308462000000000
0.0202757000000000
0.0123442000000000
0.00645113000000000
-0.00865534000000000
-0.0208448000000000
-0.00941426000000000
0.0111417000000000
0.00786026000000000
-0.0140842000000000
-0.0200928000000000
-0.00189965000000000
0.0158037000000000
0.0140494000000000
-0.00192417000000000
-0.0152203000000000
-0.0122584000000000
0.00299839000000000
0.0127151000000000
0.0105051000000000
0.00749990000000000
0.00341780000000000
-0.0133087000000000
-0.0266593000000000
-0.00644418000000000
0.0281765000000000
0.0244258000000000
-0.0129889000000000
-0.0211176000000000
0.0150476000000000
0.0366832000000000
0.00983326000000000
-0.0271701000000000
-0.0376640000000000
-0.0329560000000000
-0.0263201000000000
-0.00714925000000000
0.0189209000000000
0.0236238000000000
0.00379378000000000
-0.00789111000000000
0.00569456000000000
0.0219257000000000
0.0154042000000000
-0.00667008000000000
-0.0186318000000000
-0.0100896000000000
0.00616331000000000
0.0154103000000000
0.0160387000000000
0.0106809000000000
-0.00338061000000000
-0.0199559000000000
-0.0221995000000000
-0.00837152000000000
-0.00185899000000000
-0.0105235000000000
-0.00929759000000000
0.0137378000000000
0.0270700000000000
0.00719063000000000
-0.0196667000000000
-0.0228228000000000
-0.0138900000000000
-0.0116689000000000
-0.00446770000000000
0.0153919000000000
0.0244575000000000
0.0116852000000000
0.00427889000000000
0.0176274000000000
0.0241377000000000
0.00333933000000000
-0.0218695000000000
-0.0266971000000000
-0.0206251000000000
-0.0180729000000000
-0.0110824000000000
0.00740826000000000
0.0230343000000000
0.0229372000000000
0.0169592000000000
0.0179186000000000
0.0178062000000000
0.00319466000000000
-0.0159314000000000
-0.0181291000000000
-0.00723835000000000
-0.00909774000000000
-0.0234031000000000
-0.0165781000000000
0.0199640000000000
0.0433549000000000
0.0244963000000000
-0.00265224000000000
0.00153439000000000
0.0166118000000000
0.00797397000000000
-0.00777116000000000
-0.00123871000000000
0.00978565000000000
0.00132157000000000
-0.00520577000000000
0.0110364000000000
0.0218389000000000
0.00453819000000000
-0.0100234000000000
0.000532368000000000
0.00236044000000000
-0.0236636000000000
-0.0315266000000000
0.00250245000000000
0.0220708000000000
-0.0114206000000000
-0.0410571000000000
-0.0123759000000000
0.0319057000000000
0.0319517000000000
0.00952573000000000
0.00838868000000000
0.00950152000000000
-0.0149710000000000
-0.0334934000000000
-0.0161470000000000
0.00156790000000000
-0.0138451000000000
-0.0265898000000000
0.00162645000000000
0.0375935000000000
0.0323512000000000
0.00282674000000000
-0.00345642000000000
0.0169654000000000
0.0316411000000000
0.0264130000000000
0.00993370000000000
-0.0111376000000000
-0.0324554000000000
-0.0431618000000000
-0.0374137000000000
-0.0279374000000000
-0.0332686000000000
-0.0531111000000000
-0.0611969000000000
-0.0310342000000000
0.0282776000000000
0.0720126000000000
0.0678410000000000
0.0328416000000000
0.00624198000000000
-0.000554396000000000
-0.00448782000000000
-0.0150190000000000
-0.0257591000000000
-0.0348768000000000
-0.0439751000000000
-0.0400241000000000
-0.00916640000000000
0.0370908000000000
0.0712146000000000
0.0822868000000000
0.0714272000000000
0.0381524000000000
-0.00751584000000000
-0.0330837000000000
-0.0240784000000000
-0.0122359000000000
-0.0291297000000000
-0.0521262000000000
-0.0430106000000000
-0.0141567000000000
-0.00915434000000000
-0.0356175000000000
-0.0650865000000000
-0.0820529000000000
-0.0911787000000000
-0.0917978000000000
-0.0825351000000000
-0.0743124000000000
-0.0693848000000000
-0.0533553000000000
-0.0270608000000000
-0.0139248000000000
-0.0134548000000000
0.00729096000000000
0.0535760000000000
0.0769280000000000
0.0435388000000000
-0.0135447000000000
-0.0441733000000000
-0.0504721000000000
-0.0668755000000000
-0.0963945000000000
-0.110099000000000
-0.0966489000000000
-0.0753628000000000
-0.0606114000000000
-0.0470371000000000
-0.0299113000000000
-0.0118425000000000
0.0196483000000000
0.0843680000000000
0.166619000000000
0.213924000000000
0.202379000000000
0.165230000000000
0.132852000000000
0.0847532000000000
-0.00204207000000000
-0.0963066000000000
-0.148341000000000
-0.150701000000000
-0.122819000000000
-0.0690282000000000
0.00363981000000000
0.0579560000000000
0.0689015000000000
0.0657843000000000
0.0849279000000000
0.106053000000000
0.0837693000000000
0.0191385000000000
-0.0445646000000000
-0.0734849000000000
-0.0564929000000000
0.0131258000000000
0.121000000000000
0.215753000000000
0.251032000000000
0.241694000000000
0.231834000000000
0.217919000000000
0.156136000000000
0.0442846000000000
-0.0631749000000000
-0.132739000000000
-0.185316000000000
-0.236963000000000
-0.254455000000000
-0.207038000000000
-0.125792000000000
-0.0779293000000000
-0.0871859000000000
-0.117761000000000
-0.117414000000000
-0.0606727000000000
0.0455066000000000
0.162532000000000
0.247844000000000
0.281908000000000
0.275737000000000
0.248498000000000
0.216161000000000
0.183263000000000
0.154267000000000
0.138696000000000
0.149873000000000
0.180637000000000
0.197526000000000
0.166711000000000
0.102569000000000
0.0546120000000000
0.0370970000000000
0.0127774000000000
-0.0436420000000000
-0.115759000000000
-0.188381000000000
-0.260370000000000
-0.314541000000000
-0.326955000000000
-0.310332000000000
-0.290296000000000
-0.245157000000000
-0.144029000000000
-0.0361580000000000
0.00137439000000000
-0.0101525000000000
0.0174200000000000
0.0842904000000000
0.103182000000000
0.0416578000000000
-0.0373074000000000
-0.0848339000000000
-0.112561000000000
-0.126906000000000
-0.107320000000000
-0.0606748000000000
-0.0288263000000000
-0.0317821000000000
-0.0522427000000000
-0.0646001000000000
-0.0487178000000000
0.00503157000000000
0.0769505000000000
0.129756000000000
0.151947000000000
0.161521000000000
0.164085000000000
0.143815000000000
0.103294000000000
0.0695564000000000
0.0555918000000000
0.0445288000000000
0.0229096000000000
-0.00462054000000000
-0.0306245000000000
-0.0500756000000000
-0.0497099000000000
-0.0228769000000000
0.00504016000000000
-0.00648096000000000
-0.0573215000000000
-0.0910214000000000
-0.0639085000000000
-0.0115943000000000
0.000728473000000000
-0.0240560000000000
-0.0308237000000000
-0.0167467000000000
-0.0331205000000000
-0.0791696000000000
-0.0850924000000000
-0.0349912000000000
-0.000503249000000000
-0.0148882000000000
-0.0206384000000000
0.00480741000000000
-0.00712811000000000
-0.0846970000000000
-0.145490000000000
-0.122114000000000
-0.0629072000000000
-0.0329448000000000
-0.0129623000000000
0.0372676000000000
0.0862102000000000
0.0800156000000000
0.0290408000000000
-0.0133577000000000
-0.0229198000000000
-0.0141230000000000
-0.00334352000000000
0.00541471000000000
0.00954566000000000
0.000313366000000000
-0.0259165000000000
-0.0511719000000000
-0.0451337000000000
-0.00318117000000000
0.0398464000000000
0.0505701000000000
0.0372737000000000
0.0303374000000000
0.0392109000000000
0.0493369000000000
0.0470381000000000
0.0269341000000000
-0.00975122000000000
-0.0484470000000000
-0.0687810000000000
-0.0697914000000000
-0.0679145000000000
-0.0688831000000000
-0.0628571000000000
-0.0465896000000000
-0.0251431000000000
0.00363869000000000
0.0435991000000000
0.0830715000000000
0.105511000000000
0.110977000000000
0.107718000000000
0.0953023000000000
0.0716427000000000
0.0434233000000000
0.0155248000000000
-0.0138798000000000
-0.0418642000000000
-0.0613808000000000
-0.0765827000000000
-0.0971403000000000
-0.114778000000000
-0.107044000000000
-0.0655861000000000
-0.00604050000000000
0.0509717000000000
0.0919164000000000
0.110415000000000
0.110099000000000
0.106982000000000
0.116188000000000
0.136193000000000
0.151191000000000
0.145541000000000
0.117281000000000
0.0776820000000000
0.0373738000000000
-0.00318311000000000
-0.0451694000000000
-0.0800064000000000
-0.0958755000000000
-0.0904022000000000
-0.0718573000000000
-0.0495811000000000
-0.0305203000000000
-0.0179094000000000
-0.00980241000000000
-0.00266725000000000
0.00136458000000000
-0.00113603000000000
-0.00859435000000000
-0.0185378000000000
-0.0338377000000000
-0.0572735000000000
-0.0834465000000000
-0.0976144000000000
-0.0821264000000000
-0.0292758000000000
0.0430065000000000
0.0979546000000000
0.113082000000000
0.100811000000000
0.0848390000000000
0.0712269000000000
0.0529619000000000
0.0308298000000000
0.0149393000000000
0.0103580000000000
0.00837438000000000
-0.00664474000000000
-0.0389892000000000
-0.0711431000000000
-0.0821346000000000
-0.0749868000000000
-0.0681822000000000
-0.0583933000000000
-0.0247027000000000
0.0242297000000000
0.0496486000000000
0.0385345000000000
0.0198200000000000
0.0140627000000000
0.0123677000000000
0.00732601000000000
0.00400057000000000
-0.00983000000000000
-0.0532378000000000
-0.102042000000000
-0.101510000000000
-0.0485318000000000
-0.00132096000000000
0.00632362000000000
0.00241214000000000
0.0135171000000000
0.0287824000000000
0.0400221000000000
0.0610099000000000
0.0845805000000000
0.0818741000000000
0.0599402000000000
0.0617220000000000
0.0859445000000000
0.0811108000000000
0.0337611000000000
-0.00868978000000000
-0.0233019000000000
-0.0403296000000000
-0.0711646000000000
-0.0871113000000000
-0.0856380000000000
-0.0961513000000000
-0.105562000000000
-0.0645399000000000
0.0167396000000000
0.0645378000000000
0.0520802000000000
0.0274071000000000
0.0193735000000000
0.00260565000000000
-0.0291890000000000
-0.0421401000000000
-0.0277351000000000
-0.0179339000000000
-0.0270179000000000
-0.0355522000000000
-0.0337468000000000
-0.0289785000000000
-0.0164647000000000
0.0139166000000000
0.0484705000000000
0.0665005000000000
0.0735421000000000
0.0886949000000000
0.109915000000000
0.117097000000000
0.0962729000000000
0.0505466000000000
-0.00430453000000000
-0.0494299000000000
-0.0774726000000000
-0.0930842000000000
-0.0983980000000000
-0.0887859000000000
-0.0662768000000000
-0.0398290000000000
-0.0119938000000000
0.0202808000000000
0.0530427000000000
0.0784677000000000
0.0958918000000000
0.102283000000000
0.0869611000000000
0.0463750000000000
-0.00276002000000000
-0.0416589000000000
-0.0641434000000000
-0.0742951000000000
-0.0773265000000000
-0.0774388000000000
-0.0741633000000000
-0.0643355000000000
-0.0484235000000000
-0.0295997000000000
-0.00515142000000000
0.0278822000000000
0.0606492000000000
0.0826291000000000
0.0985247000000000
0.114431000000000
0.114829000000000
0.0791226000000000
0.0128275000000000
-0.0551402000000000
-0.101910000000000
-0.120489000000000
-0.112234000000000
-0.0831359000000000
-0.0441947000000000
-0.00799808000000000
0.0113736000000000
0.00287987000000000
-0.0216805000000000
-0.0255160000000000
0.0132392000000000
0.0687820000000000
0.102089000000000
0.106390000000000
0.0938249000000000
0.0595325000000000
0.00324870000000000
-0.0423383000000000
-0.0460174000000000
-0.0273305000000000
-0.0254628000000000
-0.0402223000000000
-0.0461595000000000
-0.0437646000000000
-0.0494565000000000
-0.0541727000000000
-0.0411051000000000
-0.0222588000000000
-0.0161909000000000
-0.0125741000000000
0.00609373000000000
0.0319312000000000
0.0497180000000000
0.0596480000000000
0.0638441000000000
0.0520761000000000
0.0187676000000000
-0.0250797000000000
-0.0628132000000000
-0.0820651000000000
-0.0780570000000000
-0.0627080000000000
-0.0542094000000000
-0.0506386000000000
-0.0352262000000000
-0.0144469000000000
-0.0121593000000000
-0.0272570000000000
-0.0343077000000000
-0.0285085000000000
-0.0265213000000000
-0.0287772000000000
-0.0194205000000000
0.000939332000000000
0.0166425000000000
0.0217765000000000
0.0184039000000000
0.00647197000000000
-0.00625935000000000
-0.00347777000000000
0.0125690000000000
0.0213035000000000
0.0181996000000000
0.0207078000000000
0.0316973000000000
0.0327609000000000
0.0193551000000000
0.0127886000000000
0.0269321000000000
0.0479883000000000
0.0555744000000000
0.0474958000000000
0.0354479000000000
0.0278209000000000
0.0226246000000000
0.0151988000000000
0.00768238000000000
0.00493104000000000
0.00365166000000000
-0.00309494000000000
-0.0107646000000000
-0.00897504000000000
-0.00220647000000000
-0.00800064000000000
-0.0296866000000000
-0.0462545000000000
-0.0354214000000000
0.00165618000000000
0.0422433000000000
0.0606911000000000
0.0478381000000000
0.0187257000000000
4.06699000000000e-05
0.00374035000000000
0.0202634000000000
0.0343220000000000
0.0375475000000000
0.0286741000000000
0.0141557000000000
0.00603611000000000
0.00924671000000000
0.0141424000000000
0.00812038000000000
-0.00968430000000000
-0.0304375000000000
-0.0435357000000000
-0.0368375000000000
-0.00558799000000000
0.0312375000000000
0.0437094000000000
0.0278455000000000
0.0106022000000000
0.00914913000000000
0.0108811000000000
0.000948783000000000
-0.0124484000000000
-0.0179482000000000
-0.0223007000000000
-0.0341657000000000
-0.0451000000000000
-0.0449212000000000
-0.0389830000000000
-0.0348502000000000
-0.0292339000000000
-0.0200815000000000
-0.0151232000000000
-0.0157506000000000
-0.00923659000000000
0.0113256000000000
0.0332697000000000
0.0414515000000000
0.0374382000000000
0.0329580000000000
0.0331828000000000
0.0333841000000000
0.0272222000000000
0.0135498000000000
-0.00321254000000000
-0.0183007000000000
-0.0307828000000000
-0.0401590000000000
-0.0427398000000000
-0.0367741000000000
-0.0273673000000000
-0.0193480000000000
-0.0103069000000000
0.00328692000000000
0.0178910000000000
0.0281918000000000
0.0339133000000000
0.0364063000000000
0.0342188000000000
0.0259339000000000
0.0115289000000000
-0.00915588000000000
-0.0326495000000000
-0.0490866000000000
-0.0505283000000000
-0.0428522000000000
-0.0393151000000000
-0.0436798000000000
-0.0458029000000000
-0.0366004000000000
-0.0186420000000000
-0.00123054000000000
0.0129133000000000
0.0279160000000000
0.0425917000000000
0.0468195000000000
0.0353989000000000
0.0164034000000000
-0.000148545000000000
-0.0138246000000000
-0.0265877000000000
-0.0338091000000000
-0.0319149000000000
-0.0257663000000000
-0.0183048000000000
-0.00482642000000000
0.0149352000000000
0.0308942000000000
0.0363501000000000
0.0339981000000000
0.0265632000000000
0.0157741000000000
0.0114492000000000
0.0218174000000000
0.0357677000000000
0.0346224000000000
0.0198108000000000
0.00799226000000000
0.00310965000000000
-0.00286894000000000
-0.00717970000000000
-0.000307808000000000
0.0118599000000000
0.0144162000000000
0.00853693000000000
0.00708918000000000
0.0112244000000000
0.0121766000000000
0.00944594000000000
0.00783032000000000
0.00323501000000000
-0.00808667000000000
-0.0156096000000000
-0.00749541000000000
0.00800851000000000
0.0126425000000000
0.00370060000000000
-0.00598462000000000
-0.00905320000000000
-0.0100465000000000
-0.0127508000000000
-0.0132791000000000
-0.00660081000000000
0.00614523000000000
0.0179922000000000
0.0232468000000000
0.0234389000000000
0.0241694000000000
0.0257755000000000
0.0213668000000000
0.00703237000000000
-0.0112510000000000
-0.0239609000000000
-0.0284748000000000
-0.0283461000000000
-0.0267441000000000
-0.0241438000000000
-0.0200182000000000
-0.0149444000000000
-0.0102057000000000
-0.00550268000000000
0.00246669000000000
0.0138686000000000
0.0211431000000000
0.0177306000000000
0.0101984000000000
0.0120152000000000
0.0237157000000000
0.0311261000000000
0.0251992000000000
0.0123238000000000
0.000700775000000000
-0.0105194000000000
-0.0226378000000000
-0.0298184000000000
-0.0281775000000000
-0.0239620000000000
-0.0246955000000000
-0.0270199000000000
-0.0225163000000000
-0.0125332000000000
-0.00766011000000000
-0.0104775000000000
-0.00980997000000000
0.00194808000000000
0.0146349000000000
0.0139125000000000
0.00300799000000000
-0.00276840000000000
0.000257612000000000
0.00172453000000000
-0.00216682000000000
-0.00308452000000000
0.00183518000000000
0.00304375000000000
-0.00567239000000000
-0.0170430000000000
-0.0206445000000000
-0.0139626000000000
-0.000746404000000000
0.0134579000000000
0.0223242000000000
0.0215303000000000
0.0128806000000000
0.00222465000000000
-0.00553139000000000
-0.00792677000000000
-0.00494432000000000
-0.000592791000000000
0.000536955000000000
0.000288999000000000
0.00530631000000000
0.0166680000000000
0.0254312000000000
0.0218665000000000
0.00713383000000000
-0.00772815000000000
-0.0154348000000000
-0.0199988000000000
-0.0272702000000000
-0.0330755000000000
-0.0282766000000000
-0.0126211000000000
0.00522212000000000
0.0201888000000000
0.0328916000000000
0.0403613000000000
0.0372645000000000
0.0262220000000000
0.0154093000000000
0.00639626000000000
-0.00409539000000000
-0.0139524000000000
-0.0190333000000000
-0.0236166000000000
-0.0338367000000000
-0.0439934000000000
-0.0425447000000000
-0.0292963000000000
-0.0150405000000000
-0.00645736000000000
-0.00199743000000000
0.00146073000000000
0.00590074000000000
0.0125015000000000
0.0175518000000000
0.0148034000000000
0.00622880000000000
0.00276146000000000
0.00939986000000000
0.0183855000000000
0.0207365000000000
0.0160928000000000
0.00839144000000000
0.00145899000000000
0.000163053000000000
0.00587468000000000
0.0104919000000000
0.00566084000000000
-0.00442254000000000
-0.00951235000000000
-0.00825617000000000
-0.00570620000000000
-0.00227410000000000
0.00330163000000000
0.00570528000000000
0.000309872000000000
-0.00695789000000000
-0.00760207000000000
-0.00267073000000000
0.00205525000000000
0.00568986000000000
0.00922065000000000
0.0105920000000000
0.00818904000000000
0.00327282000000000
-0.00356278000000000
-0.0101196000000000
-0.00851650000000000
0.00510514000000000
0.0187441000000000
0.0165373000000000
0.00222915000000000
-0.00449865000000000
0.00452430000000000
0.0170849000000000
0.0201388000000000
0.0139064000000000
0.00368518000000000
-0.00780039000000000
-0.0168387000000000
-0.0183375000000000
-0.0136264000000000
-0.00943552000000000
-0.00832891000000000
-0.00707743000000000
-0.00452665000000000
-0.00285913000000000
-0.00395194000000000
-0.0102742000000000
-0.0237045000000000
-0.0363011000000000
-0.0330480000000000
-0.0135263000000000
0.00202215000000000
-0.000171677000000000
-0.00809862000000000
-0.00590022000000000
0.00101428000000000
-0.000641782000000000
-0.00763630000000000
-0.00781346000000000
-0.00181107000000000
0.000828355000000000
-0.00111549000000000
-0.000291624000000000
0.00665567000000000
0.0160356000000000
0.0216795000000000
0.0197944000000000
0.0132024000000000
0.00989089000000000
0.0116934000000000
0.00991255000000000
7.80457000000000e-05
-0.00702032000000000
-0.000759073000000000
0.0114901000000000
0.0158619000000000
0.0139248000000000
0.0177643000000000
0.0273898000000000
0.0288018000000000
0.0150619000000000
-0.00333391000000000
-0.0131370000000000
-0.0136111000000000
-0.0124964000000000
-0.0136918000000000
-0.0149679000000000
-0.0134262000000000
-0.00782991000000000
0.00188238000000000
0.0124464000000000
0.0167477000000000
0.0110129000000000
0.000276074000000000
-0.00770547000000000
-0.0117291000000000
-0.0152254000000000
-0.0192489000000000
-0.0225285000000000
-0.0244800000000000
-0.0226491000000000
-0.0119253000000000
0.00690885000000000
0.0224202000000000
0.0234051000000000
0.0121521000000000
-0.000307859000000000
-0.00884129000000000
-0.0166231000000000
-0.0245443000000000
-0.0287016000000000
-0.0291665000000000
-0.0318260000000000
-0.0368967000000000
-0.0345080000000000
-0.0187860000000000
0.000780580000000000
0.0112694000000000
0.0139074000000000
0.0188024000000000
0.0273305000000000
0.0324983000000000
0.0333494000000000
0.0351516000000000
0.0369529000000000
0.0317126000000000
0.0189495000000000
0.00598605000000000
-0.00263333000000000
-0.00873943000000000
-0.0142956000000000
-0.0191324000000000
-0.0221903000000000
-0.0203952000000000
-0.0107657000000000
0.00329713000000000
0.0142660000000000
0.0213004000000000
0.0290378000000000
0.0357340000000000
0.0334382000000000
0.0218011000000000
0.00901825000000000
-0.00153521000000000
-0.0128714000000000
-0.0222455000000000
-0.0214792000000000
-0.0114655000000000
-0.00279446000000000
-0.000561323000000000
0.000198363000000000
0.00314837000000000
0.00539091000000000
0.00486688000000000
0.00370776000000000
0.00355501000000000
0.00336170000000000
0.00236728000000000
0.000778465000000000
-0.000955332000000000
-0.00122706000000000
0.000966938000000000
0.00263783000000000
0.000349504000000000
-0.00240938000000000
0.000969390000000000
0.00882750000000000
0.0121930000000000
0.00806623000000000
0.00252422000000000
-0.000530917000000000
-0.00388512000000000
-0.00840053000000000
-0.00949283000000000
-0.00559157000000000
-0.00172453000000000
-0.00177510000000000
-0.00298112000000000
-0.00153255000000000
0.00113266000000000
1.89127000000000e-05
-0.00729178000000000
-0.0173853000000000
-0.0229413000000000
-0.0191446000000000
-0.00911940000000000
-0.000783236000000000
0.00213066000000000
0.00252391000000000
0.00374883000000000
0.00566973000000000
0.00682476000000000
0.00517839000000000
-0.00259471000000000
-0.0165648000000000
-0.0288099000000000
-0.0307563000000000
-0.0242113000000000
-0.0178675000000000
-0.0129286000000000
-0.00260084000000000
0.0136469000000000
0.0252319000000000
0.0238680000000000
0.0132760000000000
0.00207845000000000
-0.00530202000000000
-0.00871082000000000
-0.00940497000000000
-0.00980047000000000
-0.0106012000000000
-0.00930974000000000
-0.00483439000000000
-0.000284452000000000
0.00343772000000000
0.00942366000000000
0.0154195000000000
0.0127120000000000
0.00169960000000000
-0.00447046000000000
0.000319762000000000
0.00553721000000000
0.00271742000000000
-0.00203635000000000
-0.00207283000000000
-0.000445687000000000
0.00155503000000000
0.00916374000000000
0.0202746000000000
0.0241970000000000
0.0200969000000000
0.0186001000000000
0.0217398000000000
0.0206159000000000
0.0148106000000000
0.0139840000000000
0.0190885000000000
0.0196300000000000
0.0112816000000000
0.00154359000000000
-0.00234337000000000
-0.000913207000000000
0.000885274000000000
-0.00192642000000000
-0.00930239000000000
-0.0134425000000000
-0.00790112000000000
0.00142190000000000
0.00443500000000000
0.00172892000000000
0.000724417000000000
0.00232733000000000
0.00429309000000000
0.00824370000000000
0.0124760000000000
0.00718083000000000
-0.00978800000000000
-0.0247456000000000
-0.0257551000000000
-0.0173730000000000
-0.00886112000000000
-0.00152622000000000
0.00541420000000000
0.00981671000000000
0.0123677000000000
0.0151028000000000
0.0144530000000000
0.00714762000000000
-0.00147840000000000
-0.00747364000000000
-0.0166854000000000
-0.0297182000000000
-0.0315512000000000
-0.0135467000000000
0.00832595000000000
0.0145930000000000
0.00855174000000000
0.00464006000000000
0.00599688000000000
0.00802301000000000
0.0108106000000000
0.0134558000000000
0.00997467000000000
0.000990948000000000
-0.00356318000000000
-0.000956425000000000
0.000533573000000000
-0.00161694000000000
-0.000151263000000000
0.00526657000000000
0.00596132000000000
0.00133863000000000
0.000617220000000000
0.00407516000000000
0.00133158000000000
-0.00945840000000000
-0.0174711000000000
-0.0174026000000000
-0.0152366000000000
-0.0145541000000000
-0.0116985000000000
-0.00587867000000000
-0.000378275000000000
0.00498805000000000
0.0109945000000000
0.0116811000000000
0.00247957000000000
-0.00886602000000000
-0.0118650000000000
-0.00855215000000000
-0.00732611000000000
-0.00797428000000000
-0.00606472000000000
-0.00461656000000000
-0.00906290000000000
-0.0157751000000000
-0.0174496000000000
-0.0146195000000000
-0.0124116000000000
-0.0109414000000000
-0.00688606000000000
-8.37295000000000e-05
0.00723406000000000
0.0130676000000000
0.0150660000000000
0.0119457000000000
0.00618119000000000
0.000349780000000000
-0.00702716000000000
-0.0159385000000000
-0.0195380000000000
-0.0135192000000000
-0.00563765000000000
-0.00490498000000000
-0.00710348000000000
-0.00302475000000000
0.00438300000000000
0.00624229000000000
0.00557532000000000
0.0124157000000000
0.0235533000000000
0.0248927000000000
0.0135120000000000
0.000567708000000000
-0.00719656000000000
-0.0126344000000000
-0.0148116000000000
-0.00814664000000000
0.00364645000000000
0.00924936000000000
0.00673077000000000
0.00492246000000000
0.00747702000000000
0.00970862000000000
0.00957600000000000
0.00862725000000000
0.00485421000000000
-0.00267400000000000
-0.00656770000000000
-0.00150732000000000
0.00485032000000000
0.00365677000000000
-0.000227247000000000
0.00208080000000000
0.00797203000000000
0.0102114000000000
0.00972118000000000
0.00978739000000000
0.00779068000000000
0.00262690000000000
0.000275706000000000
0.00337529000000000
0.00596122000000000
0.00382443000000000
1.43631000000000e-05
-0.00392272000000000
-0.00980037000000000
-0.0141434000000000
-0.0105889000000000
-0.00267625000000000
-0.000528567000000000
-0.00470279000000000
-0.00639503000000000
-0.00260902000000000
0.00167232000000000
0.00442295000000000
0.00748826000000000
0.00886898000000000
0.00540960000000000
0.000673414000000000
0.000305591000000000
0.00204269000000000
-0.000205219000000000
-0.00665189000000000
-0.0134527000000000
-0.0194665000000000
-0.0232131000000000
-0.0197096000000000
-0.00822429000000000
0.00247415000000000
0.00447444000000000
0.00139084000000000
0.00170297000000000
0.00631739000000000
0.00976491000000000
0.00978014000000000
0.00866331000000000
0.00740110000000000
0.00386959000000000
-0.00315277000000000
-0.0107381000000000
-0.0140811000000000
-0.0125393000000000
-0.0117751000000000
-0.0164903000000000
-0.0230016000000000
-0.0242991000000000
-0.0206680000000000
-0.0172392000000000
-0.0124740000000000
-0.00145940000000000
0.0112224000000000
0.0152744000000000
0.0117915000000000
0.0114880000000000
0.0168193000000000
0.0197669000000000
0.0170226000000000
0.0124586000000000
0.00602416000000000
-0.00405912000000000
-0.0110099000000000
-0.00799277000000000
-0.00224131000000000
-0.00397289000000000
-0.00816370000000000
-0.00451878000000000
0.00304549000000000
0.00493145000000000
0.00429411000000000
0.00782450000000000
0.00850424000000000
-0.00175365000000000
-0.0123687000000000
-0.00817606000000000
0.00564245000000000
0.0131973000000000
0.0140402000000000
0.0197495000000000
0.0309310000000000
0.0371695000000000
0.0356993000000000
0.0331154000000000
0.0307246000000000
0.0227196000000000
0.00856176000000000
-0.00447873000000000
-0.0120949000000000
-0.0176846000000000
-0.0248120000000000
-0.0315461000000000
-0.0333381000000000
-0.0276054000000000
-0.0148075000000000
0.00112683000000000
0.0133332000000000
0.0165965000000000
0.0131616000000000
0.0105930000000000
0.0113777000000000
0.00911123000000000
-0.00133036000000000
-0.0137633000000000
-0.0173699000000000
-0.0111345000000000
-0.00484879000000000
-0.00510749000000000
-0.00785699000000000
-0.00703809000000000
-0.00421084000000000
-0.00474151000000000
-0.00929708000000000
-0.0132096000000000
-0.0125996000000000
-0.00752473000000000
5.51423000000000e-05
0.00878490000000000
0.0172351000000000
0.0220616000000000
0.0199487000000000
0.0119600000000000
0.00397360000000000
0.000724979000000000
0.00124351000000000
0.00154083000000000
-0.000548858000000000
-0.00558850000000000
-0.0132494000000000
-0.0197791000000000
-0.0192754000000000
-0.0115462000000000
-0.00339900000000000
0.000914096000000000
0.00448261000000000
0.00921544000000000
0.0106002000000000
0.00591146000000000
-0.000303323000000000
-0.00470688000000000
-0.0104071000000000
-0.0189107000000000
-0.0254026000000000
-0.0268912000000000
-0.0255058000000000
-0.0203789000000000
-0.00613992000000000
0.0159059000000000
0.0343087000000000
0.0398208000000000
0.0342219000000000
0.0244749000000000
0.0152295000000000
0.00830061000000000
0.00243717000000000
-0.00638420000000000
-0.0182619000000000
-0.0261167000000000
-0.0246302000000000
-0.0179401000000000
-0.0118272000000000
-0.00485329000000000
0.00619090000000000
0.0164392000000000
0.0177551000000000
0.0104234000000000
0.00358321000000000
0.00335517000000000
0.00688044000000000
0.00819129000000000
0.00660479000000000
0.00595294000000000
0.00644234000000000
0.00205372000000000
-0.00943214000000000
-0.0196003000000000
-0.0197403000000000
-0.0134916000000000
-0.00989610000000000
-0.00861131000000000
-0.00238455000000000
0.00760146000000000
0.0119641000000000
0.00865555000000000
0.00668264000000000
0.0116709000000000
0.0183498000000000
0.0194665000000000
0.0142517000000000
0.00581757000000000
-0.00257203000000000
-0.00705005000000000
-0.00468992000000000
0.00185388000000000
0.00603979000000000
0.00479985000000000
0.000903787000000000
-0.00231528000000000
-0.00406821000000000
-0.00365933000000000
0.000378847000000000
0.00690497000000000
0.0111049000000000
0.00951603000000000
0.00434509000000000
0.000752892000000000
0.000658323000000000
0.00129848000000000
-0.000450223000000000
-0.00408783000000000
-0.00655187000000000
-0.00593159000000000
-0.00273928000000000
0.00148821000000000
0.00483694000000000
0.00513763000000000
0.00250041000000000
0.000691232000000000
0.00272447000000000
0.00572102000000000
0.00422402000000000
-0.00196432000000000
-0.00777638000000000
-0.0102896000000000
-0.0110252000000000
-0.0110405000000000
-0.00932650000000000
-0.00665639000000000
-0.00583841000000000
-0.00716775000000000
-0.00694686000000000
-0.00205372000000000
0.00618794000000000
0.0131871000000000
0.0153030000000000
0.0129685000000000
0.00970576000000000
0.00751564000000000
0.00432445000000000
-0.00160990000000000
-0.00768810000000000
-0.0108157000000000
-0.0127049000000000
-0.0164760000000000
-0.0204831000000000
-0.0206721000000000
-0.0169500000000000
-0.0121409000000000
-0.00647626000000000
0.00136949000000000
0.00895808000000000
0.0117577000000000
0.00938484000000000
0.00579867000000000
0.00303200000000000
1.55452000000000e-05
-0.00289346000000000
-0.00267298000000000
0.00136029000000000
0.00545885000000000
0.00649189000000000
0.00614748000000000
0.00744861000000000
0.00947138000000000
0.00883711000000000
0.00501707000000000
0.000894275000000000
-0.00128888000000000
-0.00135988000000000
0.000631432000000000
0.00395317000000000
0.00522110000000000
0.000971475000000000
-0.00707212000000000
-0.0120510000000000
-0.00947996000000000
-0.00268176000000000
0.00104009000000000
-0.00121961000000000
-0.00610886000000000
-0.00910949000000000
-0.00933120000000000
-0.00863818000000000
-0.00845611000000000
-0.00914566000000000
-0.0108239000000000
-0.0120663000000000
-0.00924865000000000
-0.000580960000000000
0.0100109000000000
0.0159825000000000
0.0145930000000000
0.00829244000000000
0.00101790000000000
-0.00413084000000000
-0.00544189000000000
-0.00316278000000000
0.000600669000000000
0.00394213000000000
0.00617261000000000
0.00715038000000000
0.00686359000000000
0.00572194000000000
0.00386755000000000
0.000889381000000000
-0.00231507000000000
-0.00314255000000000
-0.000909631000000000
0.00128642000000000
0.000508358000000000
-0.00214190000000000
-0.00339849000000000
-0.00145909000000000
0.00306602000000000
0.00732029000000000
0.00731140000000000
0.00173444000000000
-0.00537068000000000
-0.00878561000000000
-0.00772314000000000
-0.00498202000000000
-0.00255241000000000
-0.00165679000000000
-0.00425355000000000
-0.0100237000000000
-0.0132024000000000
-0.00807420000000000
0.00333841000000000
0.0133577000000000
0.0178440000000000
0.0187155000000000
0.0182680000000000
0.0158119000000000
0.0103243000000000
0.00305182000000000
-0.00411235000000000
-0.0101069000000000
-0.0143110000000000
-0.0160622000000000
-0.0152581000000000
-0.0118906000000000
-0.00578539000000000
0.00228289000000000
0.00987035000000000
0.0142435000000000
0.0143120000000000
0.0109445000000000
0.00662175000000000
0.00392814000000000
0.00335333000000000
0.00255711000000000
-0.000457763000000000
-0.00474018000000000
-0.00803384000000000
-0.00953493000000000
-0.00963311000000000
-0.00856554000000000
-0.00673506000000000
-0.00473375000000000
-0.00254506000000000
5.37619000000000e-05
0.00251339000000000
0.00416343000000000
0.00542054000000000
0.00692520000000000
0.00858750000000000
0.00956701000000000
0.00858260000000000
0.00445421000000000
-0.00143447000000000
-0.00487137000000000
-0.00398842000000000
-0.00272416000000000
-0.00507101000000000
-0.00811783000000000
-0.00637470000000000
-0.000701694000000000
0.00291328000000000
0.00253985000000000
0.00186072000000000
0.00311159000000000
0.00425733000000000
0.00379593000000000
0.00278301000000000
0.000925907000000000
-0.00407782000000000
-0.0110916000000000
-0.0143191000000000
-0.0107105000000000
-0.00463280000000000
-0.00153633000000000
-0.000845111000000000
0.000939485000000000
0.00363429000000000
0.00471873000000000
0.00408487000000000
0.00254179000000000
-0.000831563000000000
-0.00561354000000000
-0.00792789000000000
-0.00640934000000000
-0.00535208000000000
-0.00789898000000000
-0.0106247000000000
-0.00970525000000000
-0.00663902000000000
-0.00394499000000000
-0.000748345000000000
0.00262148000000000
0.00229495000000000
-0.00251931000000000
-0.00615912000000000
-0.00427143000000000
0.000760381000000000
0.00522090000000000
0.00914331000000000
0.0132739000000000
0.0162471000000000
0.0171094000000000
0.0167927000000000
0.0160039000000000
0.0148361000000000
0.0135662000000000
0.0111284000000000
0.00479178000000000
-0.00466264000000000
-0.0111989000000000
-0.0110558000000000
-0.00856227000000000
-0.00928952000000000
-0.0114839000000000
-0.00964823000000000
-0.00334474000000000
0.00314275000000000
0.00749101000000000
0.0106972000000000
0.0130778000000000
0.0131146000000000
0.0100009000000000
0.00509594000000000
0.000463566000000000
-0.00257980000000000
-0.00409692000000000
-0.00526319000000000
-0.00691978000000000
-0.00847553000000000
-0.00932844000000000
-0.0100972000000000
-0.0109353000000000
-0.0102569000000000
-0.00722425000000000
-0.00368262000000000
-0.00174445000000000
-0.000758930000000000
0.000873923000000000
0.00276064000000000
0.00391894000000000
0.00521558000000000
0.00700632000000000
0.00661368000000000
0.00229321000000000
-0.00221301000000000
-0.00166261000000000
0.00337090000000000
0.00757765000000000
0.00808350000000000
0.00622584000000000
0.00357779000000000
0.000799941000000000
-2.59952000000000e-05
0.00311241000000000
0.00823430000000000
0.0102824000000000
0.00716765000000000
0.00166027000000000
-0.00259737000000000
-0.00452839000000000
-0.00458785000000000
-0.00333534000000000
-0.00179676000000000
-0.00152795000000000
-0.00307961000000000
-0.00450969000000000
-0.00292615000000000
0.00163523000000000
0.00508562000000000
0.00382198000000000
-0.000559300000000000
-0.00339215000000000
-0.00298163000000000
-0.00186552000000000
-0.00181137000000000
-0.00159539000000000
-0.000395409000000000
0.000482121000000000
0.000873044000000000
0.00237300000000000
0.00444573000000000
0.00404573000000000
0.00103478000000000
-0.000448435000000000
0.00150006000000000
0.00303200000000000
0.000579969000000000
-0.00359516000000000
-0.00528925000000000
-0.00394469000000000
-0.00171012000000000
3.87807000000000e-05
0.000425580000000000
-0.00160571000000000
-0.00550033000000000
-0.00849514000000000
-0.00853540000000000
-0.00578610000000000
-0.00144540000000000
0.00268738000000000
0.00421135000000000
0.00256866000000000
5.08133000000000e-05
-0.00158578000000000
-0.00357882000000000
-0.00695156000000000
-0.00962474000000000
-0.00921432000000000
-0.00641189000000000
-0.00325810000000000
-4.27112000000000e-05
0.00418438000000000
0.00956415000000000
0.0143069000000000
0.0153194000000000
0.0111325000000000
0.00487004000000000
0.00134333000000000
0.000517952000000000
-0.00204749000000000
-0.00710389000000000
-0.00928451000000000
-0.00535086000000000
0.000723201000000000
0.00385457000000000
0.00405851000000000
0.00343649000000000
0.00183334000000000
-0.00111355000000000
-0.00326801000000000
-0.00236432000000000
0.000865361000000000
0.00384487000000000
0.00469247000000000
0.00327558000000000
0.00142078000000000
0.00210368000000000
0.00615974000000000
0.0105450000000000
0.0116024000000000
0.00911041000000000
0.00504710000000000
0.000514590000000000
-0.00360119000000000
-0.00508899000000000
-0.00317933000000000
-0.00101489000000000
-0.00212790000000000
-0.00543995000000000
-0.00693357000000000
-0.00500736000000000
-0.00160090000000000
0.00106420000000000
0.00206343000000000
0.00126763000000000
-0.000332339000000000
-0.000785106000000000
0.000647626000000000
0.00264314000000000
0.00402254000000000
0.00484440000000000
0.00489334000000000
0.00354020000000000
0.00182752000000000
0.00161286000000000
0.00221862000000000
0.000835956000000000
-0.00302495000000000
-0.00666824000000000
-0.00808105000000000
-0.00783063000000000
-0.00690977000000000
-0.00534125000000000
-0.00315931000000000
-0.000595570000000000
0.00223242000000000
0.00456711000000000
0.00490182000000000
0.00286168000000000
-0.000397401000000000
-0.00402724000000000
-0.00745352000000000
-0.00859864000000000
-0.00569129000000000
-0.00148627000000000
-0.00140137000000000
-0.00627192000000000
-0.0105368000000000
-0.00949815000000000
-0.00480149000000000
-0.000913197000000000
0.000535821000000000
0.000496608000000000
-0.000461748000000000
-0.00174251000000000
-0.00143232000000000
0.00161429000000000
0.00513446000000000
0.00565205000000000
0.00290041000000000
-0.000291849000000000
-0.00194185000000000
-0.00203758000000000
-0.000561548000000000
0.00255885000000000
0.00564776000000000
0.00663432000000000
0.00597736000000000
0.00605256000000000
0.00710941000000000
0.00678788000000000
0.00359516000000000
-0.000982100000000000
-0.00462167000000000
-0.00624260000000000
-0.00618405000000000
-0.00531111000000000
-0.00455699000000000
-0.00413350000000000
-0.00336283000000000
-0.00132862000000000
0.00180095000000000
0.00463883000000000
0.00582809000000000
0.00561967000000000
0.00553977000000000
0.00614124000000000
0.00598727000000000
0.00391771000000000
0.00112101000000000
-0.000798613000000000
-0.00267481000000000
-0.00615902000000000
-0.00972558000000000
-0.00934346000000000
-0.00402254000000000
0.00184959000000000
0.00351312000000000
0.00145746000000000
8.40717000000000e-05
0.00179768000000000
0.00493124000000000
0.00718205000000000
0.00817351000000000
0.00763804000000000
0.00428839000000000
-0.00137184000000000
-0.00562488000000000
-0.00571846000000000
-0.00335476000000000
-0.00168877000000000
-0.00109925000000000
-0.000403460000000000
0.000341953000000000
0.000873187000000000
0.00217183000000000
0.00416609000000000
0.00451848000000000
0.00209531000000000
-0.000521262000000000
-0.000729996000000000
0.000446228000000000
0.000572929000000000
-0.000457344000000000
-0.00161868000000000
-0.00330694000000000
-0.00616280000000000
-0.00864799000000000
-0.00857831000000000
-0.00625077000000000
-0.00404911000000000
-0.00303987000000000
-0.00196984000000000
9.29983000000000e-05
0.00205771000000000
0.00295333000000000
0.00397248000000000
0.00651406000000000
0.00933754000000000
0.00976348000000000
0.00717909000000000
0.00370071000000000
0.00127927000000000
-0.000201817000000000
-0.00188606000000000
-0.00404441000000000
-0.00605879000000000
-0.00722864000000000
-0.00715089000000000
-0.00548092000000000
-0.00232815000000000
0.00116423000000000
0.00349933000000000
0.00428931000000000
0.00415526000000000
0.00310127000000000
0.000748672000000000
-0.00185061000000000
-0.00293974000000000
-0.00295262000000000
-0.00389820000000000
-0.00533665000000000
-0.00458243000000000
-0.00123851000000000
0.00213444000000000
0.00438678000000000
0.00653133000000000
0.00798143000000000
0.00663575000000000
0.00323552000000000
0.00117792000000000
0.00140525000000000
0.00155166000000000
0.000162992000000000
-0.00177572000000000
-0.00329764000000000
-0.00395725000000000
-0.00295772000000000
-0.000775901000000000
-0.000220759000000000
-0.00251073000000000
-0.00445963000000000
-0.00296242000000000
0.000229209000000000
0.00167263000000000
0.00163411000000000
0.00247252000000000
0.00390300000000000
0.00382024000000000
0.00232560000000000
0.00124535000000000
0.000451602000000000
-0.00171585000000000
-0.00484910000000000
-0.00638134000000000
-0.00512915000000000
-0.00251819000000000
-0.000239936000000000
0.00123176000000000
0.00186951000000000
0.00172514000000000
0.00165587000000000
0.00276891000000000
0.00458795000000000
0.00504802000000000
0.00251860000000000
-0.00276237000000000
-0.00876620000000000
-0.0124597000000000
-0.0115033000000000
-0.00664392000000000
-0.00160499000000000
0.000435562000000000
-0.000107881000000000
-0.000819977000000000
-0.000433508000000000
0.000591933000000000
0.00135968000000000
0.00108484000000000
-0.000747773000000000
-0.00358127000000000
-0.00570447000000000
-0.00547254000000000
-0.00295374000000000
2.60943000000000e-05
0.00119396000000000
-0.000217602000000000
-0.00280978000000000
-0.00421912000000000
-0.00302689000000000
0.000356022000000000
0.00376426000000000
0.00453697000000000
0.00240795000000000
0.000287721000000000
0.000351578000000000
0.000743043000000000
-0.000632709000000000
-0.00179431000000000
-0.000290092000000000
0.00154543000000000
0.000456598000000000
-0.00151804000000000
-0.000529006000000000
0.00238629000000000
0.00386234000000000
0.00384078000000000
0.00311915000000000
-8.41422000000000e-06
-0.00516613000000000
-0.00745485000000000
-0.00472343000000000
-0.00160254000000000
-0.00174190000000000
-0.00302148000000000
-0.00355021000000000
-0.00462054000000000
-0.00483081000000000
-0.000730711000000000
0.00474141000000000
0.00446627000000000
-0.000979127000000000
-0.00429493000000000
-0.00423618000000000
-0.00529466000000000
-0.00581767000000000
-0.000246475000000000
0.00750440000000000
0.00777065000000000
0.00183038000000000
0.000168090000000000
0.00448936000000000
0.00630155000000000
0.00284278000000000
9.49140000000000e-05
-4.80241000000000e-05
-0.00204146000000000
-0.00607545000000000
-0.00692601000000000
-0.00361846000000000
-0.000587673000000000
-0.000174118000000000
-0.00124964000000000
-0.00315839000000000
-0.00500705000000000
-0.00454851000000000
-0.00219860000000000
-0.00179554000000000
-0.00387817000000000
-0.00359077000000000
0.00152836000000000
0.00732856000000000
0.00933498000000000
0.00840963000000000
0.00778118000000000
0.00844651000000000
0.00928778000000000
0.00910305000000000
0.00733306000000000
0.00404267000000000
-0.000185132000000000
-0.00436440000000000
-0.00669439000000000
-0.00556878000000000
-0.00211554000000000
0.000266593000000000
0.000589971000000000
0.00143028000000000
0.00404512000000000
0.00611335000000000
0.00599218000000000
0.00512210000000000
0.00467296000000000
0.00380645000000000
0.00212075000000000
3.87143000000000e-05
-0.00319527000000000
-0.00762772000000000
-0.0100067000000000
-0.00775451000000000
-0.00371235000000000
-0.00195707000000000
-0.00158354000000000
0.000542411000000000
0.00417130000000000
0.00748131000000000
0.0106594000000000
0.0133833000000000
0.0129266000000000
0.00898546000000000
0.00556092000000000
0.00475408000000000
0.00360007000000000
0.000313816000000000
-0.00241438000000000
-0.00300799000000000
-0.00386755000000000
-0.00597910000000000
-0.00648127000000000
-0.00412410000000000
-0.00152407000000000
-0.000428573000000000
0.000648433000000000
0.00269055000000000
0.00452236000000000
0.00556204000000000
0.00642661000000000
0.00652265000000000
0.00452399000000000
0.00121378000000000
-0.00104970000000000
-0.00169970000000000
-0.00203390000000000
-0.00250950000000000
-0.00199171000000000
-0.000317014000000000
0.000804815000000000
0.000341820000000000
-6.29664000000000e-05
0.00127365000000000
0.00298459000000000
0.00265918000000000
0.000903143000000000
0.000241857000000000
0.000783104000000000
0.000530335000000000
-0.000580715000000000
-0.000904860000000000
-0.000772549000000000
-0.00186624000000000
-0.00337856000000000
-0.00288896000000000
-0.000239548000000000
0.00258286000000000
0.00437544000000000
0.00493441000000000
0.00436338000000000
0.00381289000000000
0.00450448000000000
0.00508838000000000
0.00317300000000000
-0.000398259000000000
-0.00254863000000000
-0.00278240000000000
-0.00269709000000000
-0.00226041000000000
-0.00103733000000000
-0.000768779000000000
-0.00174517000000000
-0.000184172000000000
0.00553660000000000
0.00999653000000000
0.00811854000000000
0.00309167000000000
0.00114298000000000
0.00225663000000000
0.00243931000000000
0.000897412000000000
-0.000583014000000000
-0.00228585000000000
-0.00482642000000000
-0.00582431000000000
-0.00269525000000000
0.00292901000000000
0.00699396000000000
0.00767022000000000
0.00648290000000000
0.00592270000000000
0.00681751000000000
0.00728432000000000
0.00483347000000000
-0.000238148000000000
-0.00499796000000000
-0.00776503000000000
-0.00913544000000000
-0.00928287000000000
-0.00725643000000000
-0.00358484000000000
-0.000216110000000000
0.00199068000000000
0.00349923000000000
0.00432374000000000
0.00434407000000000
0.00401948000000000
0.00312947000000000
0.000685255000000000
-0.00276094000000000
-0.00514253000000000
-0.00603723000000000
-0.00654962000000000
-0.00643314000000000
-0.00482795000000000
-0.00338377000000000
-0.00413145000000000
-0.00601935000000000
-0.00699324000000000
-0.00770486000000000
-0.00889391000000000
-0.00868303000000000
-0.00594753000000000
-0.00316370000000000
-0.00209868000000000
-0.00108147000000000
0.000758716000000000
0.00124310000000000
-8.71021000000000e-05
-0.000557583000000000
0.000136663000000000
-0.00127376000000000
-0.00488343000000000
-0.00596449000000000
-0.00245781000000000
0.00171452000000000
0.00311088000000000
0.00304130000000000
0.00330541000000000
0.00292993000000000
0.00106247000000000
-0.000863603000000000
-0.00153357000000000
-0.00123197000000000
-0.000437646000000000
0.000562324000000000
0.000898709000000000
0.000301964000000000
0.000245413000000000
0.00176162000000000
0.00344896000000000
0.00361263000000000
0.00275737000000000
0.00219850000000000
0.00207753000000000
0.00202634000000000
0.00186522000000000
0.00110007000000000
-0.000179329000000000
-0.000388379000000000
0.00121674000000000
0.00249254000000000
0.00129664000000000
-0.00147299000000000
-0.00429309000000000
-0.00766624000000000
-0.0111968000000000
-0.0118599000000000
-0.00895338000000000
-0.00663043000000000
-0.00717490000000000
-0.00646053000000000
-0.000407199000000000
0.00829366000000000
0.0139329000000000
0.0143416000000000
0.0108198000000000
0.00561517000000000
0.00152816000000000
0.000324870000000000
-0.000140596000000000
-0.00307900000000000
-0.00715324000000000
-0.00808094000000000
-0.00553956000000000
-0.00285535000000000
-0.000846960000000000
0.00232223000000000
0.00596888000000000
0.00711298000000000
0.00527678000000000
0.00242235000000000
-0.000756182000000000
-0.00450724000000000
-0.00710808000000000
-0.00670522000000000
-0.00504067000000000
-0.00574155000000000
-0.00861877000000000
-0.00936277000000000
-0.00535872000000000
0.000489732000000000
0.00341146000000000
0.00266000000000000
0.00166507000000000
0.00277034000000000
0.00449743000000000
0.00473773000000000
0.00334056000000000
0.000721781000000000
-0.00276442000000000
-0.00504332000000000
-0.00428563000000000
-0.00292002000000000
-0.00476113000000000
-0.00771701000000000
-0.00607299000000000
-0.000210409000000000
0.00325167000000000
0.00186042000000000
-0.000172024000000000
-0.000388063000000000
-0.00109353000000000
-0.00308983000000000
-0.00392078000000000
-0.00319037000000000
-0.00317014000000000
-0.00387950000000000
-0.00298368000000000
-0.000513957000000000
0.00124954000000000
0.00159600000000000
0.00184969000000000
0.00285463000000000
0.00457559000000000
0.00605920000000000
0.00561200000000000
0.00286761000000000
0.000312089000000000
-0.000247865000000000
-0.000354694000000000
-0.00145276000000000
-0.00167774000000000
0.000318638000000000
0.00232897000000000
0.00253290000000000
0.00242583000000000
0.00251359000000000
0.000347644000000000
-0.00411971000000000
-0.00644949000000000
-0.00449048000000000
-0.00182251000000000
-0.00198792000000000
-0.00383996000000000
-0.00503065000000000
-0.00500317000000000
-0.00355593000000000
-0.000644193000000000
0.00116862000000000
-0.000909457000000000
-0.00469227000000000
-0.00488700000000000
-0.000830633000000000
0.00246332000000000
0.00201337000000000
0.000874515000000000
0.00294945000000000
0.00766899000000000
0.0120683000000000
0.0147442000000000
0.0150057000000000
0.0111355000000000
0.00323093000000000
-0.00401416000000000
-0.00594038000000000
-0.00441232000000000
-0.00527883000000000
-0.00931046000000000
-0.0108055000000000
-0.00610640000000000
0.00134476000000000
0.00648811000000000
0.00869775000000000
0.00987035000000000
0.0103386000000000
0.00968685000000000
0.00873943000000000
0.00802240000000000
0.00632188000000000
0.00295231000000000
-0.000308717000000000
-0.00146522000000000
-0.000876763000000000
-0.000242164000000000
-0.000189597000000000
-0.000381217000000000
-0.000524593000000000
-0.000385907000000000
0.000386551000000000
0.00130992000000000
0.00103825000000000
-0.00109496000000000
-0.00397401000000000
-0.00573849000000000
-0.00522825000000000
-0.00275389000000000
4.16190000000000e-05
0.00102885000000000
-0.000503658000000000
-0.00305499000000000
-0.00427521000000000
-0.00291379000000000
0.000492235000000000
0.00376221000000000
0.00430749000000000
0.00207743000000000
8.92610000000000e-05
0.000261382000000000
0.000507908000000000
-0.000977574000000000
-0.00190323000000000
-0.000145449000000000
0.00153715000000000
0.000171544000000000
-0.00171237000000000
-0.000448558000000000
0.00247058000000000
0.00374770000000000
0.00360344000000000
0.00275788000000000
-0.000529436000000000
-0.00559668000000000
-0.00754384000000000
-0.00468603000000000
-0.00176499000000000
-0.00202665000000000
-0.00324789000000000
-0.00383342000000000
-0.00494483000000000
-0.00482141000000000
-0.000383056000000000
0.00477451000000000
0.00388614000000000
-0.00160060000000000
-0.00452236000000000
-0.00439587000000000
-0.00559167000000000
-0.00581818000000000
0.000137511000000000
0.00757336000000000
0.00721250000000000
0.00135294000000000
0.000272120000000000
0.00465763000000000
0.00600474000000000
0.00238680000000000
-0.000157199000000000
-0.000333381000000000
-0.00256141000000000
-0.00649710000000000
-0.00700254000000000
-0.00357892000000000
-0.000668264000000000
-0.000338224000000000
-0.00149383000000000
-0.00348880000000000
-0.00520240000000000
-0.00449007000000000
-0.00223027000000000
-0.00218777000000000
-0.00426223000000000
-0.00350720000000000
0.00186256000000000
0.00736361000000000
0.00896635000000000
0.00795722000000000
0.00744698000000000
0.00820294000000000
0.00905299000000000
0.00879471000000000
0.00687677000000000
0.00346949000000000
-0.000771088000000000
-0.00486228000000000
-0.00698752000000000
-0.00561967000000000
-0.00212136000000000
5.81553000000000e-05
0.000270771000000000
0.00126865000000000
0.00399894000000000
0.00588418000000000
0.00557287000000000
0.00477349000000000
0.00444512000000000
0.00349350000000000
0.00165812000000000
-0.000495638000000000
-0.00378918000000000
-0.00821172000000000
-0.0103478000000000
-0.00780978000000000
-0.00379041000000000
-0.00223977000000000
-0.00186042000000000
0.000449303000000000
0.00413176000000000
0.00738935000000000
0.0105736000000000
0.0132034000000000
0.0124668000000000
0.00838000000000000
0.00513395000000000
0.00446576000000000
0.00318515000000000
-0.000189546000000000
-0.00277903000000000
-0.00331501000000000
-0.00432435000000000
-0.00642313000000000
-0.00661450000000000
-0.00405054000000000
-0.00157557000000000
-0.000638707000000000
0.000461687000000000
0.00252718000000000
0.00426233000000000
0.00522754000000000
0.00609711000000000
0.00613307000000000
0.00400088000000000
0.000662839000000000
-0.00148157000000000
-0.00203738000000000
-0.00237924000000000
-0.00284288000000000
-0.00224498000000000
-0.000557318000000000
0.000470698000000000
-7.92748000000000e-06
-0.000265213000000000
0.00115932000000000
0.00273295000000000
0.00225500000000000
0.000554345000000000
9.57794000000000e-06
0.000510902000000000
0.000196739000000000
-0.000842046000000000
-0.00111141000000000
-0.00110599000000000
-0.00231272000000000
-0.00375925000000000
-0.00315195000000000
-0.000470044000000000
0.00237515000000000
0.00416200000000000
0.00459490000000000
0.00390975000000000
0.00345335000000000
0.00425631000000000
0.00470810000000000
0.00259553000000000
-0.000906617000000000
-0.00286393000000000
-0.00305438000000000
-0.00298051000000000
-0.00245157000000000
-0.00122706000000000
-0.00110282000000000
-0.00201796000000000
-0.000100829000000000
0.00575269000000000
0.00982867000000000
0.00753566000000000
0.00255773000000000
0.000882914000000000
0.00205832000000000
0.00213413000000000
0.000551647000000000
-0.000950336000000000
-0.00272937000000000
-0.00524470000000000
-0.00600750000000000
-0.00262250000000000
0.00303874000000000
0.00691917000000000
0.00736044000000000
0.00606564000000000
0.00558094000000000
0.00657516000000000
0.00694042000000000
0.00423577000000000
-0.000942888000000000
-0.00557226000000000
-0.00816912000000000
-0.00944349000000000
-0.00946290000000000
-0.00727727000000000
-0.00355470000000000
-0.000264376000000000
0.00186277000000000
0.00332084000000000
0.00409171000000000
0.00406760000000000
0.00369693000000000
0.00268595000000000
0.000122032000000000
-0.00326710000000000
-0.00546294000000000
-0.00627723000000000
-0.00679391000000000
-0.00657577000000000
-0.00485901000000000
-0.00352129000000000
-0.00446565000000000
-0.00638696000000000
-0.00731641000000000
-0.00807124000000000
-0.00923404000000000
-0.00880053000000000
-0.00590165000000000
-0.00319854000000000
-0.00221096000000000
-0.00112326000000000
0.000679493000000000
0.000969646000000000
-0.000363205000000000
-0.000637787000000000
8.96114000000000e-07
-0.00172136000000000
-0.00532858000000000
-0.00597287000000000
-0.00219227000000000
0.00178808000000000
0.00293831000000000
0.00288263000000000
0.00320753000000000
0.00276534000000000
0.000837223000000000
-0.00107258000000000
-0.00172565000000000
-0.00136693000000000
-0.000460450000000000
0.000541543000000000
0.000743492000000000
0.000143467000000000
0.000276575000000000
0.00185715000000000
0.00336089000000000
0.00341494000000000
0.00267931000000000
0.00220851000000000
0.00200458000000000
0.00187973000000000
0.00171166000000000
0.000896512000000000
-0.000383189000000000
-0.000426060000000000
0.00128673000000000
0.00240274000000000
0.00102569000000000
-0.00170583000000000
-0.00449957000000000
-0.00800544000000000
-0.0114839000000000
-0.0117761000000000
-0.00869274000000000
-0.00663381000000000
-0.00732540000000000
-0.00623279000000000
0.000238005000000000
0.00885090000000000
0.0140893000000000
0.0142037000000000
0.0105276000000000
0.00527229000000000
0.00132310000000000
0.000300973000000000
-0.000258909000000000
-0.00341555000000000
-0.00739446000000000
-0.00795323000000000
-0.00524756000000000
-0.00266133000000000
-0.000656382000000000
0.00265990000000000
0.00627989000000000
0.00715518000000000
0.00508245000000000
0.00216345000000000
-0.00100111000000000
-0.00469012000000000
-0.00713873000000000
-0.00660162000000000
-0.00499306000000000
-0.00587407000000000
-0.00875312000000000
-0.00919480000000000
-0.00486105000000000
0.000979475000000000
0.00362408000000000
0.00273796000000000
0.00190098000000000
0.00313734000000000
0.00474458000000000
0.00479311000000000
0.00329836000000000
0.000613992000000000
-0.00284013000000000
-0.00485553000000000
-0.00388287000000000
-0.00273264000000000
-0.00488179000000000
-0.00758613000000000
-0.00536567000000000
0.000538478000000000
0.00347358000000000
0.00180075000000000
-2.34481000000000e-05
-9.78708000000000e-05
-0.000927133000000000
-0.00292074000000000
-0.00357371000000000
-0.00285065000000000
-0.00300912000000000
-0.00370306000000000
-0.00262138000000000
-0.000116249000000000
0.00152305000000000
0.00183099000000000
0.00218838000000000
0.00332513000000000
0.00511484000000000
0.00649792000000000
0.00579407000000000
0.00290786000000000
0.000486218000000000
5.82625000000000e-05
-0.000149036000000000
-0.00131411000000000
-0.00135192000000000
0.000811875000000000
0.00272539000000000
0.00281458000000000
0.00274439000000000
0.00278444000000000
0.000402653000000000
-0.00408630000000000
-0.00612122000000000
-0.00394121000000000
-0.00137082000000000
-0.00168928000000000
-0.00353437000000000
-0.00467040000000000
-0.00460992000000000
-0.00305969000000000
-6.08147000000000e-05
0.00161643000000000
-0.000703533000000000
-0.00448680000000000
-0.00441109000000000
-0.000199937000000000
0.00292983000000000
0.00226920000000000
0.00121634000000000
0.00358474000000000
0.00846960000000000
0.0127519000000000
0.0151437000000000
0.0150854000000000
0.0109680000000000
0.00304375000000000
-0.00392926000000000
-0.00553548000000000
-0.00396287000000000
-0.00502933000000000
-0.00912666000000000
-0.0103314000000000
-0.00522151000000000
0.00234123000000000
0.00722833000000000
0.00919348000000000
0.0103805000000000
0.0108535000000000
0.00998540000000000
0.00896175000000000
0.00852743000000000
0.00692785000000000
0.00317841000000000
-0.000141761000000000
-0.000635580000000000
-0.000309913000000000
-0.00279057000000000
-0.00750062000000000
-0.0100138000000000
-0.00744984000000000
-0.00155993000000000
0.00344078000000000
0.00468328000000000
0.00300912000000000
0.00192264000000000
0.00343711000000000
0.00562130000000000
0.00571714000000000
0.00415189000000000
0.00292186000000000
0.00205587000000000
0.000867506000000000
0.000702767000000000
0.00254373000000000
0.00388686000000000
0.00215722000000000
-0.000804866000000000
-0.00168938000000000
-0.00111999000000000
-0.00149373000000000
-0.00207620000000000
-0.000678267000000000
0.00155033000000000
0.00169000000000000
-0.000309290000000000
-0.00187779000000000
-0.00142170000000000
0.000506897000000000
0.00212299000000000
0.00145174000000000
-0.00137879000000000
-0.00311364000000000
-0.00117547000000000
0.00225183000000000
0.00348370000000000
0.00298562000000000
0.00372431000000000
0.00557849000000000
0.00622073000000000
0.00583555000000000
0.00603162000000000
0.00558442000000000
0.00206823000000000
-0.00338776000000000
-0.00716458000000000
-0.00798102000000000
-0.00745117000000000
-0.00695554000000000
-0.00622768000000000
-0.00434775000000000
-0.000879389000000000
0.00289254000000000
0.00438402000000000
0.00272723000000000
0.000428696000000000
-0.000221117000000000
-0.000228892000000000
-0.00114155000000000
-0.00187431000000000
-0.00148137000000000
-0.00177521000000000
-0.00385651000000000
-0.00494207000000000
-0.00251890000000000
0.00130390000000000
0.00319251000000000
0.00357963000000000
0.00426387000000000
0.00414474000000000
0.00143927000000000
-0.00245750000000000
-0.00501226000000000
-0.00620622000000000
-0.00719871000000000
-0.00760790000000000
-0.00661766000000000
-0.00467367000000000
-0.00236320000000000
0.000141669000000000
0.00131452000000000
-0.000388482000000000
-0.00279834000000000
-0.00188351000000000
0.00160969000000000
0.00259328000000000
-0.000486912000000000
-0.00354009000000000
-0.00362163000000000
-0.00257826000000000
-0.00278802000000000
-0.00418632000000000
-0.00615851000000000
-0.00793729000000000
-0.00713832000000000
-0.00237995000000000
0.00315614000000000
0.00521895000000000
0.00423475000000000
0.00376998000000000
0.00472792000000000
0.00526963000000000
0.00468471000000000
0.00386479000000000
0.00289397000000000
0.00117250000000000
-0.000954903000000000
-0.00234961000000000
-0.00235196000000000
-0.00132433000000000
-0.000598523000000000
-0.00116924000000000
-0.00198292000000000
-0.00125925000000000
0.000265499000000000
0.000296743000000000
-0.000537589000000000
0.000780866000000000
0.00396645000000000
0.00474386000000000
0.00141036000000000
-0.00214598000000000
-0.00214118000000000
0.000173740000000000
0.00133383000000000
0.000728800000000000
0.000210317000000000
0.000536782000000000
0.000472731000000000
-0.000632362000000000
-0.00129542000000000
-4.70126000000000e-05
0.00200448000000000
0.00250889000000000
0.00144050000000000
0.000766511000000000
0.000974213000000000
0.000743533000000000
0.000145102000000000
0.000589164000000000
0.00160601000000000
0.00145827000000000
0.000771242000000000
0.00178798000000000
0.00399618000000000
0.00454524000000000
0.00257929000000000
6.52786000000000e-05
-0.00175590000000000
-0.00324778000000000
-0.00419112000000000
-0.00326955000000000
-0.000255906000000000
0.00323675000000000
0.00526912000000000
0.00527351000000000
0.00434448000000000
0.00376313000000000
0.00328017000000000
0.00202225000000000
0.000947955000000000
0.00186021000000000
0.00387296000000000
0.00384855000000000
0.00110282000000000
-0.00141802000000000
-0.00129051000000000
0.000602702000000000
0.00189842000000000
0.00120510000000000
-0.00117077000000000
-0.00337417000000000
-0.00365228000000000
-0.00243993000000000
-0.00154818000000000
-0.00151120000000000
-0.00171155000000000
-0.00218205000000000
-0.00260544000000000
-0.00149700000000000
0.000895930000000000
0.00129419000000000
-0.00124576000000000
-0.00281816000000000
-0.000785576000000000
0.00183109000000000
0.00218930000000000
0.00225377000000000
0.00406259000000000
0.00557798000000000
0.00498907000000000
0.00409273000000000
0.00438381000000000
0.00421227000000000
0.00190312000000000
-0.00179002000000000
-0.00524102000000000
-0.00720044000000000
-0.00731068000000000
-0.00720616000000000
-0.00875394000000000
-0.0101082000000000
-0.00765357000000000
-0.00213852000000000
0.00227175000000000
0.00441600000000000
0.00554549000000000
0.00429227000000000
-0.000832411000000000
-0.00625629000000000
-0.00779722000000000
-0.00725091000000000
-0.00769873000000000
-0.00663442000000000
-0.00111754000000000
0.00507193000000000
0.00678185000000000
0.00492951000000000
0.00253341000000000
-0.000543913000000000
-0.00356962000000000
-0.00273908000000000
0.00177745000000000
0.00367220000000000
-0.000200213000000000
-0.00478320000000000
-0.00503597000000000
-0.00285331000000000
-0.00203850000000000
-0.00215477000000000
-0.00133301000000000
-0.000532572000000000
-0.00113654000000000
-0.00162062000000000
0.000207395000000000
0.00333933000000000
0.00439669000000000
0.00230516000000000
7.22772000000000e-05
0.000671340000000000
0.00252371000000000
0.00201418000000000
-0.000599085000000000
-0.00173740000000000
-0.000913922000000000
-0.00166742000000000
-0.00508715000000000
-0.00739804000000000
-0.00598676000000000
-0.00341892000000000
-0.00294352000000000
-0.00349820000000000
-0.00233949000000000
5.14580000000000e-05
0.000791717000000000
-0.000281714000000000
0.000179370000000000
0.00405585000000000
0.00806041000000000
0.00766818000000000
0.00300084000000000
-0.00203891000000000
-0.00566268000000000
-0.00878326000000000
-0.0103458000000000
-0.00764866000000000
-0.00197883000000000
0.00166200000000000
0.00192366000000000
0.00278955000000000
0.00652949000000000
0.00993237000000000
0.00959153000000000
0.00654226000000000
0.00351057000000000
0.000893263000000000
-0.00235451000000000
-0.00615412000000000
-0.00877846000000000
-0.00854326000000000
-0.00544914000000000
-0.00151396000000000
0.00155789000000000
0.00429952000000000
0.00757183000000000
0.00944532000000000
0.00717459000000000
0.00209817000000000
-0.00124280000000000
-0.00121061000000000
-0.000754149000000000
-0.00219155000000000
-0.00381636000000000
-0.00310219000000000
-0.000310791000000000
0.00276595000000000
0.00554263000000000
0.00793801000000000
0.00853570000000000
0.00573277000000000
0.000981160000000000
-0.00169582000000000
-0.000612224000000000
0.000769413000000000
-0.00137623000000000
-0.00536455000000000
-0.00626456000000000
-0.00343946000000000
-0.00105889000000000
-0.00115483000000000
-0.00120775000000000
-3.28528000000000e-05
-0.000123258000000000
-0.00216999000000000
-0.00270087000000000
-0.000350617000000000
0.00117210000000000
-0.000636673000000000
-0.00257877000000000
-0.00119427000000000
0.00174313000000000
0.00275195000000000
0.00229157000000000
0.00282664000000000
0.00375312000000000
0.00238598000000000
-0.00118088000000000
-0.00362581000000000
-0.00290511000000000
-0.000731354000000000
9.18591000000000e-05
-0.000654655000000000
-0.00126354000000000
-0.00159110000000000
-0.00335231000000000
-0.00632505000000000
-0.00715998000000000
-0.00383312000000000
0.00115166000000000
0.00439475000000000
0.00586876000000000
0.00702307000000000
0.00728463000000000
0.00560179000000000
0.00300769000000000
0.000542687000000000
-0.00274899000000000
-0.00670063000000000
-0.00771579000000000
-0.00350873000000000
0.00263313000000000
0.00603897000000000
0.00665434000000000
0.00703891000000000
0.00743615000000000
0.00668898000000000
0.00537660000000000
0.00421718000000000
0.00214557000000000
-0.00101588000000000
-0.00277801000000000
-0.00196228000000000
-0.00120530000000000
-0.00251676000000000
-0.00364666000000000
-0.00215426000000000
0.000471199000000000
0.00190701000000000
0.00258276000000000
0.00325197000000000
0.00256294000000000
-0.000116014000000000
-0.00284697000000000
-0.00414494000000000
-0.00501083000000000
-0.00606737000000000
-0.00603867000000000
-0.00390821000000000
-0.000252524000000000
0.00414116000000000
0.00811129000000000
0.00958193000000000
0.00768503000000000
0.00463904000000000
0.00309484000000000
0.00305509000000000
0.00303118000000000
0.00234705000000000
0.000851987000000000
-0.00164821000000000
-0.00444931000000000
-0.00636878000000000
-0.00721904000000000
-0.00701694000000000
-0.00487127000000000
-0.00101967000000000
0.00196616000000000
0.00251768000000000
0.00211676000000000
0.00210481000000000
0.00144612000000000
-0.000729536000000000
-0.00338704000000000
-0.00558881000000000
-0.00689853000000000
-0.00595672000000000
-0.00234613000000000
0.000884865000000000
0.00107381000000000
0.000645981000000000
0.00301320000000000
0.00641649000000000
0.00700376000000000
0.00510738000000000
0.00294812000000000
-7.02164000000000e-05
-0.00423066000000000
-0.00589839000000000
-0.00302832000000000
0.000155431000000000
-0.000489926000000000
-0.00256488000000000
-0.00207845000000000
0.000240488000000000
0.00198956000000000
0.00351925000000000
0.00500572000000000
0.00417866000000000
0.000750532000000000
-0.00186420000000000
-0.00215712000000000
-0.00278833000000000
-0.00494585000000000
-0.00599422000000000
-0.00424027000000000
-0.00141424000000000
0.000860242000000000
0.00279405000000000
0.00412195000000000
0.00370489000000000
0.00183794000000000
0.000223589000000000
-0.000383792000000000
-0.000498897000000000
-0.000792769000000000
-0.00152806000000000
-0.00231048000000000
-0.00215109000000000
-0.000921135000000000
0.000308748000000000
0.00105297000000000
0.00193296000000000
0.00262209000000000
0.00196391000000000
0.000559351000000000
3.72185000000000e-05
-0.000375077000000000
-0.00269116000000000
-0.00586140000000000
-0.00685388000000000
-0.00528751000000000
-0.00300360000000000
-0.000112357000000000
0.00405595000000000
0.00765500000000000
0.00814991000000000
0.00617884000000000
0.00386673000000000
0.00157434000000000
-0.000954893000000000
-0.00246966000000000
-0.00200254000000000
-0.000611488000000000
0.000309800000000000
0.000576454000000000
0.000297366000000000
-0.000536005000000000
-0.00105174000000000
-0.000486739000000000
0.000189740000000000
-0.000142027000000000
-0.000323757000000000
0.00134568000000000
0.00405278000000000
0.00553180000000000
0.00501584000000000
0.00320242000000000
0.000625833000000000
-0.00205505000000000
-0.00347225000000000
-0.00296120000000000
-0.00157281000000000
-0.000688443000000000
-0.000538805000000000
-0.000639381000000000
-0.000290919000000000
0.00106931000000000
0.00297611000000000
0.00367894000000000
0.00248835000000000
0.00105807000000000
0.00101253000000000
0.00159804000000000
0.00152928000000000
0.00119590000000000
0.00124658000000000
0.00102262000000000
7.01419000000000e-05
-0.000566585000000000
-0.000211789000000000
0.000149567000000000
-0.000385989000000000
-0.00111815000000000
-0.000943133000000000
0.000273162000000000
0.00191896000000000
0.00304099000000000
0.00281254000000000
0.00153306000000000
0.000541737000000000
0.000526217000000000
0.000700908000000000
0.000158732000000000
-0.00121000000000000
-0.00302301000000000
-0.00449212000000000
-0.00424875000000000
-0.00192049000000000
0.000677572000000000
0.00150384000000000
0.000850710000000000
0.000395399000000000
0.000603274000000000
0.000596827000000000
-0.000300901000000000
-0.00185888000000000
-0.00335057000000000
-0.00389289000000000
-0.00343077000000000
-0.00312549000000000
-0.00417283000000000
-0.00570712000000000
-0.00555734000000000
-0.00279681000000000
0.000932905000000000
0.00320007000000000
0.00293698000000000
0.00126609000000000
0.000217704000000000
0.000599340000000000
0.00121828000000000
0.000658047000000000
-0.00100881000000000
-0.00283849000000000
-0.00447311000000000
-0.00585496000000000
-0.00633108000000000
-0.00520812000000000
-0.00303445000000000
-0.00118834000000000
-0.000267614000000000
0.000398045000000000
0.00161674000000000
0.00321121000000000
0.00410305000000000
0.00348308000000000
0.00175733000000000
1.36101000000000e-05
-0.00121235000000000
-0.00211768000000000
-0.00281039000000000
-0.00308595000000000
-0.00309085000000000
-0.00343864000000000
-0.00418152000000000
-0.00427214000000000
-0.00288089000000000
-0.000727247000000000
0.000447761000000000
-7.15855000000000e-05
-0.00117046000000000
-0.00107238000000000
0.000639800000000000
0.00272283000000000
0.00359802000000000
0.00321570000000000
0.00320722000000000
0.00482499000000000
0.00677051000000000
0.00670635000000000
0.00477431000000000
0.00363317000000000
0.00415393000000000
0.00386173000000000
0.00129644000000000
-0.000992399000000000
-0.000373585000000000
0.00170869000000000
0.00246210000000000
0.00186634000000000
0.00134701000000000
0.000651120000000000
-0.000771466000000000
-0.00159048000000000
-0.000490284000000000
0.00127846000000000
0.00186399000000000
0.00157986000000000
0.00169766000000000
0.00218266000000000
0.00233122000000000
0.00227513000000000
0.00222649000000000
0.00168949000000000
0.000500940000000000
-0.000383945000000000
3.76150000000000e-05
0.00156913000000000
0.00309453000000000
0.00333146000000000
0.00181056000000000
-0.000489753000000000
-0.00168908000000000
-0.00114563000000000
-0.000177265000000000
-0.000208703000000000
-0.00107033000000000
-0.00203084000000000
-0.00298909000000000
-0.00386285000000000
-0.00417242000000000
-0.00404451000000000
-0.00414586000000000
-0.00403337000000000
-0.00258307000000000
-0.000232059000000000
0.00116719000000000
0.00134190000000000
0.00155585000000000
0.00178205000000000
0.000433212000000000
-0.00246833000000000
-0.00494871000000000
-0.00578028000000000
-0.00546498000000000
-0.00460082000000000
-0.00349851000000000
-0.00268381000000000
-0.00211809000000000
-0.00104060000000000
0.000220647000000000
0.000262056000000000
-0.000765193000000000
-0.000989089000000000
-0.000122093000000000
0.000296855000000000
-2.44064000000000e-05
0.000230956000000000
0.000831747000000000
0.000365534000000000
-0.000586487000000000
-0.000101733000000000
0.00130982000000000
0.00145572000000000
0.000493063000000000
0.000550881000000000
0.00169797000000000
0.00195360000000000
0.000973232000000000
0.000538508000000000
0.00121848000000000
0.00161388000000000
0.000902561000000000
3.60732000000000e-06
-0.000304804000000000
-0.000304620000000000
-0.000292104000000000
7.39692000000000e-05
0.000703983000000000
0.000769413000000000
2.42593000000000e-05
-0.000477339000000000
-5.41011000000000e-05
0.000288733000000000
-0.000531714000000000
-0.00155861000000000
-0.00112193000000000
0.000398791000000000
0.00118221000000000
0.000996414000000000
0.00138328000000000
0.00263374000000000
0.00314000000000000
0.00193776000000000
2.45372000000000e-05
-0.00152847000000000
-0.00241530000000000
-0.00225633000000000
-0.000785270000000000
0.000710757000000000
0.000577445000000000
-0.000618589000000000
-0.000621430000000000
0.000947659000000000
0.00204116000000000
0.00147626000000000
0.000531295000000000
0.000392436000000000
0.000493645000000000
0.000286557000000000
0.000558626000000000
0.00161368000000000
0.00201745000000000
0.000653869000000000
-0.00142200000000000
-0.00275471000000000
-0.00347287000000000
-0.00404563000000000
-0.00379419000000000
-0.00254976000000000
-0.00201255000000000
-0.00298194000000000
-0.00305070000000000
4.40823000000000e-05
0.00391005000000000
0.00420502000000000
0.000886622000000000
-0.00186338000000000
-0.00178123000000000
-0.000671891000000000
-0.000397319000000000
-0.000538161000000000
-0.000450080000000000
-0.000588561000000000
-0.000964966000000000
-0.000742930000000000
0.000182159000000000
0.000766951000000000
0.000312539000000000
-0.000729515000000000
-0.00115309000000000
5.09298000000000e-05
0.00227707000000000
0.00331287000000000
0.00227921000000000
0.00123697000000000
0.00192918000000000
0.00288733000000000
0.00218828000000000
0.000832687000000000
0.000408813000000000
2.50307000000000e-05
-0.00141291000000000
-0.00240182000000000
-0.00148811000000000
1.84836000000000e-05
0.000558115000000000
0.000873361000000000
0.00183661000000000
0.00241500000000000
0.00164116000000000
0.000292288000000000
-0.000590268000000000
-0.000898546000000000
-0.000930096000000000
-0.000994749000000000
-0.00147585000000000
-0.00182425000000000
-0.000922443000000000
0.000948875000000000
0.00203513000000000
0.00203135000000000
0.00224979000000000
0.00269821000000000
0.00199273000000000
0.000430657000000000
-0.000234705000000000
-4.25631000000000e-05
-0.000621460000000000
-0.00192856000000000
-0.00227186000000000
-0.00147891000000000
-0.000912941000000000
-0.000521241000000000
0.000825555000000000
0.00256774000000000
0.00295078000000000
0.00208703000000000
0.00144448000000000
0.00122900000000000
0.000453441000000000
-0.000565154000000000
-0.000585455000000000
0.000117649000000000
-0.000199763000000000
-0.00176969000000000
-0.00265142000000000
-0.00148944000000000
0.000501308000000000
0.00119999000000000
0.000249704000000000
-0.00101240000000000
-0.00143365000000000
-0.000924803000000000
0.000147738000000000
0.00101991000000000
0.000904420000000000
0.000138992000000000
0.000203717000000000
0.00142752000000000
0.00176570000000000
-0.000295568000000000
-0.00306184000000000
-0.00370632000000000
-0.00232233000000000
-0.00112632000000000
-0.00115432000000000
-0.00158537000000000
-0.00170655000000000
-0.00102374000000000
0.00102082000000000
0.00388492000000000
0.00517533000000000
0.00331287000000000
-0.000143426000000000
-0.00197955000000000
-0.000849494000000000
0.00176049000000000
0.00331031000000000
0.00272927000000000
0.00106737000000000
-3.92098000000000e-05
-0.000319180000000000
-0.000122839000000000
0.000789755000000000
0.00223804000000000
0.00221219000000000
-0.000478269000000000
-0.00345539000000000
-0.00356553000000000
-0.00163431000000000
-0.000766307000000000
-0.00121378000000000
-0.000847215000000000
0.000288958000000000
0.000451745000000000
0.000344600000000000
0.00225949000000000
0.00519791000000000
0.00527872000000000
0.00148852000000000
-0.00254608000000000
-0.00352569000000000
-0.00202542000000000
-0.000125148000000000
0.00182149000000000
0.00418826000000000
0.00582074000000000
0.00486923000000000
0.00152652000000000
-0.00159549000000000
-0.00230475000000000
-0.000983521000000000
0.000368037000000000
0.000627642000000000
0.000291277000000000
0.000241775000000000
0.000451143000000000
0.000435143000000000
0.000427112000000000
0.00101251000000000
0.00154604000000000
0.000603192000000000
-0.00169051000000000
-0.00311057000000000
-0.00228585000000000
-0.000567678000000000
2.74327000000000e-05
-0.000475970000000000
-0.00107320000000000
-0.00173178000000000
-0.00243523000000000
-0.00214782000000000
-0.000347287000000000
0.00165761000000000
0.00248192000000000
0.00217561000000000
0.00140709000000000
0.000346377000000000
-0.000570007000000000
-0.000419409000000000
0.000827701000000000
0.00173291000000000
0.00122757000000000
-0.000293177000000000
-0.00191661000000000
-0.00327711000000000
-0.00415833000000000
-0.00417621000000000
-0.00318015000000000
-0.00150159000000000
0.000155217000000000
0.00106655000000000
0.000920155000000000
0.000264774000000000
7.38731000000000e-05
0.000720453000000000
0.00143815000000000
0.00110814000000000
-0.000439873000000000
-0.00219237000000000
-0.00295159000000000
-0.00244554000000000
-0.00136336000000000
-0.000657557000000000
-0.000740948000000000
-0.00122665000000000
-0.00136050000000000
-0.000919480000000000
-0.000422116000000000
-0.000250113000000000
-3.42199000000000e-05
0.000482662000000000
0.000718113000000000
0.000267594000000000
4.20839000000000e-05
0.000924660000000000
0.00211707000000000
0.00223313000000000
0.00147248000000000
0.000857862000000000
0.000290010000000000
-0.000829131000000000
-0.00187646000000000
-0.00175304000000000
-0.000704341000000000
0.000233459000000000
0.000667181000000000
0.000611499000000000
-6.55503000000000e-05
-0.000888553000000000
-0.000807880000000000
0.000141730000000000
0.000660785000000000
0.000199712000000000
-0.000251400000000000
0.000152193000000000
0.00113296000000000
0.00213086000000000
0.00279793000000000
0.00263313000000000
0.00157127000000000
0.000559586000000000
0.000580561000000000
0.00129950000000000
0.00152959000000000
0.000532889000000000
-0.00145449000000000
-0.00343537000000000
-0.00427316000000000
-0.00364809000000000
-0.00246577000000000
-0.00170205000000000
-0.00129797000000000
-0.000697914000000000
8.66178000000000e-05
0.000791073000000000
0.00145041000000000
0.00195114000000000
0.00179053000000000
0.000875690000000000
-3.16492000000000e-05
-0.000212248000000000
0.000191283000000000
0.000512680000000000
0.000503883000000000
0.000328283000000000
-0.000161235000000000
-0.00144346000000000
-0.00328273000000000
-0.00431557000000000
-0.00346316000000000
-0.00146103000000000
3.87511000000000e-05
0.000757939000000000
0.00168969000000000
0.00280896000000000
0.00279354000000000
0.00148739000000000
0.000446984000000000
0.000462218000000000
0.000474468000000000
-0.000283481000000000
-0.000997079000000000
-0.000969411000000000
-0.000680647000000000
-0.000606380000000000
-0.000435020000000000
-0.000252299000000000
-0.000621756000000000
-0.00129848000000000
-0.00128162000000000
-0.000510554000000000
0.000197658000000000
0.000711084000000000
0.00147646000000000
0.00209929000000000
0.00175508000000000
0.000777556000000000
0.000278771000000000
0.000394101000000000
0.000353928000000000
1.36183000000000e-05
3.43333000000000e-05
0.000502657000000000
0.000742031000000000
0.000473620000000000
0.000277116000000000
0.000521558000000000
0.000671564000000000
0.000163360000000000
-0.000421871000000000
-4.28328000000000e-05
0.000993012000000000
0.00135243000000000
0.000931567000000000
0.00103335000000000
0.00173720000000000
0.00144653000000000
-0.000292248000000000
-0.00164484000000000
-0.00138870000000000
-0.000505957000000000
0.000121215000000000
0.00101213000000000
0.00200734000000000
0.00172913000000000
0.000383036000000000
-9.39557000000000e-05
0.000524133000000000
0.000186818000000000
-0.00170491000000000
-0.00327711000000000
-0.00351220000000000
-0.00340043000000000
-0.00334413000000000
-0.00241285000000000
-0.000707375000000000
0.000405585000000000
0.000682640000000000
0.00126058000000000
0.00222322000000000
0.00226695000000000
0.000938882000000000
-0.000643008000000000
-0.00159876000000000
-0.00206731000000000
-0.00224212000000000
-0.00197781000000000
-0.00138257000000000
-0.000813652000000000
-0.000315849000000000
0.000359312000000000
0.00120980000000000
0.00181281000000000
0.00164709000000000
0.000573542000000000
-0.000942264000000000
-0.00183620000000000
-0.00143335000000000
-0.000465988000000000
-0.000429023000000000
-0.00150119000000000
-0.00221658000000000
-0.00147043000000000
4.88179000000000e-05
0.00104571000000000
0.00125189000000000
0.00112428000000000
0.000850628000000000
0.000474969000000000
0.000281775000000000
0.000364993000000000
0.000533512000000000
0.000644908000000000
0.000560505000000000
-5.92005000000000e-06
-0.000957089000000000
-0.00154410000000000
-0.00134344000000000
-0.000763671000000000
-0.000179707000000000
0.000545548000000000
0.00112193000000000
0.000929636000000000
0.000343997000000000
0.000361999000000000
0.000777484000000000
0.000415199000000000
-0.000671381000000000
-0.00115718000000000
-0.000579591000000000
0.000181546000000000
0.000544393000000000
0.000642272000000000
0.000469758000000000
4.33263000000000e-05
-3.92272000000000e-05
0.000495873000000000
0.000938842000000000
0.000792248000000000
0.000705158000000000
0.00105368000000000
0.00112254000000000
0.000494667000000000
5.86048000000000e-05
0.000412400000000000
0.000784299000000000
0.000373350000000000
-0.000179687000000000
0.000111335000000000
0.000727012000000000
0.000345529000000000
-0.00102712000000000
-0.00179360000000000
-0.00106328000000000
0.000105031000000000
0.000279282000000000
-0.000148484000000000
0.000168949000000000
0.00104479000000000
0.000941590000000000
-0.000243686000000000
-0.000771650000000000
0.000107309000000000
0.000836835000000000
0.000159723000000000
-0.000998376000000000
-0.00143222000000000
-0.00165505000000000
-0.00220013000000000
-0.00190445000000000
4.48404000000000e-06
0.00163391000000000
0.000648035000000000
-0.00198721000000000
-0.00292104000000000
-0.000911194000000000
0.00175753000000000
0.00273530000000000
0.00238445000000000
0.00225408000000000
0.00258092000000000
0.00259911000000000
0.00219564000000000
0.00174353000000000
0.000990131000000000
-0.000495209000000000
-0.00190588000000000
-0.00190823000000000
-0.000618058000000000
0.000468890000000000
0.000627580000000000
0.000348441000000000
-1.33925000000000e-06
-0.000382280000000000
-0.000422596000000000
5.05834000000000e-05
0.000255150000000000
-0.000129317000000000
2.52524000000000e-05
0.00147728000000000
0.00277402000000000
0.00238210000000000
0.00110191000000000
0.000250205000000000
-0.000755334000000000
-0.00262148000000000
-0.00381309000000000
-0.00268595000000000
-0.000327670000000000
0.00106635000000000
0.00139186000000000
0.00208938000000000
0.00335353000000000
0.00403317000000000
0.00347154000000000
0.00221597000000000
0.00104990000000000
0.000315205000000000
-0.000251175000000000
-0.00100549000000000
-0.00167937000000000
-0.00164351000000000
-0.00118640000000000
-0.00149281000000000
-0.00257459000000000
-0.00282388000000000
-0.00129971000000000
0.000708989000000000
0.00166241000000000
0.00164382000000000
0.00160990000000000
0.00175191000000000
0.00171728000000000
0.00136714000000000
0.000744432000000000
-8.88553000000000e-05
-0.000802874000000000
-0.00105695000000000
-0.000865923000000000
-0.000443705000000000
0.000154818000000000
0.000677255000000000
0.000778118000000000
0.000565941000000000
0.000621900000000000
0.00104786000000000
0.00126691000000000
0.000830480000000000
-0.000108096000000000
-0.00105603000000000
-0.00147115000000000
-0.00104377000000000
-0.000197771000000000
0.000269688000000000
0.000193061000000000
4.58151000000000e-05
0.000158180000000000
0.000723273000000000
0.00197689000000000
0.00338081000000000
0.00348656000000000
0.00162604000000000
-0.00103938000000000
-0.00308370000000000
-0.00450325000000000
-0.00567790000000000
-0.00591596000000000
-0.00438943000000000
-0.00196637000000000
-0.000436267000000000
-0.000220861000000000
0.000130063000000000
0.00177613000000000
0.00375210000000000
0.00405677000000000
0.00217367000000000
-0.000538927000000000
-0.00288059000000000
-0.00449579000000000
-0.00464333000000000
-0.00278240000000000
-0.000462340000000000
6.35856000000000e-05
-0.000646533000000000
-0.000400333000000000
0.000556776000000000
0.000127723000000000
-0.00113961000000000
-0.000518524000000000
0.00187349000000000
0.00288518000000000
0.00152560000000000
0.000268115000000000
0.000666997000000000
0.00161184000000000
0.00183232000000000
0.00103560000000000
-0.000997232000000000
-0.00353621000000000
-0.00434581000000000
-0.00240345000000000
0.000121991000000000
0.000853867000000000
0.000319578000000000
0.000207814000000000
0.000478790000000000
0.000425641000000000
0.000367761000000000
0.000457794000000000
-0.000230874000000000
-0.00163993000000000
-0.00212432000000000
-0.00101250000000000
0.000159947000000000
0.000217500000000000
-0.000254312000000000
-0.000531694000000000
-0.000758511000000000
-0.000742419000000000
3.14306000000000e-05
0.000990458000000000
0.00108985000000000
0.000644929000000000
0.000696024000000000
0.00100317000000000
0.000643365000000000
-0.000100317000000000
-0.000417529000000000
-0.000487730000000000
-0.000700898000000000
-0.000400221000000000
0.000834005000000000
0.00189342000000000
0.00147718000000000
-8.80697000000000e-05
-0.00145807000000000
-0.00182936000000000
-0.00119335000000000
0.000147636000000000
0.00163186000000000
0.00260728000000000
0.00270485000000000
0.00202297000000000
0.00103069000000000
0.000360436000000000
0.000127672000000000
-0.000279762000000000
-0.00133117000000000
-0.00253934000000000
-0.00310444000000000
-0.00275481000000000
-0.00150936000000000
0.000529241000000000
0.00256008000000000
0.00334342000000000
0.00260708000000000
0.00140801000000000
0.000724662000000000
0.000555826000000000
0.000494412000000000
0.000424711000000000
0.000445063000000000
0.000534810000000000
0.000417569000000000
-0.000322572000000000
-0.00143171000000000
-0.00172739000000000
-0.000555530000000000
0.000820927000000000
0.000793954000000000
-0.000264324000000000
-0.000962228000000000
-0.00120857000000000
-0.00173383000000000
-0.00194542000000000
-0.000965896000000000
0.000168540000000000
-0.000389084000000000
-0.00201337000000000
-0.00240999000000000
-0.00108106000000000
0.000257969000000000
0.000740918000000000
0.00116760000000000
0.00197383000000000
0.00240304000000000
0.00201071000000000
0.00132055000000000
0.000715508000000000
0.000105174000000000
-0.000503821000000000
-0.000936063000000000
-0.00131197000000000
-0.00139472000000000
-0.000517196000000000
0.00129010000000000
0.00273755000000000
0.00291348000000000
0.00232192000000000
0.00167314000000000
0.000839215000000000
-4.19960000000000e-05
1.76714000000000e-05
0.00109598000000000
0.00157679000000000
0.000375332000000000
-0.00150078000000000
-0.00277433000000000
-0.00359496000000000
-0.00407220000000000
-0.00298654000000000
0.000316707000000000
0.00406004000000000
0.00592556000000000
0.00559545000000000
0.00422617000000000
0.00244187000000000