5.67E-03
5.92E-03
6.17E-03
6.43E-03
6.49E-03
6.22E-03
6.02E-03
6.25E-03
6.41E-03
5.97E-03
4.64E-03
4.26E-03
6.33E-03
9.14E-03
1.09E-02
7.93E-03
7.76E-04
-2.92E-03
2.78E-03
2.65E-03
-1.14E-03
5.30E-04
4.87E-03
1.21E-02
6.27E-03
-4.47E-03
-5.76E-03
-1.87E-03
2.68E-03
7.39E-03
1.10E-02
1.30E-02
1.20E-02
6.30E-03
-3.26E-04
-2.82E-03
-3.22E-03
8.78E-05
3.77E-03
-3.36E-03
-1.74E-02
-3.62E-03
1.49E-02
2.25E-02
1.88E-02
-2.25E-03
-2.54E-02
-3.19E-02
-2.01E-02
4.93E-04
1.64E-02
1.70E-03
-1.08E-02
-1.47E-02
-3.41E-02
-5.03E-03
1.60E-02
-5.50E-03
-3.59E-02
-5.37E-02
-3.57E-02
-1.57E-02
-1.18E-02
-1.76E-02
-2.86E-02
-3.83E-02
-3.27E-02
-2.01E-02
-2.24E-02
-3.59E-02
-1.30E-02
5.20E-02
1.03E-01
7.87E-02
3.89E-02
5.96E-02
1.16E-01
1.14E-01
6.98E-02
1.33E-02
-4.91E-02
-8.49E-02
-8.12E-02
-9.32E-02
-1.25E-01
-1.44E-01
-1.37E-01
-6.65E-02
6.45E-03
-8.78E-03
-1.04E-01
-1.22E-01
-7.84E-02
-2.38E-02
9.18E-03
-1.77E-02
-6.92E-02
-1.14E-01
-1.23E-01
-8.94E-02
-3.07E-02
6.81E-02
1.84E-01
2.70E-01
3.03E-01
3.01E-01
2.39E-01
1.35E-01
5.37E-02
3.47E-02
4.89E-02
6.21E-02
4.82E-02
-1.18E-02
-7.25E-02
-7.69E-02
-3.81E-02
1.86E-02
8.11E-02
1.10E-01
6.01E-02
2.17E-02
8.45E-02
1.50E-01
1.12E-01
6.07E-02
6.26E-02
5.76E-02
-2.34E-02
-1.40E-01
-2.04E-01
-2.00E-01
-1.74E-01
-1.75E-01
-2.02E-01
-2.58E-01
-3.32E-01
-3.70E-01
-2.39E-01
7.48E-03
1.82E-01
1.82E-01
1.60E-01
1.70E-01
1.63E-01
1.22E-01
6.22E-02
2.64E-02
3.87E-02
4.75E-02
-1.20E-02
-1.96E-02
1.45E-02
5.00E-04
-8.65E-02
-1.78E-01
-1.73E-01
-1.09E-01
-3.20E-02
2.69E-02
3.33E-02
1.27E-02
-4.99E-03
-2.53E-02
-6.06E-02
-1.12E-01
-1.02E-01
-1.79E-02
9.31E-02
1.89E-01
2.18E-01
1.87E-01
1.43E-01
1.13E-01
1.27E-01
1.40E-01
1.22E-01
8.19E-02
3.73E-02
-7.78E-03
-5.17E-02
-8.79E-02
-1.08E-01
-1.17E-01
-1.08E-01
-8.55E-02
-5.79E-02
-2.06E-02
2.92E-02
5.12E-02
3.27E-02
1.33E-02
2.94E-02
5.82E-02
6.57E-02
4.52E-02
1.53E-02
-1.60E-02
-5.43E-02
-9.23E-02
-1.22E-01
-1.51E-01
-1.70E-01
-1.41E-01
-7.29E-02
-2.58E-02
-6.25E-03
-1.18E-02
-1.59E-02
4.21E-03
2.40E-02
5.76E-02
8.29E-02
8.49E-02
9.70E-02
1.11E-01
1.05E-01
9.29E-02
9.53E-02
9.96E-02
8.54E-02
5.73E-02
2.65E-02
-4.16E-03
-2.72E-02
-4.14E-02
-6.39E-02
-9.07E-02
-7.63E-02
-6.39E-02
-6.00E-02
-4.62E-02
-1.94E-02
2.10E-02
2.90E-02
2.25E-02
2.52E-02
1.70E-02
1.41E-02
1.40E-02
1.70E-02
3.58E-02
7.08E-02
5.81E-02
7.30E-03
-2.05E-02
-1.45E-02
-3.98E-02
-6.74E-02
-6.61E-02
-6.50E-02
-7.98E-02
-1.03E-01
-1.08E-01
-8.76E-02
-5.51E-02
-4.22E-02
-3.05E-02
-1.09E-02
1.13E-02
3.39E-02
5.67E-02
7.27E-02
7.22E-02
5.29E-02
3.65E-02
4.15E-02
4.35E-02
2.95E-02
2.31E-02
2.15E-02
1.43E-02
5.40E-03
3.66E-03
1.13E-02
2.29E-02
3.57E-02
4.65E-02
4.86E-02
4.08E-02
2.78E-02
1.42E-02
6.17E-03
1.08E-02
1.41E-02
-1.03E-03
-2.28E-02
-3.01E-02
-4.35E-02
-6.69E-02
-8.98E-02
-1.04E-01
-1.01E-01
-9.36E-02
-8.06E-02
-4.51E-02
5.07E-03
8.18E-03
-1.44E-02
-1.89E-02
-7.28E-04
2.03E-02
1.57E-02
4.09E-04
-2.00E-03
2.04E-02
5.40E-02
8.03E-02
8.01E-02
6.26E-02
5.88E-02
5.98E-02
5.09E-02
4.22E-02
4.04E-02
3.31E-02
2.07E-02
5.78E-03
-9.60E-03
-1.50E-02
-1.39E-03
1.51E-03
-1.40E-02
-2.59E-02
-2.67E-02
-3.13E-02
-4.31E-02
-4.59E-02
-3.20E-02
-1.43E-02
-1.40E-02
-2.34E-02
-2.70E-02
-1.56E-02
-1.22E-02
-7.67E-03
5.99E-03
1.70E-02
1.20E-02
1.52E-03
1.02E-03
8.15E-03
1.16E-02
1.13E-02
1.11E-02
1.01E-02
7.98E-03
4.64E-03
2.60E-03
4.49E-03
8.27E-03
7.71E-03
1.64E-03
-1.20E-02
-2.29E-02
-2.30E-02
-1.96E-02
-1.77E-02
-1.33E-02
9.04E-04
2.02E-02
2.16E-02
1.35E-02
1.33E-02
2.33E-02
3.24E-02
2.47E-02
1.12E-02
6.86E-03
1.21E-02
7.49E-03
-2.59E-03
-5.90E-03
-5.17E-03
-9.41E-03
-1.68E-02
-2.11E-02
-2.32E-02
-2.60E-02
-3.09E-02
-2.93E-02
-9.40E-03
1.36E-02
1.07E-02
-5.70E-03
-2.09E-02
-2.56E-02
-1.76E-02
-5.30E-03
6.24E-03
1.39E-02
1.54E-02
1.15E-02
4.12E-03
9.24E-03
1.83E-02
1.53E-02
6.24E-03
-2.80E-04
2.93E-03
9.89E-03
8.71E-03
2.81E-03
-2.36E-03
-2.66E-03
2.60E-03
9.84E-03
1.78E-02
2.52E-02
2.60E-02
1.74E-02
5.28E-03
-6.35E-03
-1.80E-02
-2.80E-02
-2.99E-02
-1.31E-02
-3.23E-04
1.54E-03
2.05E-03
2.94E-03
7.34E-04
-1.05E-02
-1.89E-02
-1.09E-02
2.72E-03
9.65E-03
1.05E-02
9.49E-03
9.97E-03
1.50E-02
2.21E-02
2.53E-02
2.08E-02
1.27E-02
5.15E-03
1.03E-03
8.17E-04
-1.12E-03
-1.09E-02
-2.17E-02
-2.76E-02
-2.93E-02
-2.89E-02
-2.70E-02
-2.42E-02
-1.98E-02
-1.09E-02
1.52E-03
9.76E-03
8.90E-04
-2.04E-02
-2.49E-02
-1.76E-02
-6.29E-03
8.62E-03
1.99E-02
1.92E-02
1.22E-02
4.25E-03
-5.37E-03
-1.03E-02
-2.19E-04
1.78E-02
2.78E-02
2.56E-02
1.70E-02
6.62E-03
-1.93E-03
-6.78E-03
-1.33E-02
-1.52E-02
-7.56E-03
6.74E-03
1.82E-02
2.12E-02
2.21E-02
2.66E-02
2.63E-02
1.18E-02
-6.32E-03
-1.05E-02
-4.92E-03
-1.35E-04
-3.35E-03
-6.32E-03
-7.99E-03
-1.10E-02
-1.28E-02
-6.78E-03
-8.60E-03
-1.88E-02
-2.37E-02
-1.97E-02
-1.43E-02
-1.38E-02
-1.14E-02
-2.75E-03
-4.04E-04
-4.78E-03
-2.77E-03
1.02E-02
2.42E-02
2.69E-02
2.04E-02
1.47E-02
1.54E-02
1.19E-02
4.49E-03
-2.76E-04
1.07E-03
7.02E-03
8.60E-03
4.01E-03
-7.42E-04
-2.54E-04
5.49E-03
7.62E-03
4.43E-03
3.55E-04
-2.17E-03
-8.07E-03
-1.57E-02
-2.04E-02
-2.17E-02
-2.14E-02
-2.13E-02
-2.23E-02
-2.39E-02
-2.02E-02
-4.42E-03
9.26E-03
1.15E-02
7.32E-03
2.54E-03
-5.88E-04
-2.27E-03
-3.32E-03
-4.74E-03
-2.29E-03
9.67E-03
2.15E-02
2.51E-02
2.43E-02
1.88E-02
1.19E-02
7.54E-03
6.66E-03
5.76E-03
1.32E-03
-3.74E-03
-8.41E-03
-1.43E-02
-1.79E-02
-9.15E-03
2.17E-03
4.68E-03
3.61E-03
2.25E-03
1.39E-03
5.13E-04
-5.11E-04
-2.03E-03
-3.18E-03
-1.93E-03
2.13E-03
4.78E-03
4.34E-04
-7.09E-03
-9.73E-03
-5.06E-03
3.03E-03
1.01E-02
1.13E-02
5.30E-03
-7.48E-04
-4.43E-04
3.21E-03
6.96E-03
1.10E-02
1.40E-02
1.36E-02
1.10E-02
8.28E-03
5.39E-03
2.71E-03
-1.87E-04
-2.95E-03
-5.86E-03
-8.54E-03
-1.13E-02
-1.42E-02
-1.75E-02
-1.96E-02
-1.86E-02
-1.58E-02
-1.33E-02
-1.04E-02
-7.46E-03
-4.23E-03
-1.17E-03
2.16E-03
5.44E-03
8.48E-03
9.83E-03
1.04E-02
1.08E-02
1.07E-02
8.25E-03
4.84E-03
1.12E-03
-2.63E-03
-5.91E-03
-7.09E-03
-7.10E-03
-6.83E-03
-6.66E-03
-6.40E-03
-6.20E-03
-5.92E-03
-5.73E-03
-5.39E-03
-5.09E-03
-4.86E-03
-5.01E-03
-4.31E-03
-6.66E-04
5.26E-03
1.12E-02
1.38E-02
8.76E-03
1.74E-03
-1.71E-03
-1.88E-03
-1.47E-03
-1.23E-03
-1.56E-03
-8.87E-04
2.25E-03
6.64E-03
4.62E-03
1.50E-03
8.74E-04
1.10E-03
1.75E-03
3.01E-03
2.83E-03
-2.08E-03
-9.31E-03
-4.09E-03
2.80E-03
4.31E-03
4.95E-03
4.83E-03
4.02E-03
1.73E-03
-7.80E-04
-2.23E-03
8.38E-04
4.63E-03
4.32E-03
5.79E-05
-2.52E-03
-3.65E-03
-4.79E-03
-6.64E-03
-7.55E-03
-3.52E-03
6.92E-03
2.18E-02
2.92E-02
1.99E-02
1.62E-02
2.01E-02
2.14E-02
1.83E-02
1.27E-02
9.43E-03
1.09E-02
1.19E-02
4.02E-03
-5.35E-03
-5.64E-03
1.20E-03
5.66E-03
2.16E-03
-4.75E-03
-1.13E-02
-1.82E-02
-2.54E-02
-3.16E-02
-3.21E-02
-2.89E-02
-2.49E-02
-2.10E-02
-1.71E-02
-1.30E-02
-8.78E-03
-4.58E-03
-4.14E-04
3.73E-03
8.20E-03
1.32E-02
1.86E-02
2.33E-02
2.51E-02
2.39E-02
2.20E-02
1.98E-02
1.76E-02
1.59E-02
1.50E-02
1.17E-02
3.17E-04
-1.39E-02
-2.09E-02
