0.00257412000000000
0.00513459000000000
0.00510992000000000
0.00507974000000000
0.00504415000000000
0.00500327000000000
0.00495720000000000
0.00490603000000000
0.00484987000000000
0.00478881000000000
0.00472295000000000
0.00465240000000000
0.00457725000000000
0.00449762000000000
0.00441360000000000
0.00432530000000000
0.00423284000000000
0.00413633000000000
0.00403585000000000
0.00393138000000000
0.00382278000000000
0.00370970000000000
0.00359187000000000
0.00346929000000000
0.00334223000000000
0.00321112000000000
0.00307633000000000
0.00293787000000000
0.00279492000000000
0.00264534000000000
0.00248516000000000
0.00230881000000000
0.00211078000000000
0.00188879000000000
0.00164676000000000
0.00139454000000000
0.00114402000000000
0.000904037000000000
0.000677368000000000
0.000461403000000000
0.000252087000000000
4.65686000000000e-05
-0.000159703000000000
-0.000376590000000000
-0.000616005000000000
-0.000883547000000000
-0.00117391000000000
-0.00147537000000000
-0.00177845000000000
-0.00207975000000000
-0.00237960000000000
-0.00267899000000000
-0.00297854000000000
-0.00327989000000000
-0.00358909000000000
-0.00392010000000000
-0.00429454000000000
-0.00473526000000000
-0.00525843000000000
-0.00586362000000000
-0.00652237000000000
-0.00718220000000000
-0.00779003000000000
-0.00830529000000000
-0.00868661000000000
-0.00888040000000000
-0.00884469000000000
-0.00859432000000000
-0.00821149000000000
-0.00780500000000000
-0.00746460000000000
-0.00723592000000000
-0.00710826000000000
-0.00702643000000000
-0.00693300000000000
-0.00681758000000000
-0.00673635000000000
-0.00678927000000000
-0.00709123000000000
-0.00774989000000000
-0.00883113000000000
-0.0103347000000000
-0.0121756000000000
-0.0141673000000000
-0.0160742000000000
-0.0177112000000000
-0.0189831000000000
-0.0198431000000000
-0.0202396000000000
-0.0201100000000000
-0.0194053000000000
-0.0181055000000000
-0.0162294000000000
-0.0138385000000000
-0.0101633000000000
-0.00663075000000000
-0.00418896000000000
-0.00208606000000000
-0.000679611000000000
-0.000115443000000000
-0.000190351000000000
-0.000397482000000000
-0.000161929000000000
0.000834984000000000
0.00245773000000000
0.00420036000000000
0.00548796000000000
0.00596279000000000
0.00557891000000000
0.00454531000000000
0.00323665000000000
0.00210027000000000
0.00154086000000000
0.00180130000000000
0.00287040000000000
0.00444830000000000
0.00604814000000000
0.00722270000000000
0.00773398000000000
0.00756620000000000
0.00687360000000000
0.00592643000000000
0.00500310000000000
0.00423778000000000
0.00353762000000000
0.00265166000000000
0.00136194000000000
-0.000360314000000000
-0.00234785000000000
-0.00431684000000000
-0.00595114000000000
-0.00696697000000000
-0.00715977000000000
-0.00648250000000000
-0.00515976000000000
-0.00369397000000000
-0.00264899000000000
-0.00236291000000000
-0.00282523000000000
-0.00375374000000000
-0.00477399000000000
-0.00559055000000000
-0.00606424000000000
-0.00616097000000000
-0.00578447000000000
-0.00465919000000000
-0.00249660000000000
0.000672221000000000
0.00440323000000000
0.00808392000000000
0.0112343000000000
0.0136587000000000
0.0154155000000000
0.0166299000000000
0.0172806000000000
0.0171263000000000
0.0158465000000000
0.0133365000000000
0.00996647000000000
0.00657397000000000
0.00413285000000000
0.00335222000000000
0.00444206000000000
0.00700711000000000
0.0101215000000000
0.0127104000000000
0.0140121000000000
0.0137834000000000
0.0122345000000000
0.00984333000000000
0.00712182000000000
0.00439959000000000
0.00171940000000000
-0.00109503000000000
-0.00421765000000000
-0.00758763000000000
-0.0108472000000000
-0.0134979000000000
-0.0151270000000000
-0.0155417000000000
-0.0148118000000000
-0.0132956000000000
-0.0115917000000000
-0.0103137000000000
-0.00979612000000000
-0.00997002000000000
-0.0104905000000000
-0.0109825000000000
-0.0112383000000000
-0.0112707000000000
-0.0112049000000000
-0.0111183000000000
-0.0110016000000000
-0.0108499000000000
-0.0107569000000000
-0.0109283000000000
-0.0116048000000000
-0.0129283000000000
-0.0148187000000000
-0.0168984000000000
-0.0184662000000000
-0.0185936000000000
-0.0164542000000000
-0.0118136000000000
-0.00532253000000000
0.00167403000000000
0.00766754000000000
0.0115657000000000
0.0131103000000000
0.0129004000000000
0.0119993000000000
0.0113936000000000
0.0115473000000000
0.0121930000000000
0.0124508000000000
0.0112777000000000
0.00807162000000000
0.00303218000000000
-0.00297727000000000
-0.00880680000000000
-0.0133652000000000
-0.0160177000000000
-0.0168958000000000
-0.0167477000000000
-0.0164622000000000
-0.0166986000000000
-0.0177340000000000
-0.0194691000000000
-0.0215743000000000
-0.0237084000000000
-0.0256703000000000
-0.0273814000000000
-0.0288020000000000
-0.0299095000000000
-0.0306961000000000
-0.0311485000000000
-0.0312408000000000
-0.0309395000000000
-0.0302258000000000
-0.0291405000000000
-0.0278120000000000
-0.0264233000000000
-0.0251083000000000
-0.0238359000000000
-0.0224357000000000
-0.0207846000000000
-0.0189198000000000
-0.0169694000000000
-0.0150482000000000
-0.0132053000000000
-0.0114242000000000
-0.00968951000000000
-0.00807797000000000
-0.00677820000000000
-0.00598182000000000
-0.00571676000000000
-0.00576818000000000
-0.00570847000000000
-0.00498407000000000
-0.00308815000000000
0.000169458000000000
0.00446510000000000
0.00904170000000000
0.0129893000000000
0.0154946000000000
0.0160048000000000
0.0143391000000000
0.0107308000000000
0.00577965000000000
0.000283705000000000
-0.00505023000000000
-0.00990952000000000
-0.0145588000000000
-0.0198317000000000
-0.0268505000000000
-0.0364537000000000
-0.0485838000000000
-0.0620943000000000
-0.0751380000000000
-0.0858363000000000
-0.0929076000000000
-0.0960076000000000
-0.0955472000000000
-0.0921206000000000
-0.0859209000000000
-0.0763271000000000
-0.0617942000000000
-0.0404498000000000
-0.0116506000000000
0.0224814000000000
0.0572122000000000
0.0872838000000000
0.109371000000000
0.122994000000000
0.129540000000000
0.130952000000000
0.129236000000000
0.126425000000000
0.124448000000000
0.124814000000000
0.128165000000000
0.134005000000000
0.140839000000000
0.146656000000000
0.149580000000000
0.148512000000000
0.143446000000000
0.135354000000000
0.125849000000000
0.116827000000000
0.110070000000000
0.106920000000000
0.108185000000000
0.114255000000000
0.125182000000000
0.140591000000000
0.159411000000000
0.179659000000000
0.198487000000000
0.212679000000000
0.219513000000000
0.217732000000000
0.208264000000000
0.194262000000000
0.180387000000000
0.171518000000000
0.171208000000000
0.180456000000000
0.197342000000000
0.217757000000000
0.236967000000000
0.250966000000000
0.256688000000000
0.251512000000000
0.233453000000000
0.202730000000000
0.163212000000000
0.121759000000000
0.0856022000000000
0.0594040000000000
0.0437009000000000
0.0356541000000000
0.0310167000000000
0.0257375000000000
0.0170031000000000
0.00406924000000000
-0.0114350000000000
-0.0262652000000000
-0.0369914000000000
-0.0411902000000000
-0.0380311000000000
-0.0283210000000000
-0.0141803000000000
0.00149869000000000
0.0158606000000000
0.0270595000000000
0.0348082000000000
0.0400539000000000
0.0440240000000000
0.0472267000000000
0.0488588000000000
0.0468696000000000
0.0387102000000000
0.0227719000000000
-2.41029000000000e-05
-0.0264520000000000
-0.0537236000000000
-0.0817999000000000
-0.112751000000000
-0.148144000000000
-0.186817000000000
-0.224724000000000
-0.256994000000000
-0.280808000000000
-0.296889000000000
-0.308561000000000
-0.319691000000000
-0.333248000000000
-0.350618000000000
-0.371142000000000
-0.392107000000000
-0.409792000000000
-0.421166000000000
-0.425025000000000
-0.422199000000000
-0.415078000000000
-0.406634000000000
-0.399363000000000
-0.394658000000000
-0.392730000000000
-0.392931000000000
-0.394217000000000
-0.395511000000000
-0.395887000000000
-0.394650000000000
-0.391444000000000
-0.386428000000000
-0.380316000000000
-0.374176000000000
-0.369043000000000
-0.365535000000000
-0.363732000000000
-0.363400000000000
-0.364234000000000
-0.365929000000000
-0.367988000000000
-0.369268000000000
-0.367368000000000
-0.358241000000000
-0.336928000000000
-0.300012000000000
-0.248066000000000
-0.185234000000000
-0.116606000000000
-0.0465364000000000
0.0209638000000000
0.0811509000000000
0.128800000000000
0.160566000000000
0.177177000000000
0.182742000000000
0.182157000000000
0.179211000000000
0.176062000000000
0.173480000000000
0.171375000000000
0.169371000000000
0.167278000000000
0.165340000000000
0.164350000000000
0.165590000000000
0.170552000000000
0.180392000000000
0.195164000000000
0.213171000000000
0.231198000000000
0.245925000000000
0.255411000000000
0.259631000000000
0.260171000000000
0.259505000000000
0.260016000000000
0.263083000000000
0.268665000000000
0.275596000000000
0.282393000000000
0.288161000000000
0.293093000000000
0.298165000000000
0.304288000000000
0.311481000000000
0.318493000000000
0.323064000000000
0.322754000000000
0.316026000000000
0.303033000000000
0.285682000000000
0.266832000000000
0.249126000000000
0.234271000000000
0.222976000000000
0.215247000000000
0.210757000000000
0.209124000000000
0.210065000000000
0.213486000000000
0.219428000000000
0.227937000000000
0.238947000000000
0.252055000000000
0.266232000000000
0.279870000000000
0.291267000000000
0.298886000000000
0.301103000000000
0.295854000000000
0.280795000000000
0.254396000000000
0.217326000000000
0.172477000000000
0.123392000000000
0.0729105000000000
0.0231731000000000
-0.0236001000000000
-0.0646535000000000
-0.0972920000000000
-0.120165000000000
-0.133949000000000
-0.140796000000000
-0.143209000000000
-0.143215000000000
-0.142081000000000
-0.140398000000000
-0.138344000000000
-0.135926000000000
-0.133065000000000
-0.129538000000000
-0.124955000000000
-0.118869000000000
-0.110959000000000
-0.101192000000000
-0.0899741000000000
-0.0780741000000000
-0.0662357000000000
-0.0549111000000000
-0.0445317000000000
-0.0359419000000000
-0.0303993000000000
-0.0290763000000000
-0.0324194000000000
-0.0397564000000000
-0.0493603000000000
-0.0589770000000000
-0.0666124000000000
-0.0712065000000000
-0.0728519000000000
-0.0724963000000000
-0.0714119000000000
-0.0707823000000000
-0.0715504000000000
-0.0744177000000000
-0.0798349000000000
-0.0879205000000000
-0.0982905000000000
-0.109992000000000
-0.121890000000000
-0.133315000000000
-0.144273000000000
-0.155047000000000
-0.165732000000000
-0.176143000000000
-0.185928000000000
-0.194732000000000
-0.202455000000000
-0.209440000000000
-0.216273000000000
-0.223340000000000
-0.230536000000000
-0.237253000000000
-0.242494000000000
-0.245028000000000
-0.243619000000000
-0.237266000000000
-0.225423000000000
-0.208271000000000
-0.186814000000000
-0.162572000000000
-0.137086000000000
-0.111746000000000
-0.0880016000000000
-0.0674715000000000
-0.0516088000000000
-0.0411453000000000
-0.0359232000000000
-0.0351633000000000
-0.0376874000000000
-0.0419902000000000
-0.0464614000000000
-0.0497670000000000
-0.0511090000000000
-0.0502372000000000
-0.0472291000000000
-0.0421139000000000
-0.0345477000000000
-0.0238626000000000
-0.00972579000000000
0.00690354000000000
0.0235384000000000
0.0374147000000000
0.0472304000000000
0.0535790000000000
0.0580051000000000
0.0619285000000000
0.0661130000000000
0.0706238000000000
0.0750570000000000
0.0788633000000000
0.0816195000000000
0.0831359000000000
0.0834176000000000
0.0825845000000000
0.0808481000000000
0.0785645000000000
0.0762769000000000
0.0746675000000000
0.0744126000000000
0.0760069000000000
0.0796681000000000
0.0853942000000000
0.0930852000000000
0.102532000000000
0.113259000000000
0.124451000000000
0.135139000000000
0.144561000000000
0.152445000000000
0.158995000000000
0.164701000000000
0.170089000000000
0.175501000000000
0.181008000000000
0.186431000000000
0.191286000000000
0.194683000000000
0.195399000000000
0.192229000000000
0.184573000000000
0.173069000000000
0.159806000000000
0.147591000000000
0.138689000000000
0.134115000000000
0.133727000000000
0.136621000000000
0.141477000000000
0.146811000000000
0.151244000000000
0.153727000000000
0.153577000000000
0.150407000000000
0.144050000000000
0.134632000000000
0.122791000000000
0.109781000000000
0.0972202000000000
0.0865237000000000
0.0784099000000000
0.0728089000000000
0.0691496000000000
0.0667877000000000
0.0653049000000000
0.0645017000000000
0.0641838000000000
0.0639770000000000
0.0632675000000000
0.0612021000000000
0.0567316000000000
0.0488161000000000
0.0367893000000000
0.0207018000000000
0.00141586000000000
-0.0197725000000000
-0.0417666000000000
-0.0639183000000000
-0.0857524000000000
-0.106599000000000
-0.125535000000000
-0.141770000000000
-0.155029000000000
-0.165375000000000
-0.172802000000000
-0.177171000000000
-0.178333000000000
-0.176225000000000
-0.171033000000000
-0.163311000000000
-0.153908000000000
-0.143863000000000
-0.134356000000000
-0.126446000000000
-0.120555000000000
-0.116241000000000
-0.112431000000000
-0.107852000000000
-0.101499000000000
-0.0930098000000000
-0.0828165000000000
-0.0719750000000000
-0.0616498000000000
-0.0526492000000000
-0.0453647000000000
-0.0399393000000000
-0.0363886000000000
-0.0346443000000000
-0.0345326000000000
-0.0357414000000000
-0.0378284000000000
-0.0402699000000000
-0.0425876000000000
-0.0445177000000000
-0.0460723000000000
-0.0474231000000000
-0.0487263000000000
-0.0500210000000000
-0.0511886000000000
-0.0519497000000000
-0.0519455000000000
-0.0509016000000000
-0.0487829000000000
-0.0458646000000000
-0.0426969000000000
-0.0399531000000000
-0.0382190000000000
-0.0378725000000000
-0.0390917000000000
-0.0418647000000000
-0.0459306000000000
-0.0507685000000000
-0.0557112000000000
-0.0601003000000000
-0.0634230000000000
-0.0653708000000000
-0.0657480000000000
-0.0643318000000000
-0.0608978000000000
-0.0554660000000000
-0.0485487000000000
-0.0411272000000000
-0.0343876000000000
-0.0294114000000000
-0.0268830000000000
-0.0269007000000000
-0.0290382000000000
-0.0325909000000000
-0.0367786000000000
-0.0408272000000000
-0.0440509000000000
-0.0460373000000000
-0.0468235000000000
-0.0469010000000000
-0.0470418000000000
-0.0480484000000000
-0.0504858000000000
-0.0544379000000000
-0.0594355000000000
-0.0646928000000000
-0.0694964000000000
-0.0733815000000000
-0.0759835000000000
-0.0768357000000000
-0.0753629000000000
-0.0710949000000000
-0.0639735000000000
-0.0545546000000000
-0.0439070000000000
-0.0332276000000000
-0.0234303000000000
-0.0148630000000000
-0.00723186000000000
8.50334000000000e-05
0.00751912000000000
0.0151051000000000
0.0226255000000000
0.0297249000000000
0.0359457000000000
0.0408218000000000
0.0439258000000000
0.0448605000000000
0.0433780000000000
0.0395839000000000
0.0340027000000000
0.0274551000000000
0.0208608000000000
0.0150929000000000
0.0108957000000000
0.00880087000000000
0.00905343000000000
0.0116402000000000
0.0164021000000000
0.0230558000000000
0.0310888000000000
0.0397251000000000
0.0480420000000000
0.0551266000000000
0.0602022000000000
0.0627439000000000
0.0625870000000000
0.0599822000000000
0.0555351000000000
0.0500866000000000
0.0446252000000000
0.0401391000000000
0.0373621000000000
0.0365803000000000
0.0376047000000000
0.0398886000000000
0.0427355000000000
0.0454882000000000
0.0476644000000000
0.0490613000000000
0.0497499000000000
0.0499338000000000
0.0498063000000000
0.0495117000000000
0.0491645000000000
0.0488682000000000
0.0487170000000000
0.0487571000000000
0.0489443000000000
0.0491701000000000
0.0493362000000000
0.0493868000000000
0.0492880000000000
0.0490167000000000
0.0485823000000000
0.0480150000000000
0.0473090000000000
0.0464178000000000
0.0453146000000000
0.0440215000000000
0.0425931000000000
0.0410930000000000
0.0395741000000000
0.0380517000000000
0.0364604000000000
0.0346325000000000
0.0323499000000000
0.0294703000000000
0.0260791000000000
0.0225403000000000
0.0193393000000000
0.0168266000000000
0.0150889000000000
0.0139881000000000
0.0132670000000000
0.0126862000000000
0.0121349000000000
0.0116204000000000
0.0111724000000000
0.0107997000000000
0.0105250000000000
0.0104047000000000
0.0105020000000000
0.0108615000000000
0.0115141000000000
0.0125102000000000
0.0139410000000000
0.0158868000000000
0.0183081000000000
0.0209952000000000
0.0236479000000000
0.0260054000000000
0.0279016000000000
0.0292506000000000
0.0299951000000000
0.0300568000000000
0.0293578000000000
0.0278594000000000
0.0255376000000000
0.0223546000000000
0.0183167000000000
0.0135598000000000
0.00832781000000000
0.00287236000000000
-0.00257424000000000
-0.00774779000000000
-0.0123504000000000
-0.0161307000000000
-0.0189514000000000
-0.0207919000000000
-0.0217057000000000
-0.0217449000000000
-0.0209010000000000
-0.0190946000000000
-0.0162196000000000
-0.0122638000000000
-0.00743513000000000
-0.00214924000000000
0.00309824000000000
0.00786003000000000
0.0118379000000000
0.0149275000000000
0.0171736000000000
0.0186869000000000
0.0195685000000000
0.0198366000000000
0.0194048000000000
0.0181613000000000
0.0160872000000000
0.0133316000000000
0.0101898000000000
0.00695963000000000
0.00377239000000000
0.000571963000000000
-0.00272092000000000
-0.00605804000000000
-0.00927509000000000
-0.0121528000000000
-0.0144619000000000
-0.0160522000000000
-0.0169407000000000
-0.0173250000000000
-0.0175265000000000
-0.0178854000000000
-0.0186528000000000
-0.0199567000000000
-0.0218581000000000
-0.0243900000000000
-0.0274986000000000
-0.0309817000000000
-0.0345419000000000
-0.0378690000000000
-0.0406717000000000
-0.0427486000000000
-0.0440672000000000
-0.0446965000000000
-0.0446945000000000
-0.0440998000000000
-0.0429222000000000
-0.0411074000000000
-0.0386065000000000
-0.0355095000000000
-0.0320924000000000
-0.0287310000000000
-0.0257581000000000
-0.0233920000000000
-0.0217788000000000
-0.0210687000000000
-0.0214199000000000
-0.0229088000000000
-0.0254478000000000
-0.0288061000000000
-0.0326810000000000
-0.0367467000000000
-0.0407130000000000
-0.0443712000000000
-0.0475826000000000
-0.0502624000000000
-0.0523843000000000
-0.0539333000000000
-0.0547919000000000
-0.0546745000000000
-0.0532172000000000
-0.0501954000000000
-0.0457284000000000
-0.0403165000000000
-0.0347185000000000
-0.0297627000000000
-0.0261001000000000
-0.0239855000000000
-0.0232421000000000
-0.0233833000000000
-0.0237717000000000
-0.0237959000000000
-0.0230558000000000
-0.0215075000000000
-0.0194719000000000
-0.0174477000000000
-0.0158385000000000
-0.0147904000000000
-0.0142141000000000
-0.0138799000000000
-0.0134357000000000
-0.0123998000000000
-0.0102486000000000
-0.00659708000000000
-0.00137997000000000
0.00509162000000000
0.0121884000000000
0.0190296000000000
0.0245582000000000
0.0276884000000000
0.0275787000000000
0.0240003000000000
0.0175698000000000
0.00967678000000000
0.00216462000000000
-0.00317548000000000
-0.00521223000000000
-0.00385348000000000
0.000101685000000000
0.00543049000000000
0.0108691000000000
0.0153623000000000
0.0182543000000000
0.0193055000000000
0.0185342000000000
0.0160940000000000
0.0123006000000000
0.00769527000000000
0.00296899000000000
-0.00123605000000000
-0.00445805000000000
-0.00645790000000000
-0.00721063000000000
-0.00677787000000000
-0.00517349000000000
-0.00241200000000000
0.00135202000000000
0.00579586000000000
0.0105233000000000
0.0151780000000000
0.0195134000000000
0.0234145000000000
0.0268851000000000
0.0299782000000000
0.0326908000000000
0.0349398000000000
0.0365941000000000
0.0374367000000000
0.0371058000000000
0.0351379000000000
0.0311272000000000
0.0249546000000000
0.0169862000000000
0.00809305000000000
-0.000549051000000000
-0.00777405000000000
-0.0127683000000000
-0.0153264000000000
-0.0158328000000000
-0.0150103000000000
-0.0136548000000000
-0.0124433000000000
-0.0118371000000000
-0.0120799000000000
-0.0132309000000000
-0.0151889000000000
-0.0176836000000000
-0.0202764000000000
-0.0224489000000000
-0.0237500000000000
-0.0239198000000000
-0.0229724000000000
-0.0212081000000000
-0.0191000000000000
-0.0171045000000000
-0.0154810000000000
-0.0142077000000000
-0.0130665000000000
-0.0118058000000000
-0.0102333000000000
-0.00821519000000000
-0.00565992000000000
-0.00252380000000000
0.00118709000000000
0.00541470000000000
0.0100064000000000
0.0146880000000000
0.0191778000000000
0.0233570000000000
0.0273130000000000
0.0312970000000000
0.0356642000000000
0.0407325000000000
0.0466296000000000
0.0532781000000000
0.0604435000000000
0.0677531000000000
0.0747727000000000
0.0811111000000000
0.0864827000000000
0.0907716000000000
0.0940146000000000
0.0962235000000000
0.0972256000000000
0.0966770000000000
0.0942203000000000
0.0897202000000000
0.0834352000000000
0.0759902000000000
0.0682415000000000
0.0611061000000000
0.0552828000000000
0.0510065000000000
0.0480930000000000
0.0462149000000000
0.0451145000000000
0.0446269000000000
0.0446077000000000
0.0448611000000000
0.0451072000000000
0.0450187000000000
0.0442966000000000
0.0427019000000000
0.0400499000000000
0.0362221000000000
0.0311820000000000
0.0249760000000000
0.0177313000000000
0.00963754000000000
0.000907656000000000
-0.00824997000000000
-0.0176122000000000
-0.0268562000000000
-0.0354872000000000
-0.0429276000000000
-0.0487515000000000
-0.0528477000000000
-0.0553846000000000
-0.0566774000000000
-0.0570649000000000
-0.0567909000000000
-0.0558710000000000
-0.0540264000000000
-0.0508453000000000
-0.0461432000000000
-0.0402024000000000
-0.0337051000000000
-0.0275100000000000
-0.0223925000000000
-0.0187934000000000
-0.0167460000000000
-0.0160359000000000
-0.0163998000000000
-0.0175990000000000
-0.0194270000000000
-0.0217340000000000
-0.0244288000000000
-0.0274767000000000
-0.0309348000000000
-0.0349284000000000
-0.0395032000000000
-0.0444964000000000
-0.0495811000000000
-0.0544023000000000
-0.0586726000000000
-0.0622453000000000
-0.0651603000000000
-0.0675823000000000
-0.0696571000000000
-0.0714134000000000
-0.0727539000000000
-0.0734723000000000
-0.0732790000000000
-0.0718754000000000
-0.0690932000000000
-0.0650459000000000
-0.0601901000000000
-0.0552197000000000
-0.0508160000000000
-0.0474101000000000
-0.0451231000000000
-0.0438532000000000
-0.0433694000000000
-0.0433696000000000
-0.0435300000000000
-0.0435852000000000
-0.0434280000000000
-0.0431303000000000
-0.0428448000000000
-0.0426680000000000
-0.0425668000000000
-0.0423803000000000
-0.0418576000000000
-0.0406970000000000
-0.0385907000000000
-0.0353083000000000
-0.0307896000000000
-0.0251729000000000
-0.0187473000000000
-0.0118792000000000
-0.00495109000000000
0.00169986000000000
0.00783187000000000
0.0132816000000000
0.0179296000000000
0.0217388000000000
0.0247835000000000
0.0272089000000000
0.0292093000000000
0.0310224000000000
0.0328648000000000
0.0348878000000000
0.0371826000000000
0.0397328000000000
0.0423386000000000
0.0446668000000000
0.0464311000000000
0.0475218000000000
0.0479560000000000
0.0477456000000000
0.0468567000000000
0.0452576000000000
0.0429619000000000
0.0400555000000000
0.0367190000000000
0.0332346000000000
0.0299806000000000
0.0273715000000000
0.0257111000000000
0.0250566000000000
0.0252083000000000
0.0258323000000000
0.0266285000000000
0.0274413000000000
0.0282658000000000
0.0291795000000000
0.0302651000000000
0.0315521000000000
0.0329604000000000
0.0343129000000000
0.0354234000000000
0.0361415000000000
0.0363418000000000
0.0359449000000000
0.0349710000000000
0.0335771000000000
0.0320562000000000
0.0307858000000000
0.0301097000000000
0.0301935000000000
0.0309381000000000
0.0320044000000000
0.0329220000000000
0.0332338000000000
0.0326243000000000
0.0309368000000000
0.0280780000000000
0.0239868000000000
0.0187526000000000
0.0126936000000000
0.00627379000000000
-6.49573000000000e-06
-0.00565428000000000
-0.0102294000000000
-0.0134082000000000
-0.0150211000000000
-0.0150640000000000
-0.0136674000000000
-0.0110514000000000
-0.00754868000000000
-0.00364005000000000
0.000105894000000000
0.00313468000000000
0.00497029000000000
0.00529184000000000
0.00406541000000000
0.00162583000000000
-0.00140982000000000
-0.00437967000000000
-0.00682592000000000
-0.00860568000000000
-0.00983485000000000
-0.0107560000000000
-0.0116005000000000
-0.0124579000000000
-0.0132175000000000
-0.0136469000000000
-0.0135276000000000
-0.0127315000000000
-0.0112195000000000
-0.00902419000000000
-0.00625919000000000
-0.00314643000000000
-1.52280000000000e-05
0.00276606000000000
0.00490210000000000
0.00624092000000000
0.00675067000000000
0.00647124000000000
0.00551156000000000
0.00403846000000000
0.00221707000000000
0.000143940000000000
-0.00216979000000000
-0.00474051000000000
-0.00756169000000000
-0.0106253000000000
-0.0139251000000000
-0.0173891000000000
-0.0208148000000000
-0.0238596000000000
-0.0261062000000000
-0.0271899000000000
-0.0268858000000000
-0.0251550000000000
-0.0222380000000000
-0.0186814000000000
-0.0151403000000000
-0.0121137000000000
-0.00982734000000000
-0.00824684000000000
-0.00716623000000000
-0.00635233000000000
-0.00565872000000000
-0.00503607000000000
-0.00445233000000000
-0.00379441000000000
-0.00284217000000000
-0.00134099000000000
0.000868189000000000
0.00372451000000000
0.00691217000000000
0.00996784000000000
0.0124812000000000
0.0142457000000000
0.0152815000000000
0.0157861000000000
0.0160535000000000
0.0163431000000000
0.0167461000000000
0.0171417000000000
0.0172728000000000
0.0168649000000000
0.0157210000000000
0.0137937000000000
0.0112228000000000
0.00830303000000000
0.00538352000000000
0.00273325000000000
0.000415093000000000
-0.00177664000000000
-0.00424137000000000
-0.00737535000000000
-0.0113638000000000
-0.0160861000000000
-0.0211771000000000
-0.0261612000000000
-0.0305578000000000
-0.0339287000000000
-0.0359310000000000
-0.0363936000000000
-0.0353189000000000
-0.0328263000000000
-0.0291577000000000
-0.0246936000000000
-0.0198839000000000
-0.0151772000000000
-0.0110020000000000
-0.00772393000000000
-0.00556793000000000
-0.00459642000000000
-0.00477596000000000
-0.00603704000000000
-0.00826019000000000
-0.0112289000000000
-0.0146113000000000
-0.0180003000000000
-0.0209838000000000
-0.0231650000000000
-0.0241300000000000
-0.0234574000000000
-0.0208158000000000
-0.0161064000000000
-0.00958951000000000
-0.00191282000000000
0.00599858000000000
0.0131630000000000
0.0187862000000000
0.0224222000000000
0.0240371000000000
0.0239563000000000
0.0226723000000000
0.0206495000000000
0.0182563000000000
0.0157724000000000
0.0133628000000000
0.0110378000000000
0.00871534000000000
0.00636645000000000
0.00406526000000000
0.00191381000000000
-1.86343000000000e-05
-0.00167247000000000
-0.00296945000000000
-0.00383352000000000
-0.00419889000000000
-0.00398943000000000
-0.00313351000000000
-0.00162172000000000
0.000437769000000000
0.00284131000000000
0.00538405000000000
0.00790597000000000
0.0102844000000000
0.0124442000000000
0.0143676000000000
0.0160504000000000
0.0174150000000000
0.0183006000000000
0.0185924000000000
0.0183502000000000
0.0177760000000000
0.0170787000000000
0.0164076000000000
0.0158612000000000
0.0154672000000000
0.0151568000000000
0.0148015000000000
0.0142856000000000
0.0135614000000000
0.0126567000000000
0.0116386000000000
0.0105589000000000
0.00942288000000000
0.00820450000000000
0.00687181000000000
0.00541068000000000
0.00386860000000000
0.00235915000000000
0.000999932000000000
-0.000134654000000000
-0.00101556000000000
-0.00164618000000000
-0.00205882000000000
-0.00231225000000000
-0.00247053000000000
-0.00260770000000000
-0.00285172000000000
-0.00338629000000000
-0.00438227000000000
-0.00592178000000000
-0.00796298000000000
-0.0103358000000000
-0.0127593000000000
-0.0149007000000000
-0.0164581000000000
-0.0172066000000000
-0.0170224000000000
-0.0159218000000000
-0.0140630000000000
-0.0116836000000000
-0.00903144000000000
-0.00631726000000000
-0.00368875000000000
-0.00124081000000000
0.000944189000000000
0.00280477000000000
0.00436758000000000
0.00574452000000000
0.00702830000000000
0.00819855000000000
0.00910431000000000
0.00949132000000000
0.00904803000000000
0.00749842000000000
0.00474473000000000
0.000985172000000000
-0.00331020000000000
-0.00755550000000000
-0.0111671000000000
-0.0136172000000000
-0.0145340000000000
-0.0138098000000000
-0.0116057000000000
-0.00824664000000000
-0.00409573000000000
0.000487159000000000
0.00510099000000000
0.00932752000000000
0.0128833000000000
0.0157124000000000
0.0178898000000000
0.0194835000000000
0.0205070000000000
0.0209153000000000
0.0206239000000000
0.0195606000000000
0.0177147000000000
0.0151769000000000
0.0121563000000000
0.00893854000000000
0.00581535000000000
0.00300414000000000
0.000588183000000000
-0.00146103000000000
-0.00323108000000000
-0.00484564000000000
-0.00640276000000000
-0.00789168000000000
-0.00919313000000000
-0.0101289000000000
-0.0105128000000000
-0.0102357000000000
-0.00933719000000000
-0.00801031000000000
-0.00656234000000000
-0.00533496000000000
-0.00458823000000000
-0.00442020000000000
-0.00476705000000000
-0.00544685000000000
-0.00622591000000000
-0.00690590000000000
-0.00742002000000000
-0.00790302000000000
-0.00864128000000000
-0.00990377000000000
-0.0118034000000000
-0.0142751000000000
-0.0171260000000000
-0.0201166000000000
-0.0230560000000000
-0.0258443000000000
-0.0284302000000000
-0.0307679000000000
-0.0328045000000000
-0.0344694000000000
-0.0356808000000000
-0.0363564000000000
-0.0364215000000000
-0.0358227000000000
-0.0345267000000000
-0.0325267000000000
-0.0298790000000000
-0.0266956000000000
-0.0231101000000000
-0.0193123000000000
-0.0155609000000000
-0.0121033000000000
-0.00912857000000000
-0.00675842000000000
-0.00499711000000000
-0.00370710000000000
-0.00265579000000000
-0.00157770000000000
-0.000235144000000000
0.00151658000000000
0.00369276000000000
0.00619560000000000
0.00888740000000000
0.0116992000000000
0.0146678000000000
0.0178367000000000
0.0211545000000000
0.0244740000000000
0.0275737000000000
0.0301767000000000
0.0320401000000000
0.0330632000000000
0.0333282000000000
0.0330829000000000
0.0326614000000000
0.0323577000000000
0.0323511000000000
0.0327082000000000
0.0333839000000000
0.0342192000000000
0.0349782000000000
0.0354178000000000
0.0353655000000000
0.0347659000000000
0.0336802000000000
0.0322625000000000
0.0307166000000000
0.0292152000000000
0.0278167000000000
0.0264580000000000
0.0250319000000000
0.0234699000000000
0.0217752000000000
0.0200158000000000
0.0182949000000000
0.0167211000000000
0.0153806000000000
0.0143091000000000
0.0134780000000000
0.0127963000000000
0.0121473000000000
0.0114556000000000
0.0107010000000000
0.00986187000000000
0.00888260000000000
0.00773372000000000
0.00647985000000000
0.00523531000000000
0.00407808000000000
0.00304131000000000
0.00212872000000000
0.00131442000000000
0.000573392000000000
-9.29167000000000e-05
-0.000688500000000000
-0.00125762000000000
-0.00186513000000000
-0.00257474000000000
-0.00345874000000000
-0.00457391000000000
-0.00590311000000000
-0.00733753000000000
-0.00871511000000000
-0.00985128000000000
-0.0105383000000000
-0.0106120000000000
-0.0100964000000000
-0.00924756000000000
-0.00841177000000000
-0.00784202000000000
-0.00765036000000000
-0.00789014000000000
-0.00860653000000000
-0.00976989000000000
-0.0112059000000000
-0.0126531000000000
-0.0139029000000000
-0.0148944000000000
-0.0156893000000000
-0.0163715000000000
-0.0169882000000000
-0.0175374000000000
-0.0179493000000000
-0.0181168000000000
-0.0179903000000000
-0.0176321000000000
-0.0171738000000000
-0.0167128000000000
-0.0162633000000000
-0.0158173000000000
-0.0153898000000000
-0.0149577000000000
-0.0144154000000000
-0.0136503000000000
-0.0126455000000000
-0.0115031000000000
-0.0104059000000000
-0.00955257000000000
-0.00909416000000000
-0.00910708000000000
-0.00958692000000000
-0.0104301000000000
-0.0114515000000000
-0.0124604000000000
-0.0133029000000000
-0.0138469000000000
-0.0139954000000000
-0.0137226000000000
-0.0130548000000000
-0.0120425000000000
-0.0107688000000000
-0.00930793000000000
-0.00768198000000000
-0.00591368000000000
-0.00406477000000000
-0.00220737000000000
-0.000425567000000000
0.00115819000000000
0.00239743000000000
0.00317289000000000
0.00343836000000000
0.00322434000000000
0.00258940000000000
0.00156882000000000
0.000197470000000000
-0.00141924000000000
-0.00309001000000000
-0.00459084000000000
-0.00573334000000000
-0.00641154000000000
-0.00661147000000000
-0.00639730000000000
-0.00588092000000000
-0.00516730000000000
-0.00432419000000000
-0.00343298000000000
-0.00264629000000000
-0.00215628000000000
-0.00209338000000000
-0.00243053000000000
-0.00297870000000000
-0.00348920000000000
-0.00378902000000000
-0.00387628000000000
-0.00391393000000000
-0.00412372000000000
-0.00467669000000000
-0.00563033000000000
-0.00688541000000000
-0.00819899000000000
-0.00928703000000000
-0.00993470000000000
-0.0100424000000000
-0.00961312000000000
-0.00870623000000000
-0.00739506000000000
-0.00575164000000000
-0.00383452000000000
-0.00169167000000000
0.000591417000000000
0.00284922000000000
0.00485719000000000
0.00638358000000000
0.00723147000000000
0.00728608000000000
0.00657494000000000
0.00529819000000000
0.00377471000000000
0.00231278000000000
0.00111001000000000
0.000274616000000000
-0.000108980000000000
1.78699000000000e-05
0.000664980000000000
0.00180682000000000
0.00339635000000000
0.00536203000000000
0.00761368000000000
0.0100530000000000
0.0125584000000000
0.0149635000000000
0.0170746000000000
0.0187103000000000
0.0197111000000000
0.0199221000000000
0.0191929000000000
0.0174376000000000
0.0147424000000000
0.0114216000000000
0.00792822000000000
0.00469045000000000
0.00203071000000000
0.000157819000000000
-0.000863691000000000
-0.00112539000000000
-0.000816243000000000
-0.000155647000000000
0.000636208000000000
0.00136938000000000
0.00193440000000000
0.00232861000000000
0.00262349000000000
0.00288726000000000
0.00313458000000000
0.00333889000000000
0.00346291000000000
0.00348802000000000
0.00341980000000000
0.00323854000000000
0.00286481000000000
0.00222220000000000
0.00135807000000000
0.000491207000000000
-7.58720000000000e-05
-8.83473000000000e-05
0.000571317000000000
0.00183171000000000
0.00343568000000000
0.00503293000000000
0.00633306000000000
0.00723168000000000
0.00780920000000000
0.00820394000000000
0.00850392000000000
0.00874797000000000
0.00897437000000000
0.00924024000000000
0.00958791000000000
0.00997833000000000
0.0102716000000000
0.0103178000000000
0.0100729000000000
0.00960822000000000
0.00905334000000000
0.00855603000000000
0.00823556000000000
0.00813501000000000
0.00822838000000000
0.00845558000000000
0.00874192000000000
0.00900144000000000
0.00913107000000000
0.00900653000000000
0.00850129000000000
0.00753722000000000
0.00612359000000000
0.00434980000000000
0.00233753000000000
0.000199361000000000
-0.00191725000000000
-0.00378421000000000
-0.00518332000000000
-0.00603198000000000
-0.00639435000000000
-0.00640848000000000
-0.00621794000000000
-0.00592068000000000
-0.00553580000000000
-0.00501258000000000
-0.00426589000000000
-0.00322545000000000
-0.00189264000000000
-0.000351756000000000
0.00126949000000000
0.00281715000000000
0.00407917000000000
0.00476812000000000
0.00460592000000000
0.00348414000000000
0.00152616000000000
-0.00101547000000000
-0.00386214000000000
-0.00671049000000000
-0.00924664000000000
-0.0112257000000000
-0.0125130000000000
-0.0130792000000000
-0.0130124000000000
-0.0124861000000000
-0.0116496000000000
-0.0105752000000000
-0.00930558000000000
-0.00789683000000000
-0.00644213000000000
-0.00507961000000000
-0.00395149000000000
-0.00316179000000000
-0.00277947000000000
-0.00283355000000000
-0.00327028000000000
-0.00393041000000000
-0.00457278000000000
-0.00493917000000000
-0.00484996000000000
-0.00425319000000000
-0.00320455000000000
-0.00185889000000000
0.00379683000000000
0.00925931000000000
0.0100560000000000
0.0104320000000000
0.0105334000000000
0.0105436000000000
0.0106085000000000
0.0108158000000000
0.0112256000000000
0.0119002000000000
0.0128613000000000
0.0140275000000000
0.0152259000000000
0.0162343000000000
0.0167940000000000
0.0166730000000000
0.0157720000000000
0.0141494000000000
0.0119733000000000
0.00948287000000000
0.00695706000000000
0.00466228000000000
0.00280721000000000
0.00152111000000000
0.000829516000000000
0.000649132000000000
0.000834386000000000
0.00123934000000000
0.00174965000000000
0.00228365000000000
0.00277681000000000
0.00317312000000000
0.00343680000000000
0.00355610000000000
0.00352465000000000
0.00333915000000000
0.00302465000000000
0.00264191000000000
0.00225978000000000
0.00192037000000000
0.00162257000000000
0.00133299000000000
0.00101129000000000
0.000630991000000000
0.000189650000000000
-0.000294323000000000
-0.000791815000000000
-0.00127221000000000
-0.00170988000000000
-0.00208690000000000
-0.00239430000000000
-0.00263272000000000
-0.00281229000000000
-0.00295247000000000
-0.00307913000000000
-0.00321689000000000
-0.00338256000000000
-0.00358234000000000
-0.00381163000000000
-0.00405867000000000
-0.00430948000000000
-0.00455103000000000
-0.00477353000000000
-0.00497204000000000
-0.00514629000000000
-0.00529867000000000
-0.00543284000000000
-0.00555333000000000
-0.00566492000000000
-0.00577158000000000
-0.00587611000000000
-0.00598035000000000
-0.00608528000000000
-0.00619112000000000
-0.00629754000000000
-0.00640401000000000
-0.00650997000000000
-0.00661502000000000
-0.00671876000000000
-0.00682079000000000
-0.00692066000000000
-0.00701792000000000
-0.00711210000000000
-0.00720270000000000
-0.00728925000000000
-0.00737124000000000
-0.00744819000000000
-0.00751962000000000
-0.00758507000000000
-0.00764408000000000
-0.00769622000000000
-0.00774105000000000
-0.00777817000000000
-0.00780719000000000