-0.000216172000000000
-0.000567143000000000
-0.000763617000000000
-0.000671643000000000
-0.000955093000000000
-0.00204476000000000
-0.00240237000000000
0.000176323000000000
0.00411127000000000
0.00411750000000000
-0.00171456000000000
-0.00825891000000000
-0.00934621000000000
-0.00462679000000000
0.00174534000000000
0.00680727000000000
0.00963898000000000
0.00913076000000000
0.00494912000000000
-0.000637564000000000
-0.00475206000000000
-0.00619920000000000
-0.00494461000000000
-0.00173074000000000
0.00141006000000000
0.00355782000000000
0.00519550000000000
0.00526107000000000
0.000772564000000000
-0.00566628000000000
-0.00613162000000000
0.00172959000000000
0.00904343000000000
0.00816801000000000
0.00165830000000000
-0.00511032000000000
-0.0110842000000000
-0.0134120000000000
-0.00682058000000000
0.00496387000000000
0.00952230000000000
0.00434863000000000
0.00160146000000000
0.00693089000000000
0.00851517000000000
-0.00266271000000000
-0.0156632000000000
-0.0150655000000000
-0.00187812000000000
0.00985372000000000
0.0112789000000000
0.00406568000000000
-0.00431292000000000
-0.00678343000000000
-0.000614157000000000
0.00785019000000000
0.00825462000000000
-0.00110262000000000
-0.00910141000000000
-0.00624959000000000
0.00207060000000000
0.00355939000000000
-0.00361594000000000
-0.00898473000000000
-0.00673061000000000
-0.00406675000000000
-0.00786021000000000
-0.0108251000000000
-0.00237496000000000
0.0134535000000000
0.0226601000000000
0.0199322000000000
0.0124406000000000
0.00570436000000000
-0.00278640000000000
-0.0135637000000000
-0.0190661000000000
-0.0134191000000000
-0.00174720000000000
0.00576957000000000
0.00425444000000000
-0.00297866000000000
-0.00889526000000000
-0.00780366000000000
0.000944142000000000
0.0116754000000000
0.0162387000000000
0.0120162000000000
0.00401020000000000
-0.00272878000000000
-0.00665523000000000
-0.00524911000000000
0.00504740000000000
0.0184333000000000
0.0212464000000000
0.00955093000000000
-0.00372424000000000
-0.00968980000000000
-0.0162802000000000
-0.0295440000000000
-0.0370613000000000
-0.0266743000000000
-0.00706231000000000
0.00758892000000000
0.0182408000000000
0.0283364000000000
0.0273887000000000
0.00890671000000000
-0.0119947000000000
-0.0167641000000000
-0.00650899000000000
0.00854309000000000
0.0231741000000000
0.0316821000000000
0.0236436000000000
0.00203789000000000
-0.0152623000000000
-0.0187153000000000
-0.0194605000000000
-0.0285483000000000
-0.0420640000000000
-0.0483760000000000
-0.0372123000000000
-0.00396103000000000
0.0396310000000000
0.0647893000000000
0.0540687000000000
0.0214611000000000
-0.00774282000000000
-0.0238204000000000
-0.0274639000000000
-0.0167963000000000
0.00330865000000000
0.0170726000000000
0.0157999000000000
0.00754025000000000
-0.00109632000000000
-0.0118036000000000
-0.0204948000000000
-0.0182279000000000
-0.0100362000000000
-0.00764118000000000
-0.00632854000000000
0.00464104000000000
0.0146510000000000
0.00496651000000000
-0.0170489000000000
-0.0260373000000000
-0.0131478000000000
0.00950942000000000
0.0289907000000000
0.0351687000000000
0.0215664000000000
-0.000245835000000000
-0.00540874000000000
0.00987591000000000
0.0210023000000000
0.0135358000000000
-2.91338000000000e-05
-0.00966331000000000
-0.0222070000000000
-0.0357407000000000
-0.0341895000000000
-0.0172837000000000
-0.00472772000000000
-0.00299105000000000
0.00340020000000000
0.0221097000000000
0.0407040000000000
0.0468792000000000
0.0392395000000000
0.0200195000000000
-0.00373734000000000
-0.0167283000000000
-0.0139803000000000
-0.0121035000000000
-0.0235255000000000
-0.0317286000000000
-0.0157791000000000
0.0139946000000000
0.0308732000000000
0.0283479000000000
0.0186710000000000
0.00744648000000000
-0.00487189000000000
-0.0117735000000000
-0.00993246000000000
-0.00727111000000000
-0.00699037000000000
0.00140977000000000
0.0195600000000000
0.0302505000000000
0.0236479000000000
0.0118358000000000
0.00330192000000000
-0.00923884000000000
-0.0239836000000000
-0.0231411000000000
-0.00473739000000000
0.00650155000000000
-0.00202264000000000
-0.00918301000000000
0.00500338000000000
0.0259829000000000
0.0257731000000000
0.000564545000000000
-0.0268898000000000
-0.0346956000000000
-0.0220603000000000
-0.00471641000000000
0.00542040000000000
0.0119754000000000
0.0222721000000000
0.0304659000000000
0.0237152000000000
0.00393118000000000
-0.0106583000000000
-0.00883299000000000
0.00129768000000000
0.00630098000000000
0.00366891000000000
-0.00255648000000000
-0.0107027000000000
-0.0222865000000000
-0.0333771000000000
-0.0327493000000000
-0.0140920000000000
0.0100599000000000
0.0191534000000000
0.00817158000000000
-0.00827466000000000
-0.0164563000000000
-0.0152058000000000
-0.00835125000000000
0.00176989000000000
0.00825891000000000
0.00542076000000000
0.000341816000000000
0.00447741000000000
0.0127806000000000
0.0111099000000000
0.000513702000000000
-0.00195249000000000
0.0115401000000000
0.0281739000000000
0.0304366000000000
0.0148285000000000
-0.00505048000000000
-0.0118401000000000
-0.00252742000000000
0.00779006000000000
0.00766050000000000
0.00488935000000000
0.00919518000000000
0.0118422000000000
0.00107320000000000
-0.0136467000000000
-0.0136425000000000
0.000223659000000000
0.00986445000000000
0.00516386000000000
-0.00705143000000000
-0.0153174000000000
-0.0129274000000000
-0.00224461000000000
0.00686697000000000
0.00766551000000000
0.00485363000000000
0.00397985000000000
0.00146975000000000
-0.00328667000000000
-0.000979860000000000
0.00882225000000000
0.00860822000000000
-0.00881795000000000
-0.0235098000000000
-0.0177891000000000
-0.00315468000000000
0.00248319000000000
0.00253873000000000
0.00845719000000000
0.0159452000000000
0.0152730000000000
0.00837487000000000
0.00225105000000000
-0.00326956000000000
-0.00838633000000000
-0.00758463000000000
4.82521000000000e-05
0.00512134000000000
0.000482865000000000
-0.00900406000000000
-0.0153797000000000
-0.0177325000000000
-0.0198320000000000
-0.0212178000000000
-0.0172959000000000
-0.00610020000000000
0.00625403000000000
0.0114364000000000
0.00621981000000000
-0.00641114000000000
-0.0213545000000000
-0.0307308000000000
-0.0271890000000000
-0.0117907000000000
0.00489035000000000
0.0139846000000000
0.0137326000000000
0.00542277000000000
-0.00792249000000000
-0.0188270000000000
-0.0220152000000000
-0.0237009000000000
-0.0322984000000000
-0.0419252000000000
-0.0397033000000000
-0.0275641000000000
-0.0192987000000000
-0.0198850000000000
-0.0232506000000000
-0.0275483000000000
-0.0366798000000000
-0.0475134000000000
-0.0482400000000000
-0.0326856000000000
-0.00803129000000000
0.0154663000000000
0.0363777000000000
0.0589748000000000
0.0799979000000000
0.0854022000000000
0.0655287000000000
0.0300808000000000
-0.000783373000000000
-0.0160082000000000
-0.0151714000000000
0.00270179000000000
0.0341623000000000
0.0628874000000000
0.0733267000000000
0.0691786000000000
0.0620127000000000
0.0512342000000000
0.0316105000000000
0.0133611000000000
0.0149466000000000
0.0374743000000000
0.0603442000000000
0.0631329000000000
0.0418472000000000
0.00679718000000000
-0.0290264000000000
-0.0589612000000000
-0.0828325000000000
-0.0956382000000000
-0.0874065000000000
-0.0570107000000000
-0.0188957000000000
0.0146367000000000
0.0434262000000000
0.0679775000000000
0.0778219000000000
0.0639883000000000
0.0312991000000000
-0.00566263000000000
-0.0325618000000000
-0.0400927000000000
-0.0317236000000000
-0.0246200000000000
-0.0327386000000000
-0.0501046000000000
-0.0614766000000000
-0.0609147000000000
-0.0507660000000000
-0.0316069000000000
-0.00785377000000000
0.00771132000000000
0.00705436000000000
-0.00198828000000000
-0.00760610000000000
-0.00565411000000000
0.00641444000000000
0.0312347000000000
0.0574022000000000
0.0604451000000000
0.0293700000000000
-0.0208699000000000
-0.0686790000000000
-0.101615000000000
-0.109861000000000
-0.0840637000000000
-0.0288668000000000
0.0363112000000000
0.0934478000000000
0.133976000000000
0.151635000000000
0.145215000000000
0.123068000000000
0.0898116000000000
0.0338989000000000
-0.0530237000000000
-0.145100000000000
-0.195936000000000
-0.182959000000000
-0.129982000000000
-0.0756816000000000
-0.0406346000000000
-0.0184118000000000
0.000889884000000000
0.0156159000000000
0.0192321000000000
0.0173553000000000
0.0130476000000000
-0.00799550000000000
-0.0544682000000000
-0.0965258000000000
-0.0950799000000000
-0.0586685000000000
-0.0315575000000000
-0.0208871000000000
0.00906061000000000
0.0620499000000000
0.0873707000000000
0.0553722000000000
0.00300064000000000
-0.0206294000000000
-0.0164699000000000
-0.0214032000000000
-0.0571474000000000
-0.107170000000000
-0.129667000000000
-0.0934908000000000
-0.0125072000000000
0.0630299000000000
0.0975207000000000
0.101085000000000
0.102603000000000
0.115094000000000
0.135022000000000
0.154835000000000
0.160311000000000
0.133132000000000
0.0694291000000000
-0.00818805000000000
-0.0619340000000000
-0.0666232000000000
-0.0344293000000000
-0.00617357000000000
-0.00726538000000000
-0.0190181000000000
-0.00801411000000000
0.0262334000000000
0.0511068000000000
0.0442200000000000
0.0176667000000000
-0.00264961000000000
-0.00504998000000000
0.00489450000000000
0.0158879000000000
0.0128880000000000
-0.0204182000000000
-0.0827466000000000
-0.136997000000000
-0.137105000000000
-0.0795684000000000
-0.0106511000000000
0.0344909000000000
0.0690455000000000
0.117441000000000
0.168822000000000
0.201341000000000
0.221104000000000
0.245971000000000
0.264324000000000
0.246042000000000
0.189107000000000
0.127813000000000
0.0904844000000000
0.0710017000000000
0.0540294000000000
0.0441306000000000
0.0506315000000000
0.0557101000000000
0.0286356000000000
-0.0364529000000000
-0.117356000000000
-0.195972000000000
-0.265126000000000
-0.313972000000000
-0.332604000000000
-0.330306000000000
-0.319741000000000
-0.287881000000000
-0.214254000000000
-0.113562000000000
-0.0303858000000000
0.00613492000000000
0.00510280000000000
0.00291796000000000
0.0331044000000000
0.0805205000000000
0.0776573000000000
-0.0139774000000000
-0.130512000000000
-0.168335000000000
-0.117148000000000
-0.0640198000000000
-0.0643154000000000
-0.0791246000000000
-0.0605374000000000
-0.0172687000000000
0.0265126000000000
0.0728542000000000
0.116089000000000
0.125373000000000
0.0904773000000000
0.0493430000000000
0.0422029000000000
0.0662896000000000
0.0904128000000000
0.0921451000000000
0.0691278000000000
0.0349440000000000
0.0116568000000000
0.0144656000000000
0.0371637000000000
0.0611616000000000
0.0737633000000000
0.0731048000000000
0.0604172000000000
0.0402452000000000
0.0211333000000000
0.00826034000000000
-0.00379954000000000
-0.0219687000000000
-0.0417276000000000
-0.0515957000000000
-0.0502786000000000
-0.0470446000000000
-0.0405666000000000
-0.0141807000000000
0.0355588000000000
0.0787238000000000
0.0833837000000000
0.0566786000000000
0.0328445000000000
0.0260602000000000
0.0233974000000000
0.0173503000000000
0.0144807000000000
0.0113490000000000
-0.00371529000000000
-0.0204068000000000
-0.0101200000000000
0.0291589000000000
0.0621816000000000
0.0623212000000000
0.0424928000000000
0.0270838000000000
0.0194469000000000
0.0107871000000000
0.000530337000000000
-0.00813579000000000
-0.0173975000000000
-0.0284746000000000
-0.0364686000000000
-0.0383047000000000
-0.0353513000000000
-0.0266772000000000
-0.0112166000000000
0.00351587000000000
0.00766623000000000
0.00152866000000000
-0.00924600000000000
-0.0247352000000000
-0.0432909000000000
-0.0538712000000000
-0.0490524000000000
-0.0377392000000000
-0.0308775000000000
-0.0268690000000000
-0.0219314000000000
-0.0225671000000000
-0.0319140000000000
-0.0376032000000000
-0.0286356000000000
-0.0130476000000000
-0.00517202000000000
-0.00713876000000000
-0.0142087000000000
-0.0252220000000000
-0.0363613000000000
-0.0369432000000000
-0.0229944000000000
-0.00474490000000000
0.00833837000000000
0.0182150000000000
0.0273586000000000
0.0302082000000000
0.0214783000000000
0.00391829000000000
-0.0169480000000000
-0.0345911000000000
-0.0415208000000000
-0.0361029000000000
-0.0279434000000000
-0.0238906000000000
-0.0177304000000000
-0.00457182000000000
0.00543336000000000
0.00216050000000000
-0.00483338000000000
-0.000836986000000000
0.0107857000000000
0.0146618000000000
0.00893678000000000
0.00533150000000000
0.0105910000000000
0.0191964000000000
0.0236128000000000
0.0215606000000000
0.0171313000000000
0.0191598000000000
0.0342811000000000
0.0579820000000000
0.0772206000000000
0.0829184000000000
0.0764332000000000
0.0645087000000000
0.0522556000000000
0.0410118000000000
0.0291403000000000
0.0133153000000000
-0.00604279000000000
-0.0196924000000000
-0.0164412000000000
0.00166109000000000
0.0190775000000000
0.0239722000000000
0.0200059000000000
0.0164684000000000
0.0142287000000000
0.00996252000000000
0.00752665000000000
0.0110019000000000
0.0121156000000000
0.000263422000000000
-0.0190289000000000
-0.0316098000000000
-0.0346455000000000
-0.0350456000000000
-0.0346526000000000
-0.0334522000000000
-0.0393648000000000
-0.0550444000000000
-0.0648308000000000
-0.0544825000000000
-0.0378007000000000
-0.0384228000000000
-0.0542921000000000
-0.0613170000000000
-0.0492936000000000
-0.0310937000000000
-0.0199615000000000
-0.0157920000000000
-0.0141686000000000
-0.0148701000000000
-0.0190110000000000
-0.0262842000000000
-0.0349347000000000
-0.0417355000000000
-0.0427491000000000
-0.0359440000000000
-0.0199394000000000
0.00569606000000000
0.0340414000000000
0.0493395000000000
0.0417112000000000
0.0197039000000000
0.00205242000000000
-0.00134513000000000
0.00587286000000000
0.0153733000000000
0.0227038000000000
0.0275540000000000
0.0328495000000000
0.0402030000000000
0.0451420000000000
0.0397978000000000
0.0268110000000000
0.0204053000000000
0.0289055000000000
0.0410669000000000
0.0413511000000000
0.0313915000000000
0.0261862000000000
0.0311903000000000
0.0373562000000000
0.0370048000000000
0.0316749000000000
0.0229629000000000
0.00768412000000000
-0.0143955000000000
-0.0361107000000000
-0.0487074000000000
-0.0480711000000000
-0.0373534000000000
-0.0265662000000000
-0.0239643000000000
-0.0250416000000000
-0.0174412000000000
-1.19639000000000e-05
0.0127470000000000
0.00839420000000000
-0.00949940000000000
-0.0290501000000000
-0.0419824000000000
-0.0462429000000000
-0.0441821000000000
-0.0404105000000000
-0.0349626000000000
-0.0215012000000000
0.000766193000000000
0.0197583000000000
0.0242034000000000
0.0179108000000000
0.00978214000000000
0.000213387000000000
-0.0116475000000000
-0.0166381000000000
-0.00657750000000000
0.0121915000000000
0.0284803000000000
0.0417563000000000
0.0542527000000000
0.0597272000000000
0.0538690000000000
0.0461205000000000
0.0453725000000000
0.0447898000000000
0.0361859000000000
0.0275848000000000
0.0298897000000000
0.0362167000000000
0.0331394000000000
0.0216337000000000
0.0104829000000000
-0.000667935000000000
-0.0147033000000000
-0.0237982000000000
-0.0210768000000000
-0.0156581000000000
-0.0188878000000000
-0.0252434000000000
-0.0234647000000000
-0.0170346000000000
-0.0159266000000000
-0.0182873000000000
-0.0170683000000000
-0.0163289000000000
-0.0232993000000000
-0.0307995000000000
-0.0262456000000000
-0.0130412000000000
-0.00686217000000000
-0.0116955000000000
-0.0170017000000000
-0.0175500000000000
-0.0211197000000000
-0.0314587000000000
-0.0377793000000000
-0.0289334000000000
-0.0102653000000000
0.00472529000000000
0.0125552000000000
0.0189430000000000
0.0225570000000000
0.0150447000000000
-0.000761612000000000
-0.00735128000000000
0.00410326000000000
0.0194791000000000
0.0212922000000000
0.0117892000000000
0.00488556000000000
0.00569391000000000
0.00999831000000000
0.0164577000000000
0.0247231000000000
0.0286413000000000
0.0229650000000000
0.0120376000000000
0.00130734000000000
-0.0111701000000000
-0.0260330000000000
-0.0349640000000000
-0.0326241000000000
-0.0263587000000000
-0.0247095000000000
-0.0240946000000000
-0.0171807000000000
-0.00513616000000000
0.00690791000000000
0.0176395000000000
0.0246035000000000
0.0217031000000000
0.00876140000000000
-0.00508405000000000
-0.0117928000000000
-0.0108200000000000
-0.00489887000000000
0.00232678000000000
0.00497424000000000
0.00115767000000000
-0.00242284000000000
-0.000878646000000000
0.000253358000000000
-0.00265319000000000
-0.000645109000000000
0.0121400000000000
0.0243451000000000
0.0228405000000000
0.0124793000000000
0.00446481000000000
-0.00174691000000000
-0.0106969000000000
-0.0157297000000000
-0.0100563000000000
-0.00184992000000000
-0.00381100000000000
-0.0134592000000000
-0.0188327000000000
-0.0151879000000000
-0.00749229000000000
0.000120913000000000
0.00700426000000000
0.0133941000000000
0.0181806000000000
0.0188628000000000
0.0126410000000000
0.00226673000000000
-0.00204576000000000
0.00690512000000000
0.0212035000000000
0.0251139000000000
0.0137162000000000
-0.00162179000000000
-0.00687319000000000
0.00148858000000000
0.0150397000000000
0.0217761000000000
0.0163339000000000
0.00423124000000000
-0.00419839000000000
-0.00485499000000000
-0.00200610000000000
0.000745936000000000
0.00631909000000000
0.0179509000000000
0.0311030000000000
0.0370291000000000
0.0318496000000000
0.0199623000000000
0.00919733000000000
0.00554395000000000
0.00912145000000000
0.0129646000000000
0.00891673000000000
-0.00289112000000000
-0.0126647000000000
-0.0118930000000000
-0.00198978000000000
0.0101157000000000
0.0200847000000000
0.0247488000000000
0.0196852000000000
0.00562534000000000
-0.00816085000000000
-0.0152881000000000
-0.0206924000000000
-0.0299276000000000
-0.0367521000000000
-0.0329898000000000
-0.0226887000000000
-0.0154491000000000
-0.0117864000000000
-0.00779221000000000
-0.00652811000000000
-0.0127155000000000
-0.0201097000000000
-0.0184211000000000
-0.00898116000000000
-0.00370012000000000
-0.00887021000000000
-0.0186330000000000
-0.0227653000000000
-0.0166567000000000
-0.00566149000000000
9.69839000000000e-05
-0.00403998000000000
-0.0111250000000000
-0.0113276000000000
-0.00260738000000000
0.00912074000000000
0.0181935000000000
0.0217654000000000
0.0187654000000000
0.0106590000000000
0.000908137000000000
-0.00872060000000000
-0.0187540000000000
-0.0268404000000000
-0.0266178000000000
-0.0155451000000000
-0.000455636000000000
0.00885732000000000
0.00934693000000000
0.00440296000000000
-0.00300407000000000
-0.0128572000000000
-0.0226358000000000
-0.0250480000000000
-0.0157612000000000
-0.000447147000000000
0.0111350000000000
0.0152509000000000
0.0146711000000000
0.0125974000000000
0.00998256000000000
0.00697820000000000
0.00260867000000000
-0.00465765000000000
-0.0127098000000000
-0.0143697000000000
-0.00589219000000000
0.00644557000000000
0.0130891000000000
0.0124149000000000
0.0100370000000000
0.00890528000000000
0.00631337000000000
0.00149681000000000
-0.000209408000000000
0.00467998000000000
0.0112316000000000
0.0133533000000000
0.0129975000000000
0.0160311000000000
0.0219243000000000
0.0253215000000000
0.0242800000000000
0.0209343000000000
0.0162537000000000
0.0116096000000000
0.0101615000000000
0.0107814000000000
0.00685931000000000
-0.00240523000000000
-0.00791461000000000
-0.00456431000000000
0.000533308000000000
-7.17304000000000e-05
-0.00385165000000000
-0.00647850000000000
-0.00879218000000000
-0.0106354000000000
-0.00789385000000000
-0.00194061000000000
-0.00137162000000000
-0.00911072000000000
-0.0164033000000000
-0.0145487000000000
-0.00600758000000000
0.000617572000000000
-0.000139925000000000
-0.00769558000000000
-0.0181012000000000
-0.0260258000000000
-0.0272634000000000
-0.0208141000000000
-0.00959245000000000
0.000419424000000000
0.00304938000000000
-0.00333370000000000
-0.0134957000000000
-0.0204426000000000
-0.0215699000000000
-0.0191591000000000
-0.0157806000000000
-0.0115437000000000
-0.00521740000000000
0.00313313000000000
0.0116289000000000
0.0177061000000000
0.0189315000000000
0.0142623000000000
0.00577487000000000
-0.00149194000000000