0.000120776000000000
0.000328253000000000
0.000505685000000000
0.000370122000000000
4.56546000000000e-05
3.39127000000000e-05
0.000599896000000000
0.000625874000000000
-0.00152125000000000
-0.00536896000000000
-0.00764285000000000
-0.00574319000000000
-0.00134598000000000
0.00131465000000000
0.000205509000000000
-0.00293068000000000
-0.00547153000000000
-0.00641418000000000
-0.00572914000000000
-0.00317927000000000
0.000992430000000000
0.00519037000000000
0.00716465000000000
0.00586683000000000
0.00279700000000000
0.00110588000000000
0.00267529000000000
0.00591044000000000
0.00728629000000000
0.00511288000000000
0.000895186000000000
-0.00304227000000000
-0.00563738000000000
-0.00658127000000000
-0.00550510000000000
-0.00267722000000000
0.000208782000000000
0.000982937000000000
-0.00117465000000000
-0.00504334000000000
-0.00843863000000000
-0.00973059000000000
-0.00845175000000000
-0.00509042000000000
-0.00106189000000000
0.00164520000000000
0.00181453000000000
0.000439312000000000
5.07560000000000e-05
0.00197359000000000
0.00483851000000000
0.00636447000000000
0.00589816000000000
0.00445270000000000
0.00306952000000000
0.00174877000000000
5.81512000000000e-05
-0.00171150000000000
-0.00267992000000000
-0.00242238000000000
-0.00109616000000000
0.00145928000000000
0.00542059000000000
0.00949519000000000
0.0111715000000000
0.00931460000000000
0.00545910000000000
0.00152195000000000
-0.00223430000000000
-0.00590341000000000
-0.00801029000000000
-0.00698275000000000
-0.00400244000000000
-0.00241752000000000
-0.00412338000000000
-0.00714914000000000
-0.00754468000000000
-0.00372514000000000
0.00166149000000000
0.00472552000000000
0.00416506000000000
0.00155575000000000
-0.000903676000000000
-0.00190352000000000
-0.000953687000000000
0.00160584000000000
0.00432389000000000
0.00542584000000000
0.00426292000000000
0.00166002000000000
-0.000842705000000000
-0.00170540000000000
1.18252000000000e-05
0.00388212000000000
0.00790533000000000
0.00961713000000000
0.00780809000000000
0.00369404000000000
0.000480625000000000
0.000760217000000000
0.00398068000000000
0.00710592000000000
0.00772473000000000
0.00579644000000000
0.00275232000000000
-0.000252619000000000
-0.00287642000000000
-0.00529494000000000
-0.00774943000000000
-0.00987568000000000
-0.0107887000000000
-0.0101149000000000
-0.00827347000000000
-0.00518188000000000
-0.000408039000000000
0.00484021000000000
0.00768746000000000
0.00682638000000000
0.00413650000000000
0.00173480000000000
-0.000454346000000000
-0.00273086000000000
-0.00342832000000000
-0.000830665000000000
0.00410424000000000
0.00880368000000000
0.0117804000000000
0.0128771000000000
0.0119417000000000
0.00874502000000000
0.00398577000000000
-0.000651451000000000
-0.00334890000000000
-0.00345340000000000
-0.00221971000000000
-0.00191555000000000
-0.00376003000000000
-0.00691637000000000
-0.00964415000000000
-0.0107262000000000
-0.00983555000000000
-0.00730921000000000
-0.00411736000000000
-0.00127444000000000
0.000798328000000000
0.00191447000000000
0.00175140000000000
0.000439459000000000
-0.00118375000000000
-0.00276690000000000
-0.00488914000000000
-0.00728466000000000
-0.00781272000000000
-0.00499325000000000
-0.000625750000000000
0.00208990000000000
0.00208643000000000
0.000885925000000000
0.000541403000000000
0.00232251000000000
0.00626707000000000
0.0104028000000000
0.0115389000000000
0.00829585000000000
0.00254857000000000
-0.00304305000000000
-0.00691421000000000
-0.00803113000000000
-0.00627533000000000
-0.00407962000000000
-0.00500066000000000
-0.00899894000000000
-0.0114709000000000
-0.00845252000000000
-0.00119186000000000
0.00597889000000000
0.0103758000000000
0.0121339000000000
0.0119255000000000
0.00927987000000000
0.00410324000000000
-0.00116299000000000
-0.00273835000000000
1.69568000000000e-05
0.00313821000000000
0.00264674000000000
-0.000944889000000000
-0.00432891000000000
-0.00578217000000000
-0.00556159000000000
-0.00368316000000000
-3.48134000000000e-05
0.00380610000000000
0.00530181000000000
0.00359101000000000
2.84061000000000e-05
-0.00343256000000000
-0.00539558000000000
-0.00523011000000000
-0.00316483000000000
-0.000140749000000000
0.00290150000000000
0.00539003000000000
0.00688681000000000
0.00709357000000000
0.00622162000000000
0.00489462000000000
0.00349886000000000
0.00212478000000000
0.00101512000000000
0.000547824000000000
0.000758612000000000
0.00144060000000000
0.00277030000000000
0.00500444000000000
0.00735544000000000
0.00812451000000000
0.00650216000000000
0.00350133000000000
0.000596801000000000
-0.00154603000000000
-0.00263061000000000
-0.00216986000000000
-0.000320481000000000
0.00146306000000000
0.00132862000000000
-0.00155513000000000
-0.00636825000000000
-0.0110218000000000
-0.0133317000000000
-0.0123245000000000
-0.00874580000000000
-0.00471279000000000
-0.00263763000000000
-0.00371835000000000
-0.00651713000000000
-0.00771370000000000
-0.00541542000000000
-0.00121053000000000
0.00249200000000000
0.00567111000000000
0.00938406000000000
0.0128818000000000
0.0142941000000000
0.0132622000000000
0.0107408000000000
0.00737782000000000
0.00357719000000000
0.000200323000000000
-0.00270709000000000
-0.00633075000000000
-0.0104514000000000
-0.0123809000000000
-0.0103928000000000
-0.00631516000000000
-0.00272206000000000
-0.000130963000000000
0.00142524000000000
0.000716265000000000
-0.00220953000000000
-0.00416050000000000
-0.00254070000000000
0.000797942000000000
0.00209252000000000
0.000408518000000000
-0.00229635000000000
-0.00396270000000000
-0.00346930000000000
-0.000650185000000000
0.00270107000000000
0.00332968000000000
0.000172215000000000
-0.00390559000000000
-0.00571911000000000
-0.00506565000000000
-0.00287850000000000
0.000950214000000000
0.00555094000000000
0.00759523000000000
0.00483867000000000
-0.000582346000000000
-0.00515548000000000
-0.00812220000000000
-0.0100632000000000
-0.0100887000000000
-0.00750339000000000
-0.00404566000000000
-0.00152141000000000
0.000413612000000000
0.00180311000000000
0.000740136000000000
-0.00267074000000000
-0.00417887000000000
-0.00102863000000000
0.00364866000000000
0.00556437000000000
0.00478302000000000
0.00314770000000000
0.000439350000000000
-0.00312686000000000
-0.00449098000000000
-0.00176305000000000
0.00252464000000000
0.00576102000000000
0.00910081000000000
0.0134722000000000
0.0158956000000000
0.0137052000000000
0.00901746000000000
0.00510964000000000
0.00190753000000000
-0.00183591000000000
-0.00504573000000000
-0.00606201000000000
-0.00518759000000000
-0.00304297000000000
0.000752970000000000
0.00532743000000000
0.00765427000000000
0.00620796000000000
0.00311667000000000
0.000713000000000000
-0.00140356000000000
-0.00415340000000000
-0.00635660000000000
-0.00626468000000000
-0.00396031000000000
-0.000503038000000000
0.00365869000000000
0.00816388000000000
0.0117773000000000
0.0133610000000000
0.0129944000000000
0.0112116000000000
0.00837920000000000
0.00508973000000000
0.00215712000000000
-0.000520781000000000
-0.00374529000000000
-0.00703160000000000
-0.00828350000000000
-0.00626129000000000
-0.00228115000000000
0.00148591000000000
0.00395853000000000
0.00472406000000000
0.00324641000000000
-0.000489593000000000
-0.00531995000000000
-0.00981471000000000
-0.0131148000000000
-0.0146260000000000
-0.0139669000000000
-0.0115250000000000
-0.00843323000000000
-0.00537791000000000
-0.00223808000000000
0.00108612000000000
0.00396401000000000
0.00537536000000000
0.00485094000000000
0.00290312000000000
0.000567636000000000
-0.00182325000000000
-0.00466810000000000
-0.00749227000000000
-0.00843786000000000
-0.00635112000000000
-0.00242230000000000
0.00132692000000000
0.00388953000000000
0.00490519000000000
0.00400059000000000
0.00143528000000000
-0.00162459000000000
-0.00454863000000000
-0.00786906000000000
-0.0113205000000000
-0.0124287000000000
-0.00868946000000000
-0.000936785000000000
0.00676410000000000
0.0105348000000000
0.00975374000000000
0.00673354000000000
0.00355813000000000
0.000312964000000000
-0.00300307000000000
-0.00429472000000000
-0.00112101000000000
0.00576542000000000
0.0123454000000000
0.0149679000000000
0.0131611000000000
0.00902750000000000
0.00473525000000000
0.00114316000000000
-0.00224819000000000
-0.00627117000000000
-0.0107107000000000
-0.0141151000000000
-0.0153939000000000
-0.0148961000000000
-0.0132854000000000
-0.0108203000000000
-0.00794315000000000
-0.00554701000000000
-0.00359340000000000
-0.000730952000000000
0.00337499000000000
0.00647684000000000
0.00622632000000000
0.00330746000000000
0.000514383000000000
-0.000134590000000000
0.00173380000000000
0.00551691000000000
0.00947899000000000
0.0110573000000000
0.00918108000000000
0.00566740000000000
0.00260005000000000
-0.000182155000000000
-0.00341844000000000
-0.00616944000000000
-0.00713262000000000
-0.00651196000000000
-0.00484446000000000
-0.00193801000000000
0.00145635000000000
0.00294040000000000
0.00146113000000000
-0.00104885000000000
-0.00287750000000000
-0.00482694000000000
-0.00743863000000000
-0.00875814000000000
-0.00716859000000000
-0.00405222000000000
-0.00152017000000000
0.000180041000000000
0.00145357000000000
0.00179408000000000
0.000921041000000000
-0.000310710000000000
-0.00134289000000000
-0.00267661000000000
-0.00433554000000000
-0.00491808000000000
-0.00314662000000000
0.000307608000000000
0.00355227000000000
0.00568484000000000
0.00777644000000000
0.0111468000000000
0.0146075000000000
0.0148807000000000
0.0104815000000000
0.00391655000000000
-0.00139831000000000
-0.00459062000000000
-0.00654167000000000
-0.00736647000000000
-0.00641456000000000
-0.00410108000000000
-0.00183714000000000
-0.000309105000000000
0.00123662000000000
0.00353490000000000
0.00585549000000000
0.00667017000000000
0.00552949000000000
0.00349940000000000
0.00136775000000000
-0.00119734000000000
-0.00387502000000000
-0.00461315000000000
-0.00181221000000000
0.00333748000000000
0.00818626000000000
0.0112595000000000
0.0125128000000000
0.0120567000000000
0.00984249000000000
0.00643663000000000
0.00285504000000000
-0.000306280000000000
-0.00342353000000000
-0.00714374000000000
-0.0109809000000000
-0.0131202000000000
-0.0124110000000000
-0.0100956000000000
-0.00803036000000000
-0.00633183000000000
-0.00414044000000000
-0.00174538000000000
0.000107138000000000
0.00183876000000000
0.00396285000000000
0.00557541000000000
0.00563329000000000
0.00453381000000000
0.00272523000000000
-0.000275224000000000
-0.00371681000000000
-0.00467312000000000
-0.00158477000000000
0.00317132000000000
0.00618889000000000
0.00648456000000000
0.00467736000000000
0.00121764000000000
-0.00276189000000000
-0.00483735000000000
-0.00356786000000000
-0.000289147000000000
0.00271712000000000
0.00461122000000000
0.00558899000000000
0.00549699000000000
0.00407607000000000
0.00189503000000000
-0.000112518000000000
-0.00172431000000000
-0.00349114000000000
-0.00572752000000000
-0.00782352000000000
-0.00865164000000000
-0.00752330000000000
-0.00491507000000000
-0.00198447000000000
0.000522425000000000
0.00269798000000000
0.00454894000000000
0.00502482000000000
0.00300384000000000
-0.00106243000000000
-0.00544938000000000
-0.00948207000000000
-0.0139653000000000
-0.0186307000000000
-0.0209206000000000
-0.0188206000000000
-0.0138858000000000
-0.00918880000000000
-0.00555133000000000
-0.00148035000000000
0.00367490000000000
0.00839541000000000
0.0106559000000000
0.00974216000000000
0.00673107000000000
0.00347972000000000
0.00112286000000000
-0.000991504000000000
-0.00404975000000000
-0.00733769000000000
-0.00846487000000000
-0.00635645000000000
-0.00251785000000000
0.00116261000000000
0.00394333000000000
0.00533145000000000
0.00448874000000000
0.00182232000000000
-4.95667000000000e-05
0.00141444000000000
0.00577059000000000
0.00985639000000000
0.0108311000000000
0.00841702000000000
0.00452116000000000
0.000827810000000000
-0.00261780000000000
-0.00628344000000000
-0.00947744000000000
-0.0107138000000000
-0.00949288000000000
-0.00665320000000000
-0.00326439000000000
0.000245981000000000
0.00366240000000000
0.00691730000000000
0.0103272000000000
0.0139321000000000
0.0167738000000000
0.0176861000000000
0.0166465000000000
0.0143188000000000
0.0111900000000000
0.00764138000000000
0.00425065000000000
0.00128030000000000
-0.00122435000000000
-0.00242562000000000
-0.00121733000000000
0.00207632000000000
0.00581875000000000
0.00941339000000000
0.0135108000000000
0.0176907000000000
0.0200223000000000
0.0194982000000000
0.0172940000000000
0.0150049000000000
0.0131750000000000
0.0115450000000000
0.00996366000000000
0.00901438000000000
0.00963952000000000
0.0116477000000000
0.0134760000000000
0.0147294000000000
0.0170509000000000
0.0200801000000000
0.0195438000000000
0.0126618000000000
0.00265484000000000
-0.00642321000000000
-0.0149478000000000
-0.0244422000000000
-0.0335199000000000
-0.0415719000000000
-0.0513264000000000
-0.0621506000000000
-0.0665898000000000
-0.0592757000000000
-0.0452046000000000
-0.0322418000000000
-0.0214524000000000
-0.00961250000000000
0.00322017000000000
0.0150404000000000
0.0265677000000000
0.0390867000000000
0.0503508000000000
0.0568415000000000
0.0584468000000000
0.0571873000000000
0.0544930000000000
0.0518435000000000
0.0515402000000000
0.0532612000000000
0.0530752000000000
0.0478248000000000
0.0382254000000000
0.0256516000000000
0.0105726000000000
-0.00525219000000000
-0.0192597000000000
-0.0325351000000000
-0.0487371000000000
-0.0656521000000000
-0.0737766000000000
-0.0669464000000000
-0.0507097000000000
-0.0349492000000000
-0.0237461000000000
-0.0154225000000000
-0.00870181000000000
-0.00432389000000000
-0.00254363000000000
-0.00245503000000000
-0.00316915000000000
-0.00421113000000000
-0.00473340000000000
-0.00386013000000000
-0.00146268000000000
0.00189086000000000
0.00548935000000000
0.00917954000000000
0.0134444000000000
0.0176876000000000
0.0190228000000000
0.0146237000000000
0.00561762000000000
-0.00331193000000000
-0.00818549000000000
-0.00876509000000000
-0.00736655000000000
-0.00607660000000000
-0.00587439000000000
-0.00712244000000000
-0.00961096000000000
-0.0121447000000000
-0.0130762000000000
-0.0114825000000000
-0.00806895000000000
-0.00452887000000000
-0.00187743000000000
0.000448126000000000
0.00335106000000000
0.00658312000000000
0.00932540000000000
0.0119224000000000
0.0154873000000000
0.0191995000000000
0.0200338000000000
0.0161448000000000
0.00939486000000000
0.00281630000000000
-0.00268903000000000
-0.00814998000000000
-0.0141166000000000
-0.0201589000000000
-0.0259009000000000
-0.0315194000000000
-0.0373680000000000
-0.0430066000000000
-0.0468061000000000
-0.0465552000000000
-0.0414746000000000
-0.0327165000000000
-0.0223986000000000
-0.0119386000000000
-0.00165531000000000
0.00845175000000000
0.0171559000000000
0.0214609000000000
0.0194133000000000
0.0126904000000000
0.00498237000000000
-0.00264326000000000
-0.0114818000000000
-0.0203024000000000
-0.0242238000000000
-0.0199019000000000
-0.00981857000000000
0.000272114000000000
0.00653071000000000
0.00903599000000000
0.00901592000000000
0.00565258000000000
-0.00203688000000000
-0.0102322000000000
-0.0116230000000000
-0.00367930000000000
0.00845947000000000
0.0200933000000000
0.0321778000000000
0.0447632000000000
0.0516953000000000
0.0478441000000000
0.0372175000000000
0.0273048000000000
0.0199729000000000
0.0122273000000000
0.00292373000000000
-0.00609242000000000
-0.0130415000000000
-0.0170964000000000
-0.0177247000000000
-0.0147765000000000
-0.00927292000000000
-0.00394286000000000
-0.00299828000000000
-0.00930765000000000
-0.0211768000000000
-0.0337499000000000
-0.0429441000000000
-0.0460088000000000
-0.0410579000000000
-0.0290189000000000
-0.0145534000000000
-0.000701508000000000
0.0140819000000000
0.0295661000000000
0.0387603000000000
0.0355744000000000
0.0240918000000000
0.0136906000000000
0.00891790000000000
0.00855980000000000
0.0110843000000000
0.0147279000000000
0.0153746000000000
0.0102515000000000
0.00196425000000000
-0.00523088000000000
-0.0101203000000000
-0.0118916000000000
-0.00822639000000000
0.000475740000000000
0.00967116000000000
0.0175726000000000
0.0274691000000000
0.0388560000000000
0.0433608000000000
0.0353066000000000
0.0203873000000000
0.00669341000000000
-0.00547199000000000
-0.0188198000000000
-0.0306057000000000
-0.0360907000000000
-0.0354262000000000
-0.0309800000000000
-0.0233679000000000
-0.0146839000000000
-0.0105379000000000
-0.0132970000000000
-0.0185505000000000
-0.0224588000000000
-0.0266796000000000
-0.0319239000000000
-0.0332436000000000
-0.0266001000000000
-0.0152218000000000
-0.00450796000000000
0.00461254000000000
0.0142540000000000
0.0249099000000000
0.0351638000000000
0.0433979000000000
0.0477268000000000
0.0467667000000000
0.0412716000000000
0.0340949000000000
0.0271844000000000
0.0206790000000000
0.0142223000000000
0.00777721000000000
0.00115003000000000
-0.00565830000000000
-0.0123523000000000
-0.0191640000000000
-0.0261880000000000
-0.0319740000000000
-0.0341998000000000
-0.0322696000000000
-0.0273372000000000
-0.0208666000000000
-0.0141104000000000
-0.00828427000000000
-0.00302344000000000
0.00353791000000000
0.0109346000000000
0.0150404000000000
0.0132923000000000
0.00863929000000000
0.00477191000000000
0.00143150000000000
-0.00248883000000000
-0.00518002000000000
-0.00465004000000000
-0.00158431000000000
0.00341412000000000
0.0111345000000000
0.0194936000000000
0.0225336000000000
0.0171929000000000
0.00750640000000000
-0.00144654000000000
-0.00940490000000000
-0.0179585000000000
-0.0253360000000000
-0.0276443000000000
-0.0238302000000000
-0.0164605000000000
-0.00853433000000000
-0.000482416000000000
0.00862154000000000
0.0176668000000000
0.0228693000000000
0.0217765000000000
0.0166967000000000
0.0117256000000000
0.00809750000000000
0.00415927000000000
-0.000854050000000000
-0.00554623000000000
-0.00832286000000000
-0.00855825000000000
-0.00609520000000000
-0.000879828000000000
0.00617631000000000
0.0131457000000000
0.0180944000000000
0.0200307000000000
0.0189842000000000
0.0153013000000000
0.00967811000000000
0.00383798000000000
0.000318251000000000
0.000277701000000000
0.00226525000000000
0.00417162000000000
0.00545485000000000
0.00678239000000000
0.00839927000000000
0.00981625000000000
0.0104700000000000
0.00995054000000000
0.00794237000000000
0.00428924000000000
-0.000418628000000000
-0.00502482000000000
-0.00888935000000000
-0.0128061000000000
-0.0178898000000000
-0.0229542000000000
-0.0246136000000000
-0.0211089000000000
-0.0148459000000000
-0.00904911000000000
-0.00405523000000000
0.00139808000000000
0.00686482000000000
0.0105402000000000
0.0117912000000000
0.0113999000000000
0.0102824000000000
0.00895649000000000
0.00776641000000000
0.00673439000000000
0.00601270000000000
0.00653565000000000
0.00913169000000000
0.0130431000000000
0.0163779000000000
0.0177162000000000
0.0165778000000000
0.0131465000000000
0.00851195000000000
0.00402351000000000
0.000281244000000000
-0.00236535000000000
-0.00312177000000000
-0.00204112000000000
-0.000714690000000000
0.000194704000000000
0.00194064000000000
0.00415773000000000
0.00347586000000000
-0.00172562000000000
-0.00851735000000000
-0.0145133000000000
-0.0213304000000000
-0.0289432000000000
-0.0316777000000000
-0.0248366000000000
-0.0118159000000000
0.000504527000000000
0.00924051000000000
0.0146044000000000
0.0157752000000000
0.0122149000000000
0.00643247000000000
0.00138519000000000
-0.00238449000000000
-0.00490504000000000
-0.00483056000000000
-0.00192420000000000
0.00128169000000000
0.00247108000000000
0.00189526000000000
0.000596539000000000
-0.00140433000000000
-0.00391369000000000
-0.00560983000000000
-0.00532828000000000
-0.00317286000000000
0.000276343000000000
0.00462689000000000
0.00913863000000000
0.0124388000000000
0.0133101000000000
0.0115203000000000
0.00759075000000000
0.00243411000000000
-0.00282471000000000
-0.00696607000000000
-0.00909387000000000
-0.00894569000000000
-0.00682453000000000
-0.00366441000000000
-0.000603593000000000
0.00186585000000000
0.00442677000000000
0.00785053000000000
0.0111823000000000
0.0119834000000000
0.00887082000000000
0.00321014000000000
-0.00249971000000000
-0.00673153000000000
-0.00898119000000000
-0.00895418000000000
-0.00674704000000000
-0.00343434000000000
-0.000425813000000000
0.00150960000000000
0.00220667000000000
0.00154371000000000
-0.000512631000000000
-0.00351460000000000
-0.00664586000000000
-0.00906145000000000
-0.0101782000000000
-0.00985407000000000
-0.00837303000000000
-0.00636725000000000
-0.00439335000000000
-0.00253236000000000
-0.000432698000000000
0.00191872000000000
0.00400028000000000
0.00560581000000000
0.00732626000000000
0.00967116000000000
0.0118507000000000
0.0121517000000000
0.00941184000000000
0.00430498000000000
-0.00120266000000000
-0.00570028000000000
-0.00992044000000000
-0.0154711000000000
-0.0213428000000000
-0.0236334000000000
-0.0202052000000000
-0.0138419000000000
-0.00816310000000000
-0.00319925000000000
0.00247772000000000
0.00762625000000000
0.00972441000000000
0.00867479000000000
0.00596554000000000
0.00225892000000000
-0.00205563000000000
-0.00576480000000000
-0.00886079000000000
-0.0130307000000000
-0.0177849000000000
-0.0192621000000000
-0.0152210000000000
-0.00843631000000000
-0.00222782000000000
0.00364874000000000
0.0102160000000000
0.0155876000000000
0.0168719000000000
0.0138048000000000
0.00796013000000000
0.000572791000000000
-0.00717685000000000
-0.0130577000000000
-0.0149756000000000
-0.0126541000000000
-0.00704974000000000
0.000499078000000000
0.00827578000000000
0.0143312000000000
0.0175186000000000
0.0177579000000000
0.0153152000000000
0.0109948000000000
0.00620703000000000
0.00198177000000000
-0.00218274000000000
-0.00723296000000000
-0.0123168000000000
-0.0146908000000000
-0.0124496000000000
-0.00702025000000000
-0.00150011000000000
0.00276119000000000
0.00711140000000000
0.0128671000000000
0.0185103000000000
0.0205687000000000
0.0172122000000000
0.0104808000000000
0.00387827000000000
-0.00123369000000000
-0.00644682000000000
-0.0133031000000000
-0.0202461000000000
-0.0236813000000000
-0.0220644000000000
-0.0176961000000000
-0.0134745000000000
-0.00995672000000000
-0.00612051000000000
-0.00176321000000000
0.00227482000000000
0.00531447000000000
0.00715053000000000
0.00768113000000000
0.00714212000000000
0.00654214000000000
0.00662734000000000
0.00690989000000000
0.00613425000000000
0.00358460000000000
-0.000594046000000000
-0.00572181000000000
-0.0108821000000000
-0.0150165000000000
-0.0170208000000000
-0.0162637000000000
-0.0130670000000000
-0.00879133000000000
-0.00471734000000000
-0.00114239000000000
0.00245294000000000
0.00637049000000000
0.0104476000000000
0.0145557000000000
0.0185080000000000
0.0214863000000000
0.0221091000000000
0.0198000000000000
0.0153105000000000
0.0100007000000000
0.00459679000000000
-0.000810136000000000
-0.00608362000000000
-0.0106258000000000
-0.0134220000000000
-0.0136342000000000
-0.0113822000000000
-0.00801029000000000
-0.00488806000000000
-0.00265608000000000
-0.00186878000000000
-0.00321762000000000
-0.00616489000000000
-0.00868560000000000
-0.00937711000000000
-0.00845947000000000
-0.00613772000000000
-0.00218305000000000
0.00202623000000000
0.00361864000000000
0.00212872000000000
0.000858913000000000
0.00267005000000000
0.00656020000000000
0.0100663000000000
0.0127976000000000
0.0156362000000000
0.0181067000000000
0.0182232000000000
0.0149733000000000
0.00947513000000000
0.00355335000000000
-0.00250566000000000
-0.00948130000000000
-0.0163478000000000
-0.0196703000000000
-0.0173218000000000
-0.0115867000000000
-0.00611912000000000
-0.00165747000000000
0.00309074000000000
0.00760719000000000
0.00969200000000000
0.00879828000000000
0.00639866000000000
0.00355149000000000
0.000109184000000000
-0.00366633000000000
-0.00679459000000000
-0.00860070000000000
-0.00840776000000000
-0.00518666000000000
0.00117696000000000
0.00893411000000000
0.0161379000000000
0.0217371000000000
0.0242501000000000
0.0220335000000000
0.0158840000000000
0.00911162000000000
0.00309993000000000
-0.00382131000000000
-0.0114756000000000
-0.0157072000000000
-0.0138758000000000
-0.00888935000000000
-0.00448403000000000
-0.000543842000000000
0.00409992000000000
0.00767673000000000
0.00793620000000000
0.00589361000000000
0.00428769000000000
0.00431092000000000
0.00568832000000000
0.00824337000000000
0.0110534000000000
0.0115412000000000
0.00743362000000000
-0.000381552000000000
-0.00796553000000000
-0.0113359000000000
-0.00951217000000000
-0.00491121000000000
-0.000286152000000000
0.00385372000000000
0.00814458000000000
0.0117928000000000
0.0126055000000000
0.00943499000000000
0.00341690000000000
-0.00315063000000000
-0.00870103000000000
-0.0126780000000000
-0.0146430000000000
-0.0141112000000000
-0.0113861000000000
-0.00795009000000000
-0.00489115000000000
-0.00182039000000000
0.00167190000000000
0.00431571000000000
0.00437992000000000
0.00181461000000000
-0.00247888000000000
-0.00803576000000000
-0.0137639000000000
-0.0169081000000000
-0.0156401000000000
-0.0116168000000000
-0.00789607000000000
-0.00589670000000000
-0.00570368000000000
-0.00729177000000000
-0.00931768000000000
-0.00895032000000000
-0.00527619000000000
-0.00111221000000000
0.000464464000000000
-0.000583411000000000
-0.00305370000000000
-0.00674326000000000
-0.0108435000000000
-0.0126533000000000
-0.0104244000000000
-0.00593807000000000
-0.00190768000000000
0.00135262000000000
0.00502822000000000
0.00923742000000000
0.0130515000000000
0.0156625000000000
0.0161433000000000
0.0136474000000000
0.00856829000000000
0.00267799000000000
-0.00309236000000000
-0.00930302000000000
-0.0157682000000000
-0.0204236000000000
-0.0214037000000000
-0.0190506000000000
-0.0146700000000000
-0.00910081000000000
-0.00315341000000000
0.00155699000000000
0.00359217000000000
0.00293060000000000
0.000395490000000000
-0.00329171000000000
-0.00733784000000000
-0.0103951000000000
-0.0113629000000000
-0.0102909000000000
-0.00789916000000000
-0.00482879000000000
-0.00158438000000000
0.00129844000000000
0.00381845000000000
0.00650254000000000
0.00955076000000000
0.0125676000000000
0.0154232000000000
0.0184054000000000
0.0213327000000000
0.0236759000000000
0.0257164000000000
0.0283760000000000
0.0312987000000000
0.0325776000000000
0.0309422000000000
0.0273711000000000
0.0236612000000000
0.0205810000000000
0.0176977000000000
0.0144847000000000
0.0110225000000000
0.00779111000000000
0.00484862000000000
0.00171968000000000
-0.00173226000000000
-0.00507414000000000
-0.00826189000000000
-0.0117781000000000
-0.0154510000000000
-0.0184957000000000
-0.0211892000000000
-0.0248551000000000
-0.0288414000000000
-0.0297220000000000
-0.0251237000000000
-0.0171844000000000
-0.00981934000000000
-0.00427318000000000
0.00120845000000000
0.00807049000000000
0.0148560000000000
0.0180534000000000
0.0155205000000000
0.00911548000000000
0.00289525000000000
-0.000542738000000000
-0.00136072000000000
-0.000760017000000000
0.000314847000000000
0.00101666000000000
0.00112548000000000
0.00153692000000000
0.00243882000000000
0.00202669000000000
-0.000860302000000000
-0.00456715000000000
-0.00760434000000000
-0.0111700000000000
-0.0156370000000000
-0.0176490000000000
-0.0144732000000000
-0.00860533000000000
-0.00368355000000000
0.000734278000000000
0.00612939000000000
0.0103364000000000
0.0104429000000000
0.00720996000000000
0.00225822000000000
-0.00495636000000000
-0.0132646000000000
-0.0173998000000000
-0.0144824000000000
-0.00847876000000000
-0.00352865000000000
0.00151338000000000
0.00753897000000000
0.0104916000000000
0.00753665000000000
0.00219818000000000
-0.00177687000000000
-0.00572953000000000
-0.0107447000000000
-0.0130739000000000
-0.00985021000000000
-0.00405732000000000
0.000794855000000000
0.00554400000000000
0.0112626000000000
0.0152349000000000
0.0149370000000000
0.0120930000000000
0.00961250000000000
0.00791691000000000
0.00603716000000000
0.00385774000000000
0.00189217000000000
0.000598337000000000
0.000394418000000000
0.00137647000000000
0.00339799000000000
0.00638207000000000
0.00956774000000000
0.0109840000000000
0.00959398000000000
0.00707690000000000
0.00521236000000000
0.00330792000000000
0.000707767000000000
-0.000641935000000000
0.000841702000000000
0.00344530000000000
0.00525998000000000
0.00721976000000000
0.00993665000000000
0.0107733000000000
0.00743277000000000
0.00177293000000000
-0.00330815000000000
-0.00785130000000000
-0.0128926000000000
-0.0171289000000000
-0.0182294000000000
-0.0158986000000000
-0.0113482000000000
-0.00554770000000000
0.000587794000000000
0.00532844000000000
0.00707181000000000
0.00566871000000000
0.00193817000000000
-0.00317224000000000
-0.00854205000000000
-0.0126572000000000
-0.0143883000000000
-0.0136659000000000
-0.0109793000000000
-0.00703291000000000
-0.00279214000000000
0.000900820000000000
0.00445648000000000
0.00892948000000000
0.0135547000000000
0.0155853000000000
0.0137932000000000
0.0104244000000000
0.00772628000000000
0.00515764000000000
0.00191131000000000
-0.000413835000000000
-0.000321716000000000
0.000885230000000000
0.00153877000000000
0.00220297000000000
0.00339536000000000
0.00340887000000000
0.00100902000000000
-0.00224981000000000
-0.00481551000000000
-0.00749065000000000
-0.0107910000000000
-0.0127328000000000
-0.0116145000000000
-0.00882838000000000
-0.00661144000000000
-0.00506480000000000
-0.00300947000000000
-0.000374452000000000
0.00199536000000000
0.00384562000000000
0.00571795000000000
0.00806046000000000
0.0104236000000000
0.0114995000000000
0.0101960000000000
0.00711788000000000
0.00403733000000000
0.00179107000000000
-0.000492156000000000
-0.00359919000000000
-0.00661538000000000
-0.00778184000000000
-0.00638832000000000
-0.00345186000000000
-0.000429487000000000
0.00222025000000000
0.00533754000000000
0.00962331000000000
0.0139893000000000
0.0161541000000000
0.0151786000000000
0.0125468000000000
0.0100416000000000
0.00797402000000000
0.00580833000000000
0.00349191000000000
0.00125059000000000
-0.00102986000000000
-0.00356199000000000
-0.00615169000000000
-0.00849960000000000
-0.0107285000000000
-0.0129805000000000
-0.0148089000000000
-0.0152812000000000
-0.0139468000000000
-0.0113042000000000
-0.00832363000000000
-0.00554338000000000
-0.00316314000000000
-0.00173496000000000
-0.00195499000000000
-0.00328917000000000
-0.00364033000000000
-0.00131187000000000
0.00301804000000000
0.00729076000000000
0.0106212000000000
0.0139869000000000
0.0183498000000000
0.0226641000000000
0.0244847000000000
0.0225074000000000
0.0181028000000000
0.0135740000000000
0.00984558000000000
0.00623566000000000
0.00219610000000000
-0.00194774000000000
-0.00579081000000000
-0.00954690000000000
-0.0136196000000000
-0.0177563000000000
-0.0209121000000000
-0.0216785000000000
-0.0194905000000000
-0.0151793000000000
-0.0101512000000000
-0.00516505000000000
-0.000814921000000000
0.00159457000000000
0.00100617000000000
-0.00154255000000000
-0.00316051000000000
-0.00166828000000000
0.00254942000000000
0.00707227000000000
0.00961559000000000
0.00966807000000000
0.00804425000000000
0.00497952000000000
0.000206204000000000
-0.00479406000000000
-0.00690117000000000
-0.00493830000000000
-0.00108342000000000
0.00263014000000000
0.00654530000000000
0.0105379000000000
0.0119309000000000
0.00867788000000000
0.00256524000000000
-0.00342130000000000
-0.00878207000000000
-0.0143860000000000
-0.0192289000000000
-0.0207801000000000
-0.0181831000000000
-0.0129775000000000
-0.00707613000000000
-0.000839155000000000
0.00614050000000000
0.0127861000000000
0.0160121000000000
0.0135748000000000
0.00729192000000000
0.00112765000000000
-0.00341713000000000
-0.00831283000000000
-0.0149648000000000
-0.0211691000000000
-0.0231263000000000
-0.0192713000000000
-0.0115829000000000
-0.00348960000000000
0.00256833000000000
0.00641657000000000
0.00907843000000000
0.0103673000000000
0.00895418000000000
0.00493059000000000
0.000446790000000000
-0.00346598000000000
-0.00797402000000000
-0.0130415000000000
-0.0156548000000000
-0.0136628000000000
-0.00914095000000000
-0.00512183000000000
-0.00169845000000000
0.00220150000000000
0.00553095000000000
0.00646982000000000
0.00515216000000000
0.00261332000000000
-0.000928836000000000
-0.00488057000000000
-0.00724044000000000
-0.00693536000000000
-0.00541171000000000
-0.00444915000000000
-0.00423845000000000
-0.00449746000000000
-0.00551065000000000
-0.00690781000000000
-0.00719830000000000
-0.00543734000000000
-0.00237330000000000
0.000560890000000000
0.00249454000000000
0.00313875000000000
0.00244052000000000
0.000438756000000000
-0.00255984000000000
-0.00558999000000000
-0.00715948000000000
-0.00654584000000000
-0.00463430000000000
-0.00268687000000000
-0.00101396000000000
0.000621899000000000
0.00217302000000000
0.00376613000000000
0.00588674000000000
0.00813146000000000
0.00888626000000000
0.00722778000000000
0.00433531000000000
0.00178667000000000
-0.000386028000000000
-0.00287025000000000
-0.00516930000000000
-0.00581350000000000
-0.00429888000000000
-0.00160059000000000
0.00119363000000000
0.00410602000000000
0.00756274000000000
0.0108728000000000
0.0121594000000000
0.0101396000000000
0.00580887000000000
0.00142347000000000
-0.00191756000000000
-0.00518558000000000
-0.00948207000000000
-0.0136381000000000
-0.0148567000000000
-0.0118098000000000
-0.00618426000000000
-0.000530444000000000
0.00385395000000000
0.00664633000000000
0.00753565000000000
0.00681288000000000
0.00601764000000000
0.00670197000000000
0.00895109000000000
0.0119888000000000
0.0155452000000000
0.0194033000000000
0.0223476000000000
0.0226679000000000
0.0198146000000000
0.0146514000000000
0.00855903000000000
0.00237445000000000
-0.00368432000000000
-0.00944426000000000
-0.0141961000000000
-0.0167407000000000
-0.0163316000000000
-0.0133927000000000
-0.00942110000000000
-0.00556506000000000
-0.00187550000000000
0.00212502000000000
0.00639473000000000
0.0103218000000000
0.0132731000000000
0.0146677000000000
0.0141035000000000
0.0118522000000000
0.00905605000000000
0.00648086000000000
0.00389995000000000
0.00108458000000000
-0.00150042000000000
-0.00384222000000000
-0.00679821000000000
-0.0101782000000000
-0.0119795000000000
-0.0108528000000000
-0.00810599000000000
-0.00566208000000000
-0.00377384000000000
-0.00180735000000000
0.000232028000000000
0.00224202000000000
0.00452687000000000
0.00697688000000000
0.00899354000000000
0.0107092000000000
0.0129836000000000
0.0154726000000000
0.0162174000000000
0.0137361000000000
0.00889321000000000
0.00384786000000000
-0.000171034000000000
-0.00390651000000000
-0.00862000000000000
-0.0134560000000000
-0.0154603000000000
-0.0130755000000000
-0.00837457000000000
-0.00399789000000000
2.04691000000000e-05
0.00455272000000000
0.00838306000000000
0.00935010000000000
0.00720710000000000
0.00303178000000000
-0.00252426000000000
-0.00845252000000000
-0.0123245000000000
-0.0125507000000000
-0.0104290000000000
-0.00799794000000000
-0.00566486000000000
-0.00313118000000000
-0.000851812000000000
0.00108049000000000
0.00353552000000000
0.00648078000000000
0.00818549000000000
0.00751211000000000
0.00559871000000000
0.00396648000000000
0.00266819000000000
0.00114208000000000
-0.000442654000000000
-0.00164381000000000
-0.00247579000000000
-0.00288684000000000
-0.00236743000000000
-0.000591568000000000
0.00196240000000000
0.00439767000000000
0.00593382000000000
0.00600552000000000
0.00445000000000000
0.00155606000000000
-0.00213999000000000
-0.00600320000000000
-0.00911857000000000
-0.0104846000000000
-0.00972518000000000
-0.00732719000000000
-0.00429580000000000
-0.00141305000000000
0.00116369000000000
0.00388506000000000
0.00707111000000000
0.0100941000000000
0.0117102000000000
0.0113907000000000
0.00993048000000000
0.00832749000000000
0.00689252000000000
0.00545107000000000
0.00387580000000000
0.00227875000000000
0.00109577000000000
0.000934701000000000
0.00203811000000000
0.00396370000000000
0.00575322000000000
0.00633306000000000
0.00507738000000000
0.00233880000000000
-0.000803885000000000
-0.00391222000000000
-0.00746719000000000
-0.0110565000000000
-0.0126765000000000
-0.0111715000000000
-0.00807203000000000
-0.00531593000000000
-0.00293399000000000
-0.000216577000000000
0.00250319000000000
0.00489570000000000
0.00758890000000000
0.0103797000000000
0.0113698000000000
0.00941570000000000
0.00597334000000000
0.00282224000000000
-5.41310000000000e-05
-0.00314261000000000
-0.00568199000000000
-0.00652577000000000
-0.00558042000000000
-0.00343588000000000
-0.000597280000000000
0.00246367000000000
0.00493761000000000
0.00587470000000000
0.00483087000000000
0.00225298000000000
-0.000856829000000000
-0.00407005000000000
-0.00764840000000000
-0.0111167000000000
-0.0127644000000000
-0.0116384000000000
-0.00906377000000000
-0.00684475000000000
-0.00521167000000000
-0.00343357000000000
-0.00143312000000000
0.000451907000000000
0.00231889000000000
0.00425729000000000
0.00568539000000000
0.00572482000000000
0.00410177000000000
0.00117565000000000
-0.00245426000000000
-0.00621799000000000
-0.00939332000000000
-0.0109014000000000
-0.00996444000000000
-0.00708254000000000
-0.00377361000000000
-0.000750107000000000
0.00247355000000000
0.00575932000000000
0.00754622000000000
0.00680377000000000
0.00456214000000000
0.00239174000000000
0.000633028000000000
-0.00113205000000000
-0.00268085000000000
-0.00311513000000000
-0.00198386000000000
0.000162853000000000
0.00241929000000000
0.00472267000000000
0.00763305000000000
0.0105139000000000
0.0112139000000000
0.00863929000000000
0.00445085000000000
0.000582214000000000
-0.00298972000000000
-0.00687794000000000
-0.0106012000000000
-0.0140147000000000
-0.0182101000000000
-0.0228547000000000
-0.0248984000000000
-0.0220899000000000
-0.0163031000000000
-0.0108582000000000
-0.00662510000000000
-0.00230584000000000
0.00273480000000000
0.00773245000000000
0.0117650000000000
0.0144415000000000
0.0156540000000000
0.0152118000000000
0.0132221000000000
0.0102261000000000
0.00699872000000000
0.00387302000000000
0.000640970000000000
-0.00268324000000000
-0.00528113000000000
-0.00605175000000000
-0.00467389000000000
-0.00170007000000000
0.00200253000000000
0.00573486000000000
0.00872033000000000
0.00975914000000000
0.00795550000000000
0.00390674000000000
-0.000548025000000000
-0.00456191000000000
-0.00891713000000000
-0.0135293000000000
-0.0160785000000000
-0.0148784000000000
-0.0115196000000000
-0.00840467000000000
-0.00567211000000000
-0.00270501000000000
-0.000772319000000000
-0.00138951000000000
-0.00365792000000000
-0.00559146000000000
-0.00647839000000000
-0.00612105000000000
-0.00381946000000000
0.000223260000000000
0.00439999000000000
0.00817468000000000
0.0127189000000000
0.0177656000000000
0.0204730000000000
0.0190838000000000
0.0155236000000000
0.0124665000000000
0.0101612000000000
0.00741633000000000
0.00418474000000000
0.00134714000000000
-0.000998219000000000
-0.00370971000000000
-0.00720440000000000
-0.0105255000000000
-0.0121200000000000
-0.0113637000000000
-0.00927832000000000
-0.00733568000000000
-0.00600073000000000
-0.00470553000000000
-0.00307600000000000
-0.00140865000000000
-7.91536000000000e-06
0.00135987000000000
0.00299211000000000
0.00465089000000000
0.00592549000000000
0.00678309000000000
0.00731013000000000
0.00709766000000000
0.00573725000000000
0.00361949000000000
0.00153777000000000
-0.000545848000000000
-0.00329218000000000
-0.00618025000000000
-0.00705298000000000
-0.00454145000000000
-0.000374506000000000
0.00202631000000000
0.00105788000000000
-0.00155135000000000
-0.00290004000000000
-0.00196140000000000
0.000142007000000000
0.00240178000000000
0.00487980000000000
0.00733367000000000
0.00859607000000000
0.00798791000000000
0.00634564000000000
0.00487440000000000
0.00380124000000000
0.00259866000000000
0.00108913000000000
-0.000327774000000000
-0.00139599000000000
-0.00232151000000000
-0.00298231000000000
-0.00227906000000000
0.000498978000000000
0.00359425000000000
0.00376258000000000
0.000527966000000000
-0.00248721000000000
-0.00216924000000000
0.000300623000000000
0.00223407000000000
0.00345703000000000
0.00518759000000000
0.00703098000000000
0.00760086000000000
0.00684328000000000
0.00563452000000000
0.00417702000000000
0.00227729000000000
0.000363647000000000
-0.00114956000000000
-0.00260197000000000
-0.00441002000000000
-0.00631724000000000
-0.00791382000000000
-0.00932695000000000
-0.0110087000000000
-0.0131148000000000
-0.0149625000000000
-0.0152720000000000
-0.0133140000000000
-0.00987105000000000
-0.00628884000000000
-0.00307407000000000
0.000184007000000000
0.00375455000000000
0.00727201000000000
0.0100864000000000
0.0115867000000000
0.0114424000000000
0.00978230000000000
0.00733684000000000
0.00490573000000000
0.00287673000000000
0.00105456000000000
-0.000996212000000000
-0.00327975000000000
-0.00508988000000000
-0.00566787000000000
-0.00499997000000000
-0.00350087000000000
-0.00154093000000000
0.000521414000000000
0.00231063000000000
0.00398739000000000
0.00611249000000000
0.00833212000000000
0.00908692000000000
0.00744195000000000
0.00450742000000000
0.00192582000000000
-2.14516000000000e-05
-0.00211228000000000
-0.00471858000000000
-0.00738175000000000
-0.00931383000000000
-0.00980159000000000
-0.00864083000000000
-0.00630744000000000
-0.00363292000000000
-0.000992970000000000
0.00172516000000000
0.00442376000000000
0.00647499000000000
0.00702843000000000
0.00558529000000000
0.00238310000000000
-0.00152010000000000
-0.00528962000000000
-0.00906068000000000
-0.0129736000000000
-0.0159689000000000
-0.0164543000000000
-0.0139630000000000
-0.00909464000000000
-0.00280657000000000
0.00349755000000000
0.00796553000000000
0.00949133000000000
0.00825263000000000
0.00447632000000000
-0.00158593000000000
-0.00782352000000000
-0.0104769000000000
-0.00796321000000000
-0.00283119000000000
0.00178404000000000
0.00558444000000000
0.00964723000000000
0.0134992000000000
0.0155706000000000
0.0153167000000000
0.0134004000000000
0.0107223000000000
0.00789221000000000
0.00528807000000000
0.00279662000000000
8.49883000000000e-05
-0.00268340000000000
-0.00482061000000000
-0.00578857000000000
-0.00561006000000000
-0.00467019000000000
-0.00352541000000000
-0.00244384000000000
-0.00123986000000000
4.54809000000000e-05
0.000651574000000000
-6.06147000000000e-06
-0.00140826000000000
-0.00282085000000000
-0.00441180000000000
-0.00617724000000000
-0.00656529000000000
-0.00386221000000000
0.00134506000000000
0.00637103000000000
0.00867402000000000
0.00731762000000000
0.00321608000000000
-0.000923819000000000
-0.00184339000000000
0.00115173000000000
0.00500614000000000
0.00628922000000000
0.00465406000000000
0.00144423000000000
-0.00288360000000000
-0.00786134000000000
-0.0115319000000000
-0.0121640000000000
-0.0101520000000000
-0.00630304000000000
-0.000535777000000000
0.00577406000000000
0.00893643000000000
0.00730242000000000
0.00375648000000000
0.00112325000000000
-0.00144330000000000
-0.00487178000000000
-0.00684606000000000
-0.00547940000000000
-0.00274005000000000
-0.000908384000000000
0.000863157000000000
0.00347362000000000
0.00488212000000000
0.00338633000000000
0.000698352000000000
-0.00118121000000000
-0.00297636000000000
-0.00548411000000000
-0.00694014000000000
-0.00564301000000000
-0.00276166000000000
-0.000534410000000000
0.000207809000000000
-0.000414314000000000
-0.00222157000000000
-0.00441504000000000
-0.00569534000000000
-0.00550031000000000
-0.00417362000000000
-0.00196942000000000
0.000982397000000000
0.00406280000000000
0.00636980000000000
0.00725835000000000
0.00649953000000000
0.00445224000000000
0.00205023000000000
-0.000304621000000000
-0.00306875000000000
-0.00588219000000000
-0.00690379000000000
-0.00516305000000000
-0.00211915000000000
0.000750632000000000
0.00384053000000000
0.00725217000000000
0.00897193000000000
0.00748795000000000
0.00437707000000000
0.00187480000000000
-0.000157497000000000
-0.00276791000000000
-0.00518219000000000
-0.00586359000000000
-0.00492518000000000
-0.00344244000000000
-0.00166264000000000
0.000670012000000000
0.00314577000000000
0.00526268000000000
0.00710052000000000
0.00849497000000000
0.00872650000000000
0.00771856000000000
0.00641394000000000
0.00520889000000000
0.00353706000000000
0.00162513000000000
0.00104669000000000
0.00261471000000000
0.00515417000000000
0.00740969000000000
0.00956543000000000
0.0117727000000000
0.0127575000000000
0.0113884000000000
0.00854591000000000
0.00582886000000000
0.00356485000000000
0.00119132000000000
-0.00132314000000000
-0.00374336000000000
-0.00621182000000000
-0.00875969000000000
-0.0110604000000000
-0.0132947000000000
-0.0161618000000000
-0.0190406000000000
-0.0196966000000000
-0.0168873000000000
-0.0122111000000000
-0.00784050000000000
-0.00399326000000000
0.000321631000000000
0.00521275000000000
0.00961945000000000
0.0121918000000000
0.0119525000000000
0.00926520000000000
0.00629841000000000
0.00547778000000000
0.00701709000000000
0.00921813000000000
0.0111522000000000
0.0133842000000000
0.0157713000000000
0.0164790000000000
0.0140070000000000
0.00930997000000000
0.00478248000000000
0.00158207000000000
-0.00174870000000000
-0.00734100000000000
-0.0145280000000000
-0.0195522000000000
-0.0198023000000000
-0.0169120000000000
-0.0141946000000000
-0.0130840000000000
-0.0133464000000000
-0.0148297000000000
-0.0165832000000000
-0.0161063000000000
-0.0118599000000000
-0.00558235000000000
0.000249848000000000
0.00551675000000000
0.0109824000000000
0.0156717000000000
0.0178613000000000
0.0173419000000000
0.0149416000000000
0.0114293000000000
0.00762757000000000
0.00445903000000000
0.00172840000000000
-0.00160738000000000
-0.00530853000000000
-0.00751026000000000
-0.00708933000000000
-0.00503339000000000
-0.00295020000000000
-0.00171404000000000
-0.00174985000000000
-0.00341520000000000
-0.00638446000000000
-0.00921349000000000
-0.0101088000000000
-0.00839464000000000
-0.00500120000000000
-0.00143273000000000
0.00189942000000000
0.00566817000000000
0.00965495000000000
0.0118730000000000
0.0107694000000000
0.00750424000000000
0.00442754000000000
0.00225058000000000
-0.000108311000000000
-0.00329827000000000
-0.00627086000000000
-0.00712892000000000
-0.00472977000000000
0.000150983000000000
0.00505777000000000
0.00752669000000000
0.00708856000000000
0.00528151000000000
0.00357418000000000
0.00217912000000000
0.000739704000000000
-0.000797016000000000
-0.00232954000000000
-0.00385889000000000
-0.00535576000000000
-0.00653272000000000
-0.00678463000000000
-0.00565860000000000
-0.00335546000000000
-0.000673662000000000
0.00192127000000000
0.00462095000000000
0.00739426000000000
0.00947050000000000
0.0101157000000000
0.00931460000000000
0.00727440000000000
0.00431934000000000
0.00116122000000000
-0.00153368000000000
-0.00406650000000000
-0.00714042000000000
-0.0102932000000000
-0.0119139000000000
-0.0110094000000000
-0.00843708000000000
-0.00592572000000000
-0.00430328000000000
-0.00268270000000000
0.000101975000000000
0.00308681000000000
0.00361108000000000
0.000823488000000000
-0.00307739000000000
-0.00641842000000000
-0.0100663000000000
-0.0142285000000000
-0.0162922000000000
-0.0143752000000000
-0.0104800000000000
-0.00721690000000000
-0.00416614000000000
3.60614000000000e-05
0.00432713000000000
0.00670637000000000
0.00712414000000000
0.00675376000000000
0.00607845000000000
0.00516930000000000
0.00465383000000000
0.00507167000000000
0.00614614000000000
0.00729663000000000
0.00828968000000000
0.00930456000000000
0.0106706000000000
0.0120683000000000
0.0121617000000000
0.0100308000000000
0.00673578000000000
0.00388583000000000
0.00146422000000000
-0.00145056000000000
-0.00466880000000000
-0.00733491000000000
-0.00934470000000000
-0.0105703000000000
-0.0101003000000000
-0.00775329000000000
-0.00505623000000000
-0.00294681000000000
-0.000513773000000000
0.00245873000000000
0.00398099000000000
0.00267792000000000
-2.48613000000000e-05
-0.00234150000000000
-0.00441998000000000
-0.00661268000000000
-0.00761699000000000
-0.00624508000000000
-0.00348921000000000
-0.00103573000000000
0.000879828000000000
0.00304606000000000
0.00569364000000000
0.00831592000000000
0.0102847000000000
0.0110526000000000
0.0104013000000000
0.00853973000000000
0.00583750000000000
0.00263624000000000
-0.000283320000000000
-0.00164667000000000
-0.000660195000000000
0.00212617000000000
0.00506835000000000
0.00650826000000000
0.00577553000000000
0.00350874000000000
0.000956928000000000
-0.00133387000000000
-0.00370616000000000
-0.00611812000000000
-0.00754622000000000
-0.00721544000000000
-0.00569272000000000
-0.00405570000000000
-0.00269436000000000
-0.00128748000000000
0.000363461000000000
0.00197815000000000
0.00310502000000000
0.00347385000000000
0.00304984000000000
0.00188237000000000
0.000238734000000000
-0.00140240000000000
-0.00274144000000000
-0.00407800000000000
-0.00586760000000000
-0.00762896000000000
-0.00795086000000000
-0.00599340000000000
-0.00260745000000000
0.000730056000000000
0.00341636000000000
0.00592703000000000
0.00883764000000000
0.0119410000000000
0.0142995000000000
0.0150643000000000
0.0141953000000000
0.0121138000000000
0.00926983000000000
0.00613255000000000
0.00327906000000000
0.000750964000000000
-0.00200547000000000
-0.00510871000000000
-0.00787214000000000
-0.0100787000000000
-0.0125105000000000
-0.0150944000000000
-0.0160623000000000
-0.0141791000000000
-0.0107663000000000
-0.00780654000000000
-0.00543726000000000
-0.00262397000000000
0.000662325000000000
0.00348612000000000
0.00538979000000000
0.00640129000000000
0.00627093000000000
0.00476133000000000
0.00246105000000000
0.000261733000000000
-0.00139869000000000
-0.00217070000000000
-0.00150219000000000
0.000541619000000000
0.00291632000000000
0.00480826000000000
0.00625048000000000
0.00700628000000000
0.00620263000000000
0.00381513000000000
0.00120675000000000
-0.000910622000000000
-0.00340270000000000
-0.00635375000000000
-0.00764524000000000
-0.00557525000000000
-0.00137508000000000
0.00259349000000000
0.00535908000000000
0.00675638000000000
0.00624739000000000
0.00392449000000000
0.00123639000000000
-0.000933003000000000
-0.00334365000000000
-0.00621768000000000
-0.00771617000000000
-0.00626769000000000
-0.00293947000000000
3.66981000000000e-05
0.00165246000000000
0.00202330000000000
0.00125005000000000
-0.000495142000000000
-0.00255829000000000
-0.00439327000000000
-0.00591738000000000
-0.00685656000000000
-0.00656869000000000
-0.00499788000000000
-0.00305887000000000
-0.00147140000000000
-5.37359000000000e-05
0.00150096000000000
0.00287572000000000
0.00354108000000000
0.00332791000000000
0.00228740000000000
0.000662896000000000
-0.00103496000000000
-0.00240355000000000
-0.00371774000000000
-0.00545802000000000
-0.00720525000000000
-0.00778339000000000
-0.00664548000000000
-0.00453999000000000
-0.00246020000000000
-0.000677822000000000
0.00109369000000000
0.00295283000000000
0.00465599000000000
0.00609705000000000
0.00768483000000000
0.00986565000000000
0.0120722000000000
0.0128524000000000
0.0114655000000000
0.00888317000000000
0.00645114000000000
0.00445934000000000
0.00251283000000000
0.000522486000000000
-0.00152411000000000
-0.00391500000000000
-0.00641163000000000
-0.00784976000000000
-0.00744867000000000
-0.00599116000000000
-0.00470106000000000
-0.00378673000000000
-0.00272623000000000
-0.00137245000000000
4.74227000000000e-05
0.00146653000000000
0.00298871000000000
0.00459162000000000
0.00609512000000000
0.00725773000000000
0.00772010000000000
0.00722385000000000
0.00593343000000000
0.00441905000000000
0.00315125000000000
0.00225197000000000
0.00169182000000000
0.00149717000000000
0.00171327000000000
0.00228277000000000
0.00298979000000000
0.00346120000000000
0.00319339000000000
0.00177571000000000
-0.000804039000000000
-0.00403332000000000
-0.00717885000000000
-0.00959089000000000
-0.0107154000000000
-0.0102446000000000
-0.00841625000000000
-0.00603377000000000
-0.00372947000000000
-0.00159257000000000
0.000414970000000000
0.00205108000000000
0.00305408000000000
0.00337746000000000
0.00299381000000000
0.00202569000000000
0.00106513000000000
0.000867479000000000
0.00160368000000000
0.00285620000000000
0.00431965000000000
0.00598136000000000
0.00755602000000000
0.00822793000000000
0.00727162000000000
0.00500005000000000
0.00268347000000000
0.00126417000000000
8.99122000000000e-05
-0.00226702000000000
-0.00562295000000000
-0.00774789000000000
-0.00709404000000000
-0.00479444000000000
-0.00289031000000000
-0.00196989000000000
-0.00164559000000000
-0.00212301000000000
-0.00389038000000000
-0.00650478000000000
-0.00892485000000000
-0.0106019000000000
-0.0114763000000000
-0.0114470000000000
-0.0105518000000000
-0.00928141000000000
-0.00812066000000000
-0.00717993000000000
-0.00635135000000000
-0.00551675000000000
-0.00452741000000000
-0.00336465000000000
-0.00220057000000000
-0.00112031000000000
-1.60360000000000e-05
0.00114046000000000
0.00224858000000000
0.00333733000000000
0.00449245000000000
0.00558359000000000
0.00638778000000000
0.00687632000000000
0.00689005000000000
0.00596971000000000
0.00399094000000000
0.00169290000000000
-0.000255227000000000
-0.00215342000000000
-0.00441187000000000
-0.00637420000000000
-0.00696476000000000
-0.00607845000000000
-0.00432204000000000
-0.00213482000000000
9.61482000000000e-05
0.00172315000000000
0.00251584000000000
0.00283343000000000
0.00245935000000000
0.000595165000000000
-0.00222867000000000
-0.00382339000000000
-0.00308619000000000
-0.00139746000000000
-0.000180295000000000
0.000985484000000000
0.00256717000000000
0.00337746000000000
0.00224981000000000
-5.34696000000000e-05
-0.00210395000000000
-0.00368115000000000
-0.00526469000000000
-0.00670429000000000
-0.00740390000000000
-0.00713772000000000
-0.00604828000000000
-0.00446775000000000
-0.00284269000000000
-0.00149833000000000
-0.000344082000000000
0.000863698000000000
0.00222836000000000
0.00375254000000000
0.00534372000000000
0.00678911000000000
0.00813300000000000
0.00978538000000000
0.0115389000000000
0.0121794000000000
0.0109631000000000
0.00885385000000000
0.00715099000000000
0.00585873000000000
0.00434689000000000
0.00270123000000000
0.00126919000000000
-0.000159812000000000
-0.00179439000000000
-0.00331124000000000
-0.00463677000000000
-0.00629555000000000
-0.00809519000000000
-0.00867942000000000
-0.00721520000000000
-0.00462851000000000
-0.00221809000000000
-0.000187164000000000
0.00197838000000000
0.00448635000000000
0.00707574000000000
0.00923047000000000
0.0102701000000000
0.00979233000000000
0.00801183000000000
0.00558343000000000
0.00314546000000000
0.00129628000000000
0.000483527000000000
0.000679536000000000
0.00148182000000000
0.00243720000000000
0.00295468000000000
0.00241374000000000
0.000967579000000000
-0.000445633000000000
-0.00148313000000000
-0.00277524000000000
-0.00422109000000000
-0.00439459000000000
-0.00249910000000000
0.000453158000000000
0.00339397000000000
0.00643864000000000
0.00940258000000000
0.0107378000000000
0.00929993000000000
0.00614405000000000
0.00315179000000000
0.000865859000000000
-0.00153013000000000
-0.00456206000000000
-0.00749930000000000
-0.00895418000000000
-0.00833444000000000
-0.00656838000000000
-0.00490303000000000
-0.00355913000000000
-0.00228940000000000
-0.00168186000000000
-0.00258453000000000
-0.00462195000000000
-0.00656406000000000
-0.00771262000000000
-0.00779342000000000
-0.00636648000000000
-0.00354192000000000
-0.000445154000000000
0.00234212000000000
0.00548573000000000
0.00889398000000000
0.0107146000000000
0.00976763000000000
0.00737296000000000
0.00514668000000000
0.00294781000000000
0.000452764000000000
-0.00104013000000000
-0.000317818000000000
0.00166820000000000
0.00328647000000000
0.00444838000000000
0.00595489000000000
0.00776178000000000
0.00922430000000000
0.0100100000000000
0.00974911000000000
0.00797633000000000
0.00502320000000000
0.00201041000000000
-0.000763930000000000
-0.00401556000000000
-0.00742868000000000
-0.00904062000000000
-0.00761861000000000
-0.00441380000000000
-0.00147911000000000
0.000383497000000000
0.00130724000000000
0.00121162000000000
9.01978000000000e-07
-0.00179979000000000
-0.00359633000000000
-0.00535421000000000
-0.00707929000000000
-0.00822176000000000
-0.00824646000000000
-0.00729979000000000
-0.00576550000000000
-0.00385874000000000
-0.00182155000000000
7.30195000000000e-06
0.00171536000000000
0.00372198000000000
0.00582184000000000
0.00702350000000000
0.00678347000000000
0.00581265000000000
0.00499032000000000
0.00428476000000000
0.00324487000000000
0.00196811000000000
0.000842551000000000
-8.86697000000000e-05
-0.000979001000000000
-0.00183390000000000
-0.00274514000000000
-0.00393561000000000
-0.00523930000000000
-0.00617886000000000
-0.00682847000000000
-0.00783201000000000
-0.00908847000000000
-0.00940335000000000
-0.00792385000000000
-0.00525959000000000
-0.00251939000000000
-0.000125329000000000
0.00214917000000000
0.00450665000000000
0.00680940000000000
0.00860919000000000
0.00925594000000000
0.00831823000000000
0.00591028000000000
0.00275386000000000
-0.000203009000000000
-0.00224047000000000
-0.00310193000000000
-0.00276227000000000
-0.00135463000000000
0.000239336000000000
0.000265963000000000
-0.00241605000000000
-0.00645878000000000
-0.00869332000000000
-0.00719143000000000
-0.00309383000000000
0.000963720000000000
0.00336920000000000
0.00418242000000000
0.00393893000000000
0.00249686000000000
-0.000355427000000000
-0.00346012000000000
-0.00475045000000000
-0.00362628000000000
-0.00155112000000000
0.000503779000000000
0.00341049000000000
0.00744303000000000
0.0104036000000000
0.0102454000000000
0.00797633000000000
0.00588057000000000
0.00447493000000000
0.00292875000000000
0.00112965000000000
-0.000556846000000000
-0.00231811000000000
-0.00413774000000000
-0.00506156000000000