3.4931e-005
2.1995e-005
3.9997e-005
2.6038e-005
4.2575e-005
1.9807e-005
2.1515e-005
4.3328e-006
1.8947e-005
1.8533e-005
6.8696e-005
6.6135e-005
6.2189e-005
1.9422e-005
3.2799e-005
-2.374e-005
-3.9276e-005
-4.8109e-005
-4.3913e-005
-6.6461e-005
-0.00013681
-0.00020981
-0.00020332
-0.00013686
6.5864e-005
4.8634e-005
0.00015756
0.00024677
0.00023534
0.00024154
0.00013273
-9.9847e-006
3.5888e-005
0.00024007
0.00030917
0.00036715
0.00062896
0.00041358
-1.4262e-005
-0.00045203
-0.00076797
-0.00087096
-0.00061223
-0.00014155
0.00064995
0.0010009
0.0013987
0.0019287
0.0016892
0.0010263
0.00042825
0.00012345
-0.0010526
-0.0026787
-0.0041289
-0.0052615
-0.0055314
-0.0053174
-0.0039363
-0.0023445
-0.0015961
-0.00070703
-0.00021796
0.00088379
0.0018421
0.0031336
0.0051424
0.0077344
0.009205
0.0090884
0.0081476
0.0061484
0.002263
-0.002126
-0.0040769
-0.004141
-0.0043052
-0.0039448
-0.0031556
-0.0031959
-0.0048059
-0.0059484
-0.0064584
-0.0068017
-0.0058467
-0.0042451
-0.00062118
0.0030124
0.0058441
0.0092331
0.011114
0.011638
0.011963
0.01026
0.0057773
-0.0018913
-0.010144
-0.01149
-0.0074436
-0.0035493
0.00071778
0.00046342
-0.0038058
-0.0072816
-0.0092224
-0.0087154
-0.0075899
-0.0058248
-0.0038386
-0.0039415
-0.0053878
-0.0055215
-0.0054637
-0.0043411
-0.0029108
0.0027642
0.010697
0.018091
0.026597
0.02861
0.026825
0.026573
0.025688
0.021336
0.016608
0.0083265
-0.0015034
-0.010882
-0.017114
-0.019675
-0.020522
-0.020586
-0.020176
-0.021744
-0.02128
-0.022473
-0.023394
-0.021554
-0.016682
-0.0030794
0.015855
0.026561
0.026893
0.02202
0.01692
0.01058
0.0060106
-0.0019195
-0.0083157
-0.012427
-0.012637
-0.010792
-0.0086184
-0.0038904
0.001099
0.0013636
0.004304
0.011026
0.015728
0.018804
0.020124
0.016486
0.0081558
0.0021413
-0.0034683
-0.0098201
-0.012518
-0.013792
-0.010734
-0.0066701
-0.0015317
0.0042876
0.0071979
0.0091822
0.010176
0.0062716
0.0010078
-0.0036792
-0.0066999
-0.0082898
-0.008274
-0.009494
-0.013258
-0.014304
-0.013436
-0.011763
-0.0086046
-0.0098497
-0.0092584
-0.0069765
-0.00051297
0.0079545
0.017193
0.022547
0.023851
0.021731
0.017111
0.014035
0.011411
0.0082846
0.0053541
0.00033455
-0.0071234
-0.011916
-0.012334
-0.0119
-0.0032429
-0.0015464
-0.0033372
-0.002526
-0.002311
-0.0022889
-0.0026319
-0.0038033
-0.005635
-0.0076832
-0.011053
-0.0081411
-0.002387
-0.0062275
-0.011901
-0.016796
-0.02088
-0.019185
-0.015528
-0.01088
-0.0054712
-0.0016142
0.00079372
0.0014776
0.0014294
0.0014914
0.0026247
0.0049898
0.0088526
0.014094
0.022025
0.029102
0.032102
0.032652
0.029932
0.022982
0.012695
0.0058637
-0.0012715
-0.0089081
-0.013527
-0.016478
-0.01973
-0.019588
-0.019092
-0.016454
-0.015502
-0.018908
-0.023782
-0.024005
-0.017688
-0.013759
-0.0041166
0.0042328
0.0059309
0.0077937
0.0046118
-0.00056338
-0.0062931
-0.014806
-0.019668
-0.019428
-0.015297
-0.0088837
-0.0028497
0.00079671
-0.0018815
-0.0092377
-0.017181
-0.023505
-0.025616
-0.026775
-0.02312
-0.019492
-0.016654
-0.010658
0.00063926
0.018532
0.037479
0.063811
0.088243
0.092152
0.09393
0.096051
0.096125
0.09664
0.098111
0.099352
0.10354
0.1054
0.10591
0.1054
0.10157
0.095615
0.082546
0.032996
-0.0064634
-0.012145
-0.016369
-0.013986
-0.0073868
0.020683
0.097026
0.1455
0.14128
0.13933
0.13688
0.12679
0.10205
0.050412
0.00037525
-0.048032
-0.082294
-0.092569
-0.10101
-0.11273
-0.13171
-0.16731
-0.20525
-0.21865
-0.2142
-0.21422
-0.21116
-0.20342
-0.19323
-0.17273
-0.11056
0.0090709
0.13373
0.18576
0.22274
0.25845
0.2181
0.1091
0.014923
-0.071981
-0.13552
-0.15426
-0.15749
-0.14964
-0.13353
-0.1301
-0.12654
-0.10334
-0.013887
0.078751
0.14346
0.17475
0.15336
0.10477
0.010212
-0.099293
-0.20051
-0.21636
-0.17924
-0.2013
-0.2227
-0.20129
-0.18504
-0.18653
-0.19691
-0.21276
-0.22094
-0.22173
-0.21541
-0.20379
-0.18084
-0.11351
-0.04768
0.013725
0.075366
0.13779
0.16189
0.15566
0.15274
0.13947
0.11732
0.094137
0.080668
0.07816
0.080992
0.093849
0.11278
0.13034
0.14346
0.15453
0.15851
0.15654
0.15173
0.14451
0.13559
0.12599
0.12032
0.098458
0.04367
-0.01084
-0.067302
-0.077139
-0.052277
-0.048109
-0.049088
-0.033373
-0.011916
0.013965
0.05948
0.080447
0.048058
0.0013024
-0.03922
-0.078819
-0.10588
-0.1158
-0.12046
-0.12286
-0.12143
-0.11803
-0.11224
-0.1018
-0.078151
-0.058955
-0.043537
-0.027699
-0.017281
-0.011499
-0.007247
-0.0013469
0.0062467
0.018409
0.035191
0.065648
0.10158
0.1309
0.1501
0.16515
0.18054
0.18971
0.19437
0.19428
0.19113
0.18362
0.17276
0.16083
0.13687
0.084968
0.03429
0.016563
0.0055393
-0.036094
-0.063807
-0.10439
-0.17193
-0.2121
-0.21206
-0.20381
-0.19602
-0.16084
-0.09352
-0.03199
0.022182
0.080559
0.11912
0.13838
0.15248
0.15565
0.16883
0.21493
0.2293
0.20704
0.17299
0.13348
0.11159
0.11272
0.11416
0.10282
0.090755
0.085391
0.077002
0.070177
0.067662
0.065052
0.063446
0.063306
0.063632
0.063351
0.063233
0.060119
0.058429
0.029757
-0.021819
-0.037466
-0.037005
-0.055598
-0.077557
-0.089059
-0.11084
-0.13757
-0.15096
-0.16176
-0.14265
-0.1392
-0.16091
-0.17488
-0.19615
-0.22198
-0.23953
-0.24088
-0.23452
-0.2285
-0.21748
-0.19716
-0.16065
-0.13186
-0.11608
-0.1079
-0.10882
-0.11014
-0.10704
-0.095564
-0.089917
-0.084033
-0.075665
-0.065987
-0.056441
-0.048451
-0.035849
-0.021778
-0.0096787
0.0025878
0.016935
0.040109
0.071713
0.092597
0.097174
0.095437
0.090106
0.091938
0.10447
0.11441
0.11989
0.12354
0.12577
0.13063
0.13718
0.14991
0.1625
0.16929
0.17291
0.17454
0.17226
0.16769
0.16094
0.15146
0.139
0.1074
0.05362
0.0081453
-0.040259
-0.06681
-0.052062
-0.050145
-0.063436
-0.063444
-0.053256
-0.03931
-0.025843
-0.0015236
0.01182
0.010845
0.0038734
-0.01253
-0.038561
-0.053363
-0.056707
-0.060509
-0.073756
-0.082138
-0.098691
-0.11354
-0.11135
-0.099953
-0.079804
-0.061421
-0.0213
0.030773
0.047338
0.052209
0.053556
0.046868
0.021691
0.00039828
-0.027603
-0.061963
-0.07876
-0.089547
-0.10887
-0.11738
-0.11375
-0.10206
-0.10081
-0.10539
-0.10215
-0.06945
-0.033891
-0.023722
-0.018511
-0.0089765
-0.0074089
-0.010623
-0.022927
-0.036005
-0.076937
-0.10106
-0.10678
-0.11907
-0.12359
-0.12197
-0.11711
-0.11295
-0.097165
-0.080391
-0.064656
-0.055055
-0.025048
0.0017354
0.020499
0.045205
0.076538
0.10761
0.14026
0.1738
0.22255
0.27379
0.32388
0.34943
0.34286
0.35226
0.34967
0.33597
0.33916
0.31976
0.27664
0.23589
0.20996
0.16711
0.11585
0.089549
0.074509
0.021931
0.00030641
-0.0025671
-0.01013
-0.0054666
0.0011763
0.0076703
0.0085388
0.00691
-0.0016339
-0.014724
-0.047341
-0.086462
-0.12947
-0.17573
-0.19696
-0.21547
-0.25006
-0.26171
-0.25127
-0.24075
-0.23154
-0.22338
-0.21767
-0.21237
-0.21177
-0.21348
-0.21493
-0.21238
-0.20773
-0.19646
-0.18429
-0.17183
-0.16057
-0.12809
-0.06344
-0.022803
-0.0047098
0.017156
0.037117
0.054215
0.073884
0.10084
0.12548
0.14087
0.14569
0.14338
0.14143
0.10526
0.041504
-0.00047866
0.0062592
0.014664
0.046206
0.10559
0.12603
0.1282
0.13545
0.14536
0.14384
0.14
0.13594
0.13096
0.12058
0.11408
0.11367
0.12077
0.12848
0.13954
0.14397
0.14088
0.13634
0.10129
0.0431
-0.0056498
-0.056379
-0.10561
-0.1483
-0.16277
-0.18004
-0.18974
-0.20798
-0.22219
-0.23324
-0.23112
-0.22103
-0.13248
0.0015826
0.1229
0.14163
0.12778
0.14159
0.14589
0.1443
0.14556
0.14618
0.14179
0.13237
0.12567
0.088957
0.065917
0.061166
0.050662
0.039738
0.010135
-0.017679
-0.021379
-0.019717
-0.014879
-0.0061485
0.0050066
0.0092911
0.0075475
0.0014436
-0.010249
-0.026806
-0.046115
-0.065443
-0.083524
-0.10065
-0.10805
-0.12323
-0.14714
-0.14784
-0.14327
-0.14217
-0.13806
-0.13704
-0.13525
-0.13264
-0.12823
-0.13143
-0.13616
-0.14435
-0.1419
-0.14411
-0.14303
-0.13766
-0.12782
-0.12236
-0.094636
-0.058551
0.060496
0.13735
0.16193
0.20448
0.26308
0.32053
0.33731
0.33932
0.37967
0.41089
0.41578
0.40909
0.35935
0.29192
0.2816
0.27902
0.25977
0.24844
0.2366
0.22623
0.21484
0.21827
0.19609
0.15141
0.10831
0.078731
0.04906
0.0079807
-0.03421
-0.065398
-0.087996
-0.11046
-0.13455
-0.14695
-0.17476
-0.20844
-0.21937
-0.21803
-0.21672
-0.208
-0.19645
-0.18818
-0.18437
-0.17951
-0.17705
-0.17632
-0.17803
-0.17859
-0.17946
-0.1791
-0.18182
-0.18406
-0.1886
-0.19679
-0.22189
-0.25046
-0.27397
-0.2837
-0.28515
-0.28897
-0.29206
-0.28973
-0.2831
-0.27843
-0.27523
-0.27372
-0.2744
-0.27887
-0.28051
-0.27259
-0.26423
-0.25421
-0.23621
-0.20814
-0.18287
-0.15876
-0.13996
-0.12433
-0.10834
-0.089859
-0.068051
-0.050283
-0.03112
-0.011896
0.0028364
0.012966
0.017857
0.028105
0.043104
0.057343
0.071571
0.090331
0.10098
0.11225
0.12631
0.1399
0.15124
0.15968
0.16568
0.17072
0.17493
0.17797
0.1781
0.17374
0.16635
0.15728
0.14373
0.13226
0.12266
0.11624
0.10999
0.11056
0.11474
0.12353
0.13361
0.14634
0.15865
0.17159
0.1885
0.23815
0.25395
0.25377
0.25773
0.25714
0.26028
0.3072
0.35891
0.31764
0.20045
0.16803
0.26077
0.27026
0.20082
0.18098
0.1711
0.16058
0.15652
0.1565
0.1567
0.16741
0.14958
0.12122
0.11384
0.10599
0.097532
0.091461
0.084163
0.073279
0.058753
0.042783
0.014931
-0.011334
-0.035079
-0.056943
-0.072552
-0.084975
-0.11104
-0.13725
-0.17097
-0.20481
-0.21927
-0.2264
-0.23169
-0.23611
-0.23909
-0.24148
-0.23844
-0.2341
-0.23263
-0.22821
-0.2218
-0.21658
-0.21107
-0.20542
-0.19687
-0.18957
-0.17869
-0.1631
-0.14993
-0.13283
-0.11424
-0.099914
-0.083424
-0.066886
-0.064256
-0.070063
-0.071505
-0.061312
-0.048386
-0.038097
-0.026608
-0.016065
-0.0044859
0.014585
0.030283
0.044936
0.060262
0.073643
0.086199
0.09796
0.11156
0.13351
0.14535
0.14398
0.14639
0.15235
0.20528
0.20773
0.19008
0.20977
0.20422
0.18604
0.18226
0.18485
0.17647
0.16546
0.14956
0.12903
0.099817
0.076283
0.061087
0.050414
0.041559
0.03396
0.024268
0.010267
-0.0094754
-0.044008
-0.085733
-0.10063
-0.1198
-0.13105
-0.13114
-0.12824
-0.125
-0.11941
-0.11415
-0.10681
-0.10047
-0.097607
-0.095791
-0.094558
-0.094337
-0.095513
-0.094275
-0.094578
-0.093551
-0.090275
-0.088337
-0.088554
-0.090913
-0.083228
-0.070277
-0.046849
-0.029069
-0.020183
0.0046442
0.033458
0.047465
0.062746
0.083336
0.10199
0.11762
0.13725
0.16019
0.20242
0.2291
0.23508
0.2385
0.23464
0.22316
0.19404
0.12029
0.086294
0.044962
-0.0065573
-0.0193
-0.011903
-0.0045028
-0.008994
-0.028428
-0.038511
-0.043596
-0.05075
-0.054519
-0.05619
-0.057728
-0.06485
-0.075812
-0.094726
-0.11364
-0.13048
-0.13745
-0.1352
-0.1302
-0.12363
-0.11526
-0.10721
-0.097863
-0.086999
-0.074469
-0.066192
-0.062614
-0.059817
-0.056296
-0.051661
-0.04416
-0.033047
-0.01997
-0.0010103
0.029727
0.046588
0.050234
0.05279
0.055985
0.055598
0.057875
0.059781
0.060737
0.061376
0.061776
0.057409
0.053451
0.049292
0.046843
0.047407
0.050739
0.056902
0.066523
0.07692
0.084311
0.088415
0.089898
0.085523
0.077987
0.071976
0.063652
0.057704
0.056189
0.055425
0.056568
0.059572
0.061338
0.057799
0.051371
0.03749
0.012427
-0.022775
-0.044681
-0.055617
-0.065274
-0.073215
-0.078131
-0.085527
-0.090882
-0.095003
-0.098986
-0.099987
-0.097998
-0.096071
-0.093952
-0.093181
-0.092187
-0.093553
-0.096607
-0.098548
-0.099527
-0.10339
-0.10886
-0.1146
-0.11863
-0.12364
-0.12735
-0.12664
-0.12333
-0.12319
-0.12139
-0.1172
-0.11614
-0.11794
-0.11959
-0.12059
-0.12215
-0.12181
-0.11857
-0.11197
-0.10645
-0.098902
-0.08625
-0.074852
-0.066031
-0.055727
-0.045028
-0.035098
-0.02594
-0.012937
0.0021236
0.017958
0.030867
0.044143
0.058449
0.068362
0.081458
0.096117
0.10799
0.11806
0.12727
0.13404
0.14023
0.1492
0.1621
0.17497
0.18467
0.18928
0.189
0.18733
0.18325
0.17584
0.16795
0.16092
0.15271
0.14595
0.13978
0.13474
0.12944
0.12208
0.11047
0.093466
0.081245
0.074807
0.070932
0.068676
0.06445
0.058463
0.052525
0.045638
0.039276
0.034404
0.028085
0.021519
0.013768
0.0044838
-0.0057807
-0.015458
-0.023162
-0.032165
-0.04239
-0.052378
-0.059823
-0.065365
-0.071818
-0.076622
-0.079339
-0.08204
-0.085772
-0.086722
-0.08713
-0.088479
-0.090553
-0.092866
-0.098142
-0.10235
-0.10742
-0.11261
-0.11744
-0.11832
-0.1172
-0.11966
-0.11752
-0.11426
-0.11109
-0.10638
-0.097516
-0.083395
-0.049065
-0.032224
-0.027078
-0.019342
-0.01702
-0.013333
-0.011128
-0.0077404
-0.0020229
0.0042901
0.013528
0.023457
0.033514
0.04435
0.054738
0.063381
0.067546
0.068734
0.070207
0.068281
0.062217
0.059245
0.052087
0.042807
0.034212
0.026896
0.02265
0.019813
0.020548
0.022308
0.021616
0.020937
0.017787
0.014031
0.013021
0.011266
0.010484
0.010363
0.0099653
0.010058
0.012384
0.017949
0.023406
0.027592
0.032123
0.035363
0.036352
0.038757
0.041708
0.045423
0.048901
0.050558
0.051202
0.053416
0.054594
0.055579
0.057598
0.057882
0.058631
0.058375
0.05655
0.054719
0.051832
0.043978
0.036113
0.027262
0.016994
0.0060106
-0.0026839
-0.0093424
-0.013562
-0.014616
-0.015042
-0.017533
-0.01927
-0.020171
-0.022868
-0.02742
-0.033825
-0.038577
-0.042983
-0.047333
-0.049632
-0.049205
-0.048088
-0.046482
-0.042963
-0.039889
-0.036857
-0.036029
-0.035171
-0.036895
-0.03996
-0.043333
-0.048108
-0.053954
-0.057584
-0.06438
-0.070159
-0.076978
-0.082491
-0.087326
-0.09435
-0.097521
-0.099829
-0.10083
-0.09828
-0.094144
-0.087272
-0.077357
-0.064773
-0.050472
-0.037787
-0.029731
-0.024316
-0.019497
-0.014633
-0.011169
-0.0084
-0.006739
-0.0064856
-0.0051432
-0.0022837
-0.0004212
-0.00030812
0.0016491
0.0032483
0.0048401
0.0051093
0.0054002
0.0074471
0.0099435
0.010059
0.010052
0.010261
0.010104
0.0071394
0.0048641
0.002707
0.0026461
0.0032357
0.003395
0.0065239
0.010798
0.014567
0.020708
0.026354
0.026554
0.026087
0.024178
0.020133
0.016102
0.014931
0.014518
0.012633
0.013675
0.015004
0.014865
0.016679
0.02008
0.022831
0.022454
0.025406
0.028522
0.030123
0.033094
0.038761
0.045366
0.051884
0.059939
0.065156
0.06778
0.07139
0.071064
0.068604
0.065411
0.060441
0.055178
0.049609
0.043607
0.039027
0.037829
0.039301
0.040718
0.044175
0.049566
0.05372
0.057111
0.06044
0.063814
0.065419
0.064101
0.059709
0.052896
0.042734
0.03156
0.017232
0.0010675
-0.012681
-0.026207
-0.04101
-0.053985
-0.060481
-0.066652
-0.071631
-0.073689
-0.074197
-0.072226
-0.068762
-0.06347
-0.053367
-0.038906
-0.025812
-0.015602
-0.0075413
-0.0023444
-0.00048744
-0.00028505
-0.00024558
-0.00034739
-0.0025038
-0.0045064
-0.0043453
-0.0041399
-0.002862
-0.001991
-0.0020282
-0.0034942
-0.0062042
-0.0086143
-0.013547
-0.015849
-0.015636
-0.015047
-0.014097
-0.0096393
-0.0056799
0.0009263
0.0077819
0.013772
0.018121
0.023163
0.027
0.029618
0.029493
0.026555
0.020881
0.016917
0.012345
0.0071452
0.0042285
0.0017117
0.00042881
0.0019276
0.0032661
0.0069526
0.012122
0.01647
0.02089
0.023439
0.024737
0.023533
0.020298
0.017102
0.012562
0.0050185
-0.00082222
-0.0064816
-0.014035
-0.019877
-0.022546
-0.024527
-0.027653
-0.031905
-0.036146
-0.038682
-0.043425
-0.051368
-0.05774
-0.062105
-0.06558
-0.066864
-0.064561
-0.061323
-0.057427
-0.0493
-0.041665
-0.033387
-0.023691
-0.016983
-0.0064073
0.00075398
0.0055525
0.0096574
0.0099437
0.010003
0.0095794
0.0067345
0.0024422
0.00047759
0.0017065
0.0044683
0.0096776
0.015143
0.018584
0.023878
0.027141
0.031293
0.032661
0.035741
0.040224
0.045163
0.048902
0.049844
0.047954
0.044543
0.038601
0.033356
0.029197
0.024368
0.020869
0.019919
0.019455
0.01854
0.017948
0.014352
0.0097225
0.0027886
-0.0052145
-0.011066
-0.017325
-0.022947
-0.027571
-0.030212
-0.029661
-0.028848
-0.029781
-0.027604
-0.024695
-0.022354
-0.01919
-0.017232
-0.014303
-0.011084
-0.0057932
-0.0015924
0.0032904
0.0080109
0.011882
0.015786
0.016699
0.017412
0.019731
0.024349
0.02849
0.029822
0.030949
0.030938
0.027622
0.026836
0.024361
0.021583
0.019864
0.018067
0.016008
0.014784
0.013436
0.010069
0.0070778
0.004703
0.0014072
-0.0021853
-0.0045834
-0.0072151
-0.0097097
-0.013354
-0.018602
-0.024552
-0.03116
-0.039259
-0.044606
-0.047841
-0.049821
-0.047775
-0.042777
-0.0379
-0.030871
-0.022576
-0.014265
-0.0052724
0.0010523
0.0074159
0.0111
0.016425
0.022015
0.02618
0.030508
0.034843
0.03715
0.03695
0.037891
0.039224
0.038025
0.03805
0.03672
0.034607
0.033306
0.030732
0.029716
0.028903
0.02948
0.029632
0.030108
0.029332
0.028148
0.027286
0.026555
0.024403
0.02058
0.018195
0.016536
0.010837
0.0037482
-0.0029142
-0.010446
-0.020289
-0.027087
-0.031427
-0.038171
-0.041689
-0.044608
-0.045535
-0.044401
-0.043542
-0.041248
-0.036258
-0.033107
-0.028491
-0.024702
-0.021712
-0.019669
-0.020692
-0.024239
-0.027567
-0.032718
-0.039587
-0.046064
-0.049804
-0.053124
-0.052671
-0.051141
-0.050018
-0.048601
-0.044047
-0.039038
-0.034421
-0.029657
-0.023628
-0.017954
-0.016504
-0.016208
-0.01531
-0.014652
-0.014196
-0.013213
-0.0093443
-0.0044692
0.0017628
0.00718
0.011831
0.017049
0.020729
0.020862
0.0202
0.018807
0.01405
0.0089163
0.0041761
0.0028915
0.00034466
-0.00061419
0.0011703
0.0046785
0.008291
0.01189
0.014196
0.016331
0.016869
0.016484
0.015485
0.01368
0.013427
0.01314
0.011409
0.0099783
0.0085019
0.0081268
0.0054728
0.00027977
-0.00093962
-0.0020348
-0.0012483
0.0012515
0.0053079
0.010424
0.014089
0.015034
0.01602
0.015941
0.015497
0.015216
0.01486
0.014586
0.014254
0.013958
0.013556
0.013079
0.014186
0.016831
0.016504
0.017296
0.01931
0.020196
0.022511
0.023574
0.022618
0.020931
0.018691
0.015095
0.010024
0.0055334
0.0028782
-0.0010038
-0.0029095
-0.0040078
-0.0037574
-0.00096214
4.1693e-005
0.0012394
0.0017593
0.0018028
-0.00026589
-0.0028398
-0.0025847
-0.002145
-0.00013723
0.0053471
0.011526
0.017209
0.022803
0.026724
0.029259
0.031681
0.032317
0.032381
0.031511
0.028529
0.024565
0.019146
0.01352
0.0066784
-0.0011836
-0.0069387
-0.011626
-0.016664
-0.022534
-0.029618
-0.034879
-0.038314
-0.041211
-0.043222
-0.043637
-0.042186
-0.039987
-0.036854
-0.030163
-0.023091
-0.017821
-0.012548
-0.0056986
-0.0014903
0.0015522
0.0016204
0.0029268
0.0042033
0.0055505
0.0057453
0.0060747
0.0074035
0.0072449
0.006869
0.0068226
0.0064223
0.0063196
0.0060319
0.0072754
0.0084504
0.01093
0.012016
0.014435
0.019362
0.023668
0.028008
0.033574
0.037977
0.042545
0.047812
0.051289
0.054783
0.057832
0.058749
0.059624
0.057083
0.051285
0.045319
0.035322
0.025965
0.01864
0.012856
0.0069368
0.0013171
-0.0035404
-0.0072769
-0.011471
-0.014157
-0.01819
-0.02321
-0.02811
-0.031675
-0.034981
-0.038095
-0.041062
-0.042408
-0.044324
-0.045181
-0.045206
-0.04431
-0.041717
-0.040418
-0.039806
-0.038849
-0.039178
-0.039607
-0.040631
-0.043997
-0.046458
-0.050046
-0.053888
-0.05582
-0.05552
-0.056894
-0.053189
-0.046394
-0.037826
-0.025462
-0.014797
-0.0066094
-0.00035032
0.0025843
0.0036526
0.002139
-0.00076498
-0.0041477
-0.004478
-0.0059471
-0.0085358
-0.0049739
-0.0029565
-0.00068513
0.0026179
0.0049792
0.0098057
0.013065
0.01507
0.016544
0.0181
0.020284
0.019775
0.019419
0.020622
0.020574
0.019671
0.019391
0.017453
0.016082
0.015882
0.015425
0.014857
0.014485
0.013852
0.011927
0.010416
0.0089969
0.0084114
0.0068623
0.0043199
0.0070596
0.007848
0.0078783
0.010142
0.010844
0.010942
0.012647
0.010284
0.0069708
0.0047679
0.0029823
0.00065916
-0.0012149
-0.003986
-0.0056089
-0.0076446
-0.0085728
-0.0080282
-0.0082215
-0.007962
-0.010331
-0.012271
-0.012286
-0.01501
-0.015848
-0.01483
-0.014657
-0.011435
-0.0096691
-0.010067
-0.0089314
-0.0060175
-0.0046799
-0.004841
-0.0025766
-0.00070985
0.0013938
0.0037003
0.0065314
0.0077186
0.0082111
0.01114
0.01132
0.0093117
0.0081324
0.0077154
0.0065497
0.0073822
0.0075358
0.0069162
0.0065792
0.004387
0.0017864
-0.0018941
-0.0044944
-0.0072277
-0.0088295
-0.01114
-0.014319
-0.015133
-0.017285
-0.019783
-0.022837
-0.024227
-0.027212
-0.029387
-0.029412
-0.030376
-0.03204
-0.031188
-0.030344
-0.028308
-0.027974
-0.028061
-0.027439
-0.028941
-0.02984
-0.028751
-0.030677
-0.031456
-0.029902
-0.029134
-0.028177
-0.028648
-0.030103
-0.029812
-0.028942
-0.029772
-0.028583
-0.028693
-0.025942
-0.023058
-0.01976
-0.015545
-0.012786
-0.0058386
0.00095851
0.0074371
0.013475
0.020324
0.028133
0.032128
0.035392
0.038678
0.041372
0.04257
0.04442
0.043947
0.042798
0.042225
0.041297
0.040364
0.039454
0.038757
0.037867
0.037143
0.036108
0.035472
0.034556
0.036235
0.037548
0.036731
0.038733
0.04045
0.041869
0.042364
0.043417
0.045066
0.046598
0.048924
0.048125
0.046529
0.045383
0.044297
0.042912
0.0424
0.041796
0.039289
0.037993
0.035439
0.031997
0.029519
0.025847
0.022386
0.019375
0.015529
0.0098434
0.0060911
0.0012502
-0.0032445
-0.0070853
-0.012105
-0.015227
-0.017754
-0.022284
-0.027238
-0.030276
-0.033563
-0.035906
-0.03642
-0.03857
-0.038241
-0.03705
-0.036395
-0.033417
-0.028552
-0.024284
-0.019341
-0.012822
-0.0080542
-0.0056723
-0.0034764
-0.0037079
-0.0053178
-0.0063089
-0.0087626
-0.011417
-0.014832
-0.015116
-0.014532
-0.013314
-0.010488
-0.0095642
-0.0092098
-0.0072963
-0.0069982
-0.0057761
-0.0043596
-0.00268
-0.00069023
0.0009249
0.0045522
0.0072154
0.0078467
0.010748
0.014032
0.015064
0.014736
0.014233
0.014013
0.013439
0.013244
0.011333
0.0079895
0.0074008
0.0075278
0.0071773
0.0090549
0.011271
0.01226
0.012108
0.012757
0.012965
0.012874
0.010494
0.007509
0.0047349
0.00089302
-0.0032489
-0.0070496
-0.010032
-0.012238
-0.015696
-0.01778
-0.018252
-0.020134
-0.021642
-0.022028
-0.022751
-0.02226
-0.021505
-0.019368
-0.018898
-0.016482
-0.013574
-0.013668
-0.012669
-0.0091237
-0.0081441
-0.0086846
-0.0057573
-0.0035304
-0.0040839
-0.0028082
0.00036074
0.0026272
0.0045929
0.00482
0.0075997
0.0082822
0.004883
0.0035698
0.0010899
-0.0013043
-0.0045454
-0.0078595
-0.0088895
-0.010946
-0.013141
-0.014284
-0.014422
-0.015373
-0.017875
-0.018866
-0.019258
-0.020428
-0.020696
-0.019883
-0.020148
-0.020984
-0.020561
-0.02298
-0.02385
-0.023107
-0.025071
-0.025793
-0.024894
-0.023764
-0.020706
-0.015658
-0.012868
-0.0089981
-0.0049524
-0.0024607
-0.0019974
-0.001001
0.00072342
0.0010393
0.0038362
0.0076926
0.0089028
0.0099169
0.012005
0.016039
0.017658
0.02004
0.021832
0.025029
0.027273
0.030339
0.03451
0.036749
0.03741
0.037807
0.038197
0.037376
0.03614
0.035488
0.033763
0.030749
0.027174
0.02545
0.021756
0.018913
0.014245
0.0073747
0.00094322
-0.0039666
-0.0092909
-0.015675
-0.020851
-0.02288
-0.023913
-0.025991
-0.028139
-0.028899
-0.030315
-0.032131
-0.032716
-0.034028
-0.034086
-0.034619
-0.033837
-0.03272
-0.030322
-0.02833
-0.025553
-0.022145
-0.017638
-0.012016
-0.0070551
-0.0039849
-0.00059808
0.0036749
0.0074142
0.0091894
0.0094632
0.012662
0.013137
0.012538
0.012528
0.012392
0.01264
0.013817
0.014816
0.015726
0.017019
0.018751
0.019884
0.022394
0.023261
0.024987
0.025566
0.026707
0.028228
0.027501
0.026708
0.024736
0.022901
0.021116
0.019241
0.017577
0.016815
0.016672
0.015451
0.013959
0.01116
0.0085518
0.0053952
0.0032287
-0.00029707
-0.0034446
-0.0049359
-0.0059044
-0.008495
-0.009236
-0.010525
-0.010552
-0.011387
-0.011062
-0.0097542
-0.009584
-0.0095625
-0.0091533
-0.0090357
-0.0073555
-0.0060461
-0.0044391
-0.0041608
-0.0031791
-0.0017499
-0.00011629
0.0020193
0.0036317
0.0060764
0.0085863
0.010456
0.013189
0.014111
0.014505
0.017237
0.017261
0.016321
0.015905
0.013806
0.0123
0.010757
0.010269
0.0099231
0.0093802
0.0091972
0.0081393
0.0064252
0.0048758
0.003622
0.0036066
0.003316
0.0037818
0.0059131
0.0071756
0.0067442
0.009613
0.010466
0.0097076
0.0082955
0.0069043
0.0066611
0.0064897
0.0059137
0.0065554
0.0075659
0.0072969
0.0067313
0.0063802
0.0035208
0.0018835
-0.00070422
-0.004495
-0.0085693
-0.011839
-0.016625
-0.019436
-0.021313
-0.023074
-0.022727
-0.024531
-0.025343
-0.023182
-0.022561
-0.020963
-0.019581
-0.019428
-0.018083
-0.016275
-0.016088
-0.015934
-0.015053
-0.013038
-0.012545
-0.01138
-0.0097735
-0.0097577
-0.0094504
-0.0098675
-0.011109
-0.010992
-0.010509
-0.010417
-0.0096491
-0.0071589
-0.005469
-0.0056054
-0.0053453
-0.0051236
-0.0049155
-0.0049831
-0.0046848
-0.0044888
-0.0014108
0.00055028
0.0018731
0.0048165
0.0060362
0.0071132
0.0078461
0.0070608
0.0054025
0.0042783
0.0029198
0.0027801
0.0010029
0.00030405
0.00046414
0.0014744
0.0026159
0.0023777
0.0025445
0.0048437
0.0064376
0.0072423
0.0094644
0.010042
0.0099338
0.011335
0.0113
0.010723
0.010468
0.010222
0.0099525
0.0089968
0.007218
0.0057745
0.0030101
0.0019379
-7.7666e-005
-0.0020688
-0.0033332
-0.0043655
-0.0042841
-0.0041375
-0.0042859
-0.0041033
-0.0052129
-0.0062929
-0.0074917
-0.0084662
-0.0097848
-0.0098794
-0.0094357
-0.0093559
-0.0091946
-0.0085585
-0.0068159
-0.0064421
-0.0064406
-0.0046852
-0.0035209
-0.0015965
0.00034807
0.0013637
0.0037504
0.0046373
0.0057947
0.0068954
0.008025
0.006789
0.0037646
0.0032521
0.0022606
-0.00087466
-0.0023942
-0.0031864
-0.0034044
-0.0033225
-0.002801
-0.0010494
-0.0011288
-0.0011969
-0.00093501
0.00086964
0.0010343
0.0017704
0.0029138
0.0029153
0.0028359
0.0047621
0.0038829
0.0021044
-0.00056148
-0.0026748
-0.0053623
-0.0068317
-0.0089459
-0.010318
-0.0098325
-0.0095907
-0.0095943
-0.0084394
-0.0079184
-0.0090153
-0.0088971
-0.01002
-0.010402
-0.009816
-0.01094
-0.011686
-0.011157
-0.010829
-0.010729
-0.0092021
-0.0063352
-0.0037008
-0.00079212
0.0026978
0.0039464
0.0062034
0.007292
0.0063885
0.0049308
0.0037265
0.0025153
0.0023779
0.002361
0.0017098
0.00012861
-3.4277e-005
0.00030305
0.0015622
0.002317
0.0025533
0.0050626
0.0064101
0.005999
0.0058594
0.0058795
0.0058149
0.0055627
0.006613
0.0076247
0.0087094
0.010221
0.012827
0.013834
0.015533
0.015108
0.015052
0.016392
0.016933
0.016631
0.015837
0.015837
0.014607
0.012185
0.0088317
0.007659
0.004449
0.0014775
-0.000184
-0.003125
-0.0060274
-0.0056288
-0.0068785
-0.005837
-0.0053549
-0.0044026
-0.0018093
0.00065851
0.0010024
0.00078473
0.00080079
0.00088068
0.00067601
0.00071842
-1.4444e-005
-0.0022031
-0.0049653
-0.0057929
-0.0072079
-0.0081559
-0.010152
-0.011613
-0.01254
-0.013326
-0.014528
-0.014949
-0.014412
-0.014084
-0.013808
-0.014645
-0.016884
-0.017103
-0.015924
-0.014024
-0.013514
-0.013373
-0.011398
-0.0086184
-0.0079447
-0.0074161
-0.0046584
-0.0030391
-0.0018585
-0.00078579
-0.00085904
-0.00073598
-0.00076292
0.00044771
0.0016959
0.001595
0.0017999
0.0039897
0.0063784
0.0087042
0.009699
0.009538
0.01034
0.010118
0.0096582
0.0089323
0.0062719
0.004723
0.0047719
0.0030098
0.0020896
0.0015606
0.0017747
0.0042925
0.004087
0.0037406
0.0037955
0.0036896
0.0051262
0.0077551
0.0073313
0.0085685
0.0095581
0.010689
0.011326
0.013463
0.014322
0.01491
0.013637
0.012559
0.012501
0.012032
0.010234
0.0071394
0.0049451
0.0038515
0.0014773
-0.0014051
-0.0024667
-0.0027973
-0.0060681
-0.0068197
-0.0080949
-0.011016
-0.010693
-0.012073
-0.014155
-0.014146
-0.01342
-0.013362
-0.011548
-0.01043
-0.0099967
-0.0068362
-0.003451
-0.0025038
-8.9162e-005
0.00075129
0.00089302
0.0030934
0.0047759
0.0031606
0.0020856
0.0018871
0.00046624
-0.00034147
0.000178
-0.0025596
-0.0045088
-0.0055323
-0.0064603
-0.0077481
-0.0075019
-0.0085171
-0.0088167
-0.0070237
-0.0056612
-0.0044224
-0.0028216
-0.00020162
0.0017868
0.0024163
0.0044962
0.0068435
0.0076614
0.0091273
0.011923
0.011408
0.01177
0.011687
0.010873
0.0092381
0.0077101
0.0065584
0.0039783
0.0018435
0.0014116
-0.0013475
-0.0028384
-0.0045487
-0.0056261
-0.0051647
-0.0047837
-0.0034265
-0.0023978
-0.0011941
-0.0012323
-0.0014655
-0.0026703
-0.003469
-0.0043347
-0.0041359
-0.0028765
-0.0017684
-0.00076004
0.0011404
0.0030098
0.004143
0.005941
0.0073243
0.0077346
0.0078318
0.0055549
0.0044304
0.0030723
0.00067329
-0.00056343
-0.0014217
-0.0032251
-0.0039276
-0.0031011
-0.0020676
-0.00097697
-0.00025551
0.0018422
0.0031679
0.0038009
0.0045085
0.0052161
0.0050101
0.0045791
0.004256
0.0028825
0.0027102
0.0010208
-0.00078793
-0.00068688
-0.0016717
-0.0020176
-0.0024423
-0.0033075
-0.0030616
-0.0029883
-0.0027992
-0.0038995
-0.0046954
-0.0036784
-0.0034189
-0.0023269
-0.0024441
-0.002679
-0.0030857
-0.004214
-0.0038066
-0.0036114
-0.0033671
-0.0032753
-0.0023386
-0.0015079
0.00038142
0.0022936
0.0029371
0.0038725
0.0057419
0.0068012
0.0076012
0.0088264
0.01006
0.010124
0.010048
0.0096
0.0089436
0.0084251
0.0078233
0.0073198
0.0067507
0.0062573
0.0057017
0.0052778
0.0046973
0.004979
0.005639
0.0044553
0.0028809
0.0021631
0.0012957
3.1692e-005
-0.0016607
-0.0027676
-0.0037266
-0.0047423
-0.0055827
-0.0063741
-0.0065949
-0.006317
-0.0061501
-0.0059548
-0.0057403
-0.0051697
-0.004217
-0.0033721
-0.0029861
-0.002034
-0.0014424
-0.00054308
-0.00024533
-0.00013523
-0.00010946
-0.00075638
-0.0011166
-0.0020432
-0.0033078
-0.0043322
-0.004525
-0.0052693
-0.0059847
-0.0060818
-0.0062016
-0.0063022
-0.0063396
-0.0063165
-0.0060817
-0.0055779
-0.00537
-0.0052875
-0.0047891
-0.0045223
-0.0044671
-0.0037425
-0.0030889
-0.0024765
-0.0018439
-0.0013893
-0.00080192
-0.00024287
0.00024103
0.00064748
0.0010841
0.0014977
0.0015472
0.0018198
0.0021561
0.0022584
0.0022754
0.0024524
0.0025695
0.0024368
0.0024309
0.0023705
0.0022727
0.0022368
0.0020561
0.0018875
0.0017976
0.0017114
0.0015707
0.0014722
0.0013956
0.0012796
0.0012179
0.0011299
0.0010262
0.00093939
0.00087032
0.00082829
0.00078848
0.00074649
0.00072603
0.0007077
0.000665
0.00064506
0.0006134
0.00056284
0.00052147
0.00047949
0.00044079
0.00040051
0.0003707
0.00034624
0.00031124
0.00028276
0.00026426
0.0002323
0.00020336
0.00017443
0.00014222
0.00011096
8.6098e-005
5.7998e-005
3.3588e-005
1.0606e-005
-9.5689e-006
-2.8778e-005
-4.5667e-005
-6.1983e-005
-7.4025e-005
-8.6516e-005
-9.6316e-005
-0.00010392
-0.00011146
-0.00011794
-0.00012208
-0.00012567
-0.00012845
-0.0001304
-0.00013116
-0.00013124
-0.00013032
-0.00012868
-0.00012622
-0.00012322
-0.00011944
-0.00011509
-0.00011012
-0.00010465
-9.8619e-005
-9.2124e-005
-8.5163e-005
-7.7791e-005
-7.0024e-005
-6.1894e-005
