0.000000
-0.021151
-0.020221
-0.019291
-0.015370
-0.011450
-0.006695
-0.001941
0.001466
0.004873
0.006887
0.008900
0.010586
0.012272
0.013405
0.014539
0.013489
0.012438
0.009313
0.006188
0.004459
0.002730
0.005285
0.007841
0.011971
0.016102
0.016237
0.016373
0.012306
0.008239
0.006453
0.004667
0.009362
0.014058
0.020624
0.027190
0.028059
0.028928
0.023610
0.018293
0.013538
0.008783
0.008794
0.008804
0.009809
0.010814
0.007648
0.004483
-0.000890
-0.006262
-0.007589
-0.008916
-0.005465
-0.002013
0.000156
0.002325
-0.000413
-0.003151
-0.006892
-0.010633
-0.010686
-0.010739
-0.008278
-0.005817
-0.005379
-0.004940
-0.007850
-0.010760
-0.014669
-0.018577
-0.020389
-0.022200
-0.020622
-0.019044
-0.015416
-0.011789
-0.009817
-0.007845
-0.009213
-0.010581
-0.011925
-0.013270
-0.010540
-0.007811
-0.003007
0.001797
0.003166
0.004536
0.002065
-0.000407
-0.001197
-0.001987
0.001229
0.004446
0.006692
0.008939
0.005856
0.002773
-0.002596
-0.007965
-0.010493
-0.013021
-0.012887
-0.012752
-0.012867
-0.012982
-0.012937
-0.012892
-0.010569
-0.008246
-0.004921
-0.001597
-0.000392
0.000813
-0.000008
-0.000828
-0.001508
-0.002187
-0.002478
-0.002769
-0.003213
-0.003656
-0.003240
-0.002825
-0.001585
-0.000346
-0.000182
-0.000018
-0.000618
-0.001217
0.000480
0.002178
0.006735
0.011292
0.015293
0.019295
0.020029
0.020763
0.018888
0.017012
0.014281
0.011549
0.008012
0.004475
-0.000530
-0.005535
-0.010844
-0.016153
-0.018123
-0.020094
-0.016763
-0.013432
-0.009157
-0.004883
-0.006726
-0.008569
-0.015328
-0.022088
-0.024268
-0.026448
-0.021926
-0.017404
-0.016001
-0.014598
-0.020341
-0.026084
-0.028769
-0.031454
-0.024975
-0.018496
-0.012698
-0.006900
-0.010424
-0.013948
-0.019140
-0.024332
-0.020297
-0.016262
-0.006062
0.004137
0.009921
0.015706
0.013448
0.011191
0.005258
-0.000674
-0.004244
-0.007814
-0.005916
-0.004017
0.000036
0.004089
0.002553
0.001016
-0.006429
-0.013874
-0.017327
-0.020780
-0.014877
-0.008975
-0.003391
0.002194
-0.001956
-0.006107
-0.013955
-0.021803
-0.021935
-0.022066
-0.016307
-0.010548
-0.009297
-0.008046
-0.014469
-0.020893
-0.027245
-0.033597
-0.032363
-0.031129
-0.023225
-0.015321
-0.009133
-0.002945
-0.004178
-0.005410
-0.010065
-0.014721
-0.014175
-0.013630
-0.008101
-0.002572
-0.001121
0.000329
-0.005933
-0.012195
-0.017740
-0.023285
-0.021558
-0.019831
-0.015426
-0.011022
-0.010144
-0.009267
-0.010492
-0.011717
-0.012868
-0.014019
-0.017688
-0.021357
-0.027250
-0.033144
-0.035295
-0.037446
-0.034149
-0.030852
-0.029139
-0.027426
-0.031648
-0.035870
-0.040135
-0.044401
-0.040938
-0.037474
-0.027001
-0.016528
-0.006079
0.004370
0.010804
0.017238
0.022273
0.027309
0.034991
0.042674
0.050839
0.059004
0.060870
0.062737
0.058202
0.053668
0.053586
0.053504
0.064558
0.075613
0.087174
0.098736
0.095879
0.093021
0.078634
0.064247
0.055536
0.046824
0.052339
0.057853
0.068153
0.078453
0.079043
0.079632
0.065684
0.051737
0.031262
0.010787
-0.002323
-0.015433
-0.014450
-0.013468
-0.007203
-0.000938
-0.004433
-0.007929
-0.020793
-0.033658
-0.038992
-0.044326
-0.034264
-0.024201
-0.014523
-0.004844
-0.011746
-0.018648
-0.032928
-0.047208
-0.047004
-0.046801
-0.029348
-0.011895
0.003844
0.019583
0.022088
0.024592
0.023106
0.021620
0.026852
0.032084
0.039222
0.046360
0.046808
0.047255
0.043460
0.039664
0.039566
0.039467
0.045191
0.050915
0.059102
0.067289
0.072582
0.077876
0.074105
0.070333
0.057990
0.045647
0.037018
0.028390
0.033024
0.037659
0.045281
0.052903
0.047167
0.041431
0.027628
0.013825
0.012404
0.010983
0.024456
0.037929
0.047827
0.057724
0.056390
0.055057
0.054890
0.054723
0.061324
0.067925
0.070128
0.072331
0.064704
0.057077
0.048731
0.040384
0.035477
0.030570
0.021471
0.012372
-0.004446
-0.021263
-0.039720
-0.058177
-0.074853
-0.091528
-0.106427
-0.121326
-0.128798
-0.136269
-0.130869
-0.125470
-0.116324
-0.107178
-0.107998
-0.108818
-0.118128
-0.127438
-0.132441
-0.137443
-0.135384
-0.133325
-0.133217
-0.133110
-0.140650
-0.148190
-0.158622
-0.169054
-0.174475
-0.179896
-0.178451
-0.177005
-0.174216
-0.171428
-0.173357
-0.175287
-0.178753
-0.182218
-0.178032
-0.173845
-0.160254
-0.146662
-0.133015
-0.119367
-0.111529
-0.103691
-0.096491
-0.089292
-0.077407
-0.065521
-0.052030
-0.038538
-0.027522
-0.016506
-0.006899
0.002708
0.011902
0.021096
0.028589
0.036083
0.043667
0.051251
0.062893
0.074535
0.088107
0.101679
0.110191
0.118702
0.120019
0.121335
0.119691
0.118046
0.116959
0.115871
0.115189
0.114507
0.114520
0.114533
0.116350
0.118167
0.121050
0.123933
0.124158
0.124382
0.119479
0.114576
0.105331
0.096086
0.086642
0.077198
0.072268
0.067337
0.068465
0.069592
0.072926
0.076259
0.076743
0.077227
0.072792
0.068357
0.058427
0.048498
0.033468
0.018438
0.003686
-0.011067
-0.017939
-0.024811
-0.026552
-0.028293
-0.039446
-0.050600
-0.077434
-0.104269
-0.130511
-0.156753
-0.162524
-0.168295
-0.157806
-0.147318
-0.142350
-0.137382
-0.146809
-0.156235
-0.168036
-0.179836
-0.181403
-0.182970
-0.175071
-0.167172
-0.158238
-0.149304
-0.146032
-0.142760
-0.146071
-0.149381
-0.153767
-0.158152
-0.156689
-0.155225
-0.148276
-0.141327
-0.136066
-0.130805
-0.130567
-0.130330
-0.130826
-0.131323
-0.128185
-0.125047
-0.118448
-0.111848
-0.104355
-0.096863
-0.091882
-0.086901
-0.085460
-0.084019
-0.079881
-0.075743
-0.061005
-0.046266
-0.022816
0.000635
0.024241
0.047847
0.069355
0.090863
0.111805
0.132747
0.147763
0.162779
0.166888
0.170997
0.172322
0.173647
0.181701
0.189754
0.199414
0.209073
0.212578
0.216083
0.218970
0.221858
0.228539
0.235221
0.235311
0.235402
0.222622
0.209842
0.198555
0.187268
0.190872
0.194476
0.204006
0.213536
0.214866
0.216195
0.212488
0.208780
0.210407
0.212034
0.219743
0.227452
0.237141
0.246831
0.256249
0.265667
0.268882
0.272098
0.263629
0.255161
0.243646
0.232130
0.234763
0.237396
0.254609
0.271821
0.284217
0.296613
0.290679
0.284744
0.269637
0.254531
0.245946
0.237361
0.236490
0.235618
0.231897
0.228177
0.215975
0.203773
0.186647
0.169520
0.149709
0.129898
0.105408
0.080918
0.053307
0.025697
0.002282
-0.021134
-0.036247
-0.051361
-0.060746
-0.070130
-0.077859
-0.085588
-0.096461
-0.107334
-0.127848
-0.148363
-0.175451
-0.202539
-0.215535
-0.228531
-0.210774
-0.193017
-0.160081
-0.127145
-0.113018
-0.098891
-0.112867
-0.126843
-0.144379
-0.161915
-0.159321
-0.156727
-0.136303
-0.115880
-0.092597
-0.069315
-0.051596
-0.033877
-0.018836
-0.003795
0.015717
0.035228
0.062713
0.090199
0.118426
0.146654
0.165230
0.183807
0.192033
0.200260
0.206441
0.212621
0.217106
0.221590
0.212919
0.204248
0.176456
0.148665
0.111120
0.073575
0.039241
0.004906
-0.021912
-0.048730
-0.069710
-0.090691
-0.109362
-0.128034
-0.145855
-0.163676
-0.173742
-0.183807
-0.172706
-0.161605
-0.127240
-0.092875
-0.051461
-0.010048
0.022373
0.054793
0.079367
0.103941
0.125988
0.148035
0.160940
0.173845
0.169805
0.165765
0.152532
0.139299
0.127624
0.115949
0.100882
0.085816
0.056863
0.027910
-0.010653
-0.049216
-0.083320
-0.117425
-0.141483
-0.165541
-0.182305
-0.199069
-0.210774
-0.222479
-0.231565
-0.240650
-0.252330
-0.264009
-0.277739
-0.291468
-0.299272
-0.307076
-0.305992
-0.304909
-0.301240
-0.297571
-0.294226
-0.290881
-0.282012
-0.273142
-0.256495
-0.239847
-0.221823
-0.203799
-0.189439
-0.175080
-0.161967
-0.148855
-0.135449
-0.122043
-0.112168
-0.102292
-0.098270
-0.094247
-0.093047
-0.091847
-0.088412
-0.084977
-0.076804
-0.068631
-0.057277
-0.045923
-0.039526
-0.033130
-0.038846
-0.044562
-0.058930
-0.073298
-0.083125
-0.092952
-0.091234
-0.089517
-0.082594
-0.075671
-0.072915
-0.070159
-0.072639
-0.075120
-0.079457
-0.083794
-0.089949
-0.096103
-0.104817
-0.113532
-0.122095
-0.130658
-0.135423
-0.140188
-0.141319
-0.142450
-0.142782
-0.143114
-0.145644
-0.148173
-0.154319
-0.160465
-0.168204
-0.175943
-0.181446
-0.186949
-0.188947
-0.190946
-0.191028
-0.191110
-0.188818
-0.186526
-0.180613
-0.174700
-0.167841
-0.160983
-0.157858
-0.154733
-0.154423
-0.154112
-0.151388
-0.148665
-0.144090
-0.139515
-0.137624
-0.135734
-0.132881
-0.130028
-0.116341
-0.102655
-0.079723
-0.056792
-0.037730
-0.018669
-0.009697
-0.000724
0.005012
0.010748
0.017502
0.024256
0.026559
0.028862
0.022676
0.016490
0.007686
-0.001117
-0.005786
-0.010455
-0.010328
-0.010201
-0.006625
-0.003049
0.004809
0.012667
0.023434
0.034201
0.044185
0.054168
0.062248
0.070327
0.078157
0.085986
0.092754
0.099521
0.104481
0.109440
0.117330
0.125220
0.141742
0.158264
0.179961
0.201658
0.217969
0.234280
0.239947
0.245614
0.245925
0.246235
0.248264
0.250293
0.253767
0.257242
0.256646
0.256050
0.248096
0.240141
0.227935
0.215729
0.207386
0.199043
0.201011
0.202979
0.211983
0.220986
0.226256
0.231526
0.227076
0.222626
0.215617
0.208607
0.211128
0.213649
0.227421
0.241194
0.255485
0.269776
0.274748
0.279720
0.276297
0.272875
0.268019
0.263163
0.260569
0.257975
0.254820
0.251665
0.243585
0.235505
0.222333
0.209160
0.194053
0.178947
0.163581
0.148216
0.131681
0.115146
0.098306
0.081467
0.067547
0.053627
0.043567
0.033507
0.024191
0.014876
0.004673
-0.005531
-0.014726
-0.023921
-0.031213
-0.038504
-0.045051
-0.051599
-0.056345
-0.061092
-0.063651
-0.066209
-0.073407
-0.080605
-0.098622
-0.116639
-0.136804
-0.156969
-0.163322
-0.169676
-0.162787
-0.155899
-0.152657
-0.149416
-0.157832
-0.166249
-0.175278
-0.184308
-0.182473
-0.180639
-0.169995
-0.159352
-0.148790
-0.138228
-0.134491
-0.130753
-0.137465
-0.144176
-0.159011
-0.173845
-0.187411
-0.200976
-0.206445
-0.211913
-0.212660
-0.213407
-0.214132
-0.214857
-0.211853
-0.208849
-0.197713
-0.186578
-0.171199
-0.155821
-0.141716
-0.127611
-0.114088
-0.100566
-0.087542
-0.074519
-0.067257
-0.059996
-0.060251
-0.060506
-0.061086
-0.061665
-0.056799
-0.051933
-0.045044
-0.038155
-0.033570
-0.028984
-0.023567
-0.018151
-0.007954
0.002243
0.013369
0.024494
0.029843
0.035193
0.035191
0.035189
0.035868
0.036547
0.039919
0.043290
0.045135
0.046980
0.044794
0.042607
0.040454
0.038300
0.041234
0.044167
0.050792
0.057417
0.062986
0.068556
0.072931
0.077305
0.083700
0.090095
0.097493
0.104891
0.110122
0.115353
0.120286
0.125220
0.132674
0.140128
0.142890
0.145652
0.132652
0.119652
0.095029
0.070406
0.054129
0.037852
0.041245
0.044637
0.058421
0.072205
0.083865
0.095525
0.104839
0.114153
0.123398
0.132643
0.134620
0.136597
0.124002
0.111408
0.089682
0.067957
0.047867
0.027778
0.011588
-0.004602
-0.020114
-0.035626
-0.049083
-0.062539
-0.071961
-0.081382
-0.091311
-0.101239
-0.114990
-0.128742
-0.136968
-0.145195
-0.135293
-0.125392
-0.100858
-0.076324
-0.055992
-0.035660
-0.031949
-0.028239
-0.036291
-0.044343
-0.053487
-0.062631
-0.069010
-0.075389
-0.080293
-0.085197
-0.088755
-0.092313
-0.092555
-0.092797
-0.087626
-0.082455
-0.071224
-0.059993
-0.045380
-0.030767
-0.018540
-0.006313
-0.000635
0.005043
0.004598
0.004154
-0.000429
-0.005012
-0.012022
-0.019032
-0.023702
-0.028372
-0.024243
-0.020115
-0.007625
0.004865
0.017542
0.030218
0.037785
0.045352
0.051013
0.056673
0.064071
0.071468
0.078986
0.086504
0.092331
0.098157
0.103389
0.108620
0.111412
0.114205
0.108076
0.101947
0.085306
0.068664
0.049604
0.030543
0.018559
0.006575
0.003086
-0.000404
0.000571
0.001545
0.004177
0.006809
0.010571
0.014334
0.018625
0.022916
0.026980
0.031044
0.035309
0.039575
0.043951
0.048328
0.050237
0.052147
0.048232
0.044318
0.035507
0.026696
0.018400
0.010104
0.006022
0.001939
0.000348
-0.001244
-0.002712
-0.004181
-0.004254
-0.004327
-0.003201
-0.002074
-0.006050
-0.010025
-0.023910
-0.037795
-0.055685
-0.073575
-0.084667
-0.095758
-0.097385
-0.099012
-0.096979
-0.094946
-0.093569
-0.092193
-0.091006
-0.089819
-0.087166
-0.084512
-0.078196
-0.071879
-0.059635
-0.047391
-0.031570
-0.015750
-0.003141
0.009467
0.015956
0.022446
0.027034
0.031622
0.038320
0.045018
0.052890
0.060763
0.068173
0.075584
0.082693
0.089801
0.095067
0.100333
0.101809
0.103285
0.103786
0.104286
0.108473
0.112660
0.118668
0.124676
0.126739
0.128802
0.126743
0.124684
0.123243
0.121801
0.121732
0.121663
0.120191
0.118720
0.117239
0.115759
0.118357
0.120955
0.125440
0.129924
0.129039
0.128155
0.119691
0.111227
0.100458
0.089689
0.080511
0.071333
0.062353
0.053374
0.043062
0.032749
0.023353
0.013957
0.006906
-0.000145
-0.007319
-0.014492
-0.024486
-0.034480
-0.045956
-0.057431
-0.067199
-0.076966
-0.084225
-0.091485
-0.098170
-0.104856
-0.112530
-0.120204
-0.128914
-0.137624
-0.146679
-0.155735
-0.163905
-0.172076
-0.177600
-0.183125
-0.185840
-0.188555
-0.191269
-0.193984
-0.199772
-0.205560
-0.213079
-0.220598
-0.223485
-0.226373
-0.219298
-0.212224
-0.196980
-0.181735
-0.165355
-0.148976
-0.136096
-0.123217
-0.112647
-0.102077
-0.090454
-0.078832
-0.065775
-0.052718
-0.041056
-0.029395
-0.021447
-0.013499
-0.008077
-0.002654
0.003684
0.010022
0.019272
0.028523
0.039127
0.049732
0.059102
0.068472
0.076647
0.084822
0.093138
0.101455
0.108149
0.114844
0.116669
0.118495
0.116432
0.114369
0.113048
0.111727
0.112673
0.113618
0.115137
0.116656
0.118430
0.120204
0.122216
0.124227
0.122164
0.120101
0.110385
0.100669
0.088358
0.076047
0.070712
0.065376
0.068592
0.071808
0.076342
0.080876
0.080539
0.080202
0.074351
0.068500
0.058334
0.048168
0.035625
0.023083
0.011495
-0.000093
-0.008446
-0.016798
-0.021593
-0.026387
-0.026504
-0.026621
-0.020635
-0.014649
-0.005712
0.003226
0.008599
0.013971
0.013100
0.012229
0.008368
0.004507
0.000815
-0.002877
-0.006375
-0.009874
-0.013392
-0.016911
-0.019789
-0.022668
-0.025674
-0.028680
-0.033161
-0.037643
-0.042175
-0.046707
-0.048257
-0.049807
-0.048201
-0.046595
-0.044515
-0.042435
-0.040851
-0.039267
-0.035418
-0.031569
-0.023305
-0.015042
-0.005561
0.003920
0.008505
0.013089
0.011490
0.009890
0.007248
0.004606
0.004719
0.004832
0.004957
0.005082
0.001385
-0.002312
-0.007698
-0.013085
-0.015076
-0.017067
-0.015359
-0.013652
-0.012962
-0.012272
-0.015256
-0.018240
-0.022598
-0.026956
-0.029168
-0.031380
-0.031130
-0.030880
-0.030948
-0.031015
-0.033207
-0.035399
-0.037731
-0.040063
-0.039663
-0.039263
-0.037650
-0.036038
-0.037288
-0.038537
-0.043253
-0.047969
-0.052085
-0.056202
-0.057802
-0.059402
-0.060936
-0.062469
-0.064942
-0.067415
-0.067298
-0.067181
-0.062356
-0.057531
-0.050471
-0.043411
-0.036558
-0.029705
-0.022725
-0.015745
-0.008695
-0.001645
0.003949
0.009544
0.013491
0.017438
0.021208
0.024978
0.028728
0.032478
0.035460
0.038443
0.041596
0.044750
0.049435
0.054120
0.059193
0.064266
0.067982
0.071698
0.074836
0.077974
0.081906
0.085838
0.089689
0.093539
0.096280
0.099021
0.101593
0.104166
0.106190
0.108214
0.105063
0.101913
0.089272
0.076632
0.056864
0.037095
0.018108
-0.000880
-0.012711
-0.024542
-0.028517
-0.032492
-0.031800
-0.031109
-0.029724
-0.028340
-0.029332
-0.030325
-0.034991
-0.039657
-0.046329
-0.053002
-0.057717
-0.062432
-0.062691
-0.062949
-0.061040
-0.059132
-0.059686
-0.060239
-0.064536
-0.068833
-0.074353
-0.079873
-0.084328
-0.088783
-0.092020
-0.095257
-0.097070
-0.098883
-0.098576
-0.098270
-0.096828
-0.095387
-0.095002
-0.094618
-0.094143
-0.093669
-0.088863
-0.084058
-0.074450
-0.064842
-0.055827
-0.046813
-0.043198
-0.039582
-0.040839
-0.042096
-0.044705
-0.047313
-0.048927
-0.050540
-0.051068
-0.051597
-0.052877
-0.054156
-0.058505
-0.062853
-0.069466
-0.076079
-0.079336
-0.082594
-0.077843
-0.073092
-0.062754
-0.052417
-0.042111
-0.031806
-0.022973
-0.014140
-0.005072
0.003996
0.012551
0.021105
0.027062
0.033018
0.037597
0.042176
0.048424
0.054672
0.062568
0.070463
0.077776
0.085088
0.091269
0.097450
0.102974
0.108499
0.112586
0.116674
0.119168
0.121663
0.124572
0.127481
0.131176
0.134871
0.135255
0.135639
0.128729
0.121819
0.109479
0.097139
0.085743
0.074346
0.068802
0.063258
0.063564
0.063870
0.066577
0.069283
0.071468
0.073652
0.074828
0.076004
0.075924
0.075844
0.072300
0.068755
0.060178
0.051601
0.040454
0.029307
0.019483
0.009660
0.001615
-0.006429
-0.014242
-0.022055
-0.028577
-0.035098
-0.038340
-0.041582
-0.042995
-0.044408
-0.046814
-0.049219
-0.051728
-0.054237
-0.054596
-0.054954
-0.053795
-0.052636
-0.051886
-0.051137
-0.050348
-0.049559
-0.048481
-0.047404
-0.047953
-0.048502
-0.051939
-0.055376
-0.060290
-0.065205
-0.070812
-0.076420
-0.083909
-0.091398
-0.099500
-0.107601
-0.110951
-0.114300
-0.108939
-0.103579
-0.091554
-0.079530
-0.066062
-0.052595
-0.041427
-0.030259
-0.022321
-0.014383
-0.008354
-0.002324
0.003609
0.009542
0.015886
0.022230
0.027767
0.033305
0.036756
0.040207
0.041132
0.042057
0.040542
0.039027
0.036325
0.033622
0.032765
0.031909
0.035413
0.038917
0.045246
0.051576
0.057146
0.062717
0.066573
0.070430
0.074361
0.078293
0.082662
0.087030
0.090047
0.093064
0.094351
0.095637
0.096953
0.098270
0.100600
0.102931
0.105081
0.107230
0.108218
0.109207
0.108495
0.107782
0.103648
0.099513
0.089991
0.080470
0.067329
0.054188
0.042889
0.031591
0.025788
0.019986
0.017433
0.014879
0.010341
0.005803
-0.002614
-0.011030
-0.019360
-0.027689
-0.030701
-0.033712
-0.031339
-0.028966
-0.026056
-0.023147
-0.022189
-0.021231
-0.019224
-0.017218
-0.011842
-0.006466
-0.001385
0.003696
0.003356
0.003016
-0.002098
-0.007212
-0.012658
-0.018104
-0.022468
-0.026831
-0.032160
-0.037488
-0.044228
-0.050967
-0.056509
-0.062050
-0.064440
-0.066830
-0.066980
-0.067130
-0.066957
-0.066785
-0.065908
-0.065031
-0.060845
-0.056659
-0.046988
-0.037318
-0.024106
-0.010894
-0.000225
0.010444
0.012311
0.014178
0.006690
-0.000799
-0.012138
-0.023477
-0.031308
-0.039138
-0.040959
-0.042780
-0.042324
-0.041868
-0.043746
-0.045623
-0.049028
-0.052432
-0.053641
-0.054850
-0.052783
-0.050715
-0.045787
-0.040858
-0.031331
-0.021804
-0.008312
0.005180
0.014277
0.023374
0.020321
0.017268
0.007062
-0.003143
-0.007938
-0.012732
-0.008437
-0.004142
0.002293
0.008728
0.013007
0.017286
0.021944
0.026602
0.031845
0.037088
0.037924
0.038760
0.033768
0.028776
0.023168
0.017560
0.016280
0.014999
0.017533
0.020067
0.023411
0.026754
0.029463
0.032172
0.035021
0.037870
0.041627
0.045383
0.048140
0.050898
0.048797
0.046696
0.039175
0.031654
0.023561
0.015468
0.011175
0.006882
0.004749
0.002615
-0.000939
-0.004493
-0.009432
-0.014370
-0.018825
-0.023280
-0.027730
-0.032179
-0.037296
-0.042413
-0.046727
-0.051042
-0.053854
-0.056667
-0.059998
-0.063329
-0.068025
-0.072721
-0.076789
-0.080857
-0.083481
-0.086106
-0.089283
-0.092460
-0.097074
-0.101688
-0.105754
-0.109820
-0.111723
-0.113627
-0.113484
-0.113342
-0.110920
-0.108499
-0.103225
-0.097950
-0.091136
-0.084322
-0.077748
-0.071174
-0.063905
-0.056636
-0.046853
-0.037070
-0.026296
-0.015523
-0.007137
0.001248
0.006769
0.012291
0.017245
0.022199
0.027772
0.033346
0.039266
0.045186
0.051640
0.058093
0.064896
0.071699
0.077201
0.082702
0.086498
0.090293
0.094752
0.099211
0.105724
0.112237
0.118586
0.124935
0.129488
0.134042
0.138949
0.143857
0.150883
0.157910
0.164181
0.170453
0.172179
0.173906
0.171648
0.169391
0.166253
0.163115
0.160059
0.157004
0.153171
0.149338
0.144849
0.140361
0.135522
0.130684
0.124559
0.118435
0.110730
0.103026
0.095624
0.088222
0.082554
0.076887
0.071652
0.066417
0.059457
0.052497
0.043900
0.035303
0.026730
0.018156
0.010313
0.002469
-0.005692
-0.013852
-0.022828
-0.031804
-0.040192
-0.048580
-0.053484
-0.058389
-0.058973
-0.059558
-0.058883
-0.058208
-0.060651
-0.063093
-0.068693
-0.074294
-0.079659
-0.085024
-0.088811
-0.092598
-0.096958
-0.101317
-0.106872
-0.112427
-0.116337
-0.120247
-0.121055
-0.121862
-0.122185
-0.122509
-0.124555
-0.126601
-0.129005
-0.131409
-0.133023
-0.134637
-0.136485
-0.138332
-0.139976
-0.141621
-0.140283
-0.138945
-0.134068
-0.129190
-0.123545
-0.117899
-0.113346
-0.108792
-0.104748
-0.100704
-0.097191
-0.093677
-0.091381
-0.089085
-0.086581
-0.084077
-0.079488
-0.074900
-0.070399
-0.065898
-0.064653
-0.063408
-0.063429
-0.063449
-0.060278
-0.057107
-0.051848
-0.046590
-0.043318
-0.040045
-0.037786
-0.035527
-0.029872
-0.024217
-0.015959
-0.007702
-0.001522
0.004657
0.008478
0.012299
0.017953
0.023608
0.031012
0.038417
0.043227
0.048037
0.049870
0.051703
0.055363
0.059022
0.065537
0.072052
0.076931
0.081811
0.082112
0.082413
0.080295
0.078177
0.075799
0.073421
0.069919
0.066418
0.060753
0.055088
0.048541
0.041993
0.035934
0.029874
0.024160
0.018447
0.013289
0.008131
0.005499
0.002867
0.004342
0.005818
0.009467
0.013116
0.014178
0.015239
0.010873
0.006506
-0.000656
-0.007819
-0.013054
-0.018288
-0.020020
-0.021751
-0.021263
-0.020775
-0.018300
-0.015824
-0.011522
-0.007219
-0.003908
-0.000596
-0.000985
-0.001375
-0.003244
-0.005114
-0.004678
-0.004241
-0.002325
-0.000408
-0.000402
-0.000395
-0.001436
-0.002477
-0.000891
0.000695
0.005041
0.009388
0.013692
0.017996
0.021764
0.025532
0.030138
0.034744
0.039666
0.044587
0.048616
0.052644
0.056670
0.060696
0.065328
0.069959
0.072800
0.075641
0.074604
0.073568
0.070479
0.067391
0.065125
0.062859
0.061837
0.060815
0.060819
0.060822
0.062949
0.065075
0.069137
0.073199
0.076181
0.079162
0.079116
0.079069
0.077931
0.076793
0.077199
0.077604
0.079515
0.081426
0.084030
0.086633
0.090440
0.094247
0.098723
0.103199
0.105521
0.107843
0.106889
0.105935
0.104955
0.103976
0.106121
0.108266
0.111973
0.115681
0.117403
0.119125
0.118236
0.117347
0.115349
0.113350
0.110044
0.106738
0.100669
0.094601
0.086471
0.078341
0.070990
0.063639
0.058567
0.053496
0.049714
0.045932
0.041919
0.037905
0.033162
0.028419
0.023234
0.018049
0.012999
0.007948
0.003499
-0.000950
-0.004395
-0.007841
-0.009815
-0.011789
-0.012039
-0.012290
-0.011771
-0.011252
-0.011866
-0.012481
-0.015415
-0.018349
-0.022722
-0.027095
-0.031369
-0.035643
-0.039230
-0.042818
-0.045756
-0.048694
-0.050546
-0.052398
-0.053252
-0.054106
-0.055609
-0.057112
-0.061419
-0.065726
-0.073193
-0.080659
-0.089309
-0.097959
-0.105262
-0.112565
-0.117761
-0.122958
-0.127322
-0.131685
-0.137067
-0.142450
-0.149196
-0.155942
-0.162351
-0.168761
-0.172244
-0.175727
-0.175226
-0.174726
-0.171596
-0.168467
-0.165649
-0.162830
-0.162386
-0.161941
-0.163042
-0.164143
-0.164181
-0.164220
-0.162442
-0.160664
-0.158609
-0.156555
-0.154021
-0.151488
-0.145398
-0.139307
-0.128414
-0.117520
-0.105681
-0.093841
-0.085335
-0.076828
-0.071097
-0.065365
-0.058914
-0.052463
-0.044483
-0.036502
-0.029008
-0.021513
-0.015840
-0.010166
-0.005840
-0.001513
0.002310
0.006134
0.010272
0.014410
0.019287
0.024163
0.028799
0.033435
0.036189
0.038944
0.039712
0.040481
0.040542
0.040604
0.040447
0.040290
0.039596
0.038901
0.038331
0.037760
0.038525
0.039289
0.041227
0.043165
0.045146
0.047128
0.048788
0.050449
0.051853
0.053258
0.053901
0.054545
0.054117
0.053690
0.052751
0.051813
0.050522
0.049231
0.046737
0.044244
0.040040
0.035837
0.030868
0.025899
0.021639
0.017380
0.014567
0.011753
0.009608
0.007464
0.004214
0.000963
-0.004077
-0.009117
-0.013449
-0.017782
-0.017882
-0.017983
-0.014225
-0.010467
-0.007245
-0.004023
-0.004249
-0.004474
-0.006720
-0.008965
-0.010697
-0.012429
-0.012583
-0.012738
-0.011111
-0.009485
-0.006890
-0.004295
-0.003171
-0.002047
-0.003976
-0.005906
-0.008769
-0.011632
-0.012459
-0.013286
-0.012228
-0.011170
-0.010230
-0.009290
-0.008578
-0.007865
-0.006895
-0.005925
-0.005467
-0.005009
-0.004990
-0.004972
-0.002894
-0.000817
0.004197
0.009211
0.014511
0.019810
0.023550
0.027290
0.031431
0.035573
0.041595
0.047618
0.053280
0.058941
0.061983
0.065024
0.066859
0.068693
0.071544
0.074395
0.077460
0.080525
0.081316
0.082107
0.080000
0.077893
0.074276
0.070659
0.067106
0.063554
0.061066
0.058579
0.057885
0.057191
0.058055
0.058918
0.059924
0.060931
0.060746
0.060561
0.059500
0.058439
0.057733
0.057028
0.056435
0.055841
0.053377
0.050912
0.045544
0.040176
0.033668
0.027160
0.021942
0.016724
0.013453
0.010183
0.008351
0.006519
0.006116
0.005713
0.006356
0.006999
0.007021
0.007042
0.005320
0.003597
0.001126
-0.001346
-0.003395
-0.005445
-0.007652
-0.009859
-0.012706
-0.015553
-0.017088
-0.018623
-0.016475
-0.014326
-0.009385
-0.004445
-0.000325
0.003794
0.005065
0.006336
0.006139
0.005943
0.006514
0.007085
0.008817
0.010549
0.012445
0.014341
0.015524
0.016708
0.016836
0.016965
0.016263
0.015561
0.015085
0.014608
0.015499
0.016389
0.018310
0.020231
0.021466
0.022700
0.022202
0.021704
0.020127
0.018549
0.016836
0.015122
0.013131
0.011140
0.008320
0.005500
0.002036
-0.001427
-0.004802
-0.008178
-0.011240
-0.014302
-0.017694
-0.021085
-0.025418
-0.029750
-0.034525
-0.039300
-0.043348
-0.047395
-0.050452
-0.053508
-0.056253
-0.058997
-0.061748
-0.064499
-0.067333
-0.070167
-0.073931
-0.077696
-0.082829
-0.087963
-0.092611
-0.097260
-0.098995
-0.100730
-0.100018
-0.099306
-0.098939
-0.098572
-0.099672
-0.100773
-0.101878
-0.102983
-0.102426
-0.101869
-0.098805
-0.095740
-0.089750
-0.083760
-0.076115
-0.068471
-0.062431
-0.056391
-0.053996
-0.051601
-0.051226
-0.050852
-0.049380
-0.047909
-0.044031
-0.040154
-0.034201
-0.028249
-0.021204
-0.014159
-0.007337
-0.000515
0.005084
0.010683
0.015581
0.020479
0.024941
0.029402
0.031864
0.034325
0.033271
0.032216
0.029084
0.025951
0.023773
0.021594
0.021830
0.022066
0.024150
0.026234
0.029106
0.031977
0.034292
0.036606
0.036993
0.037380
0.036066
0.034752
0.033524
0.032296
0.031592
0.030888
0.029237
0.027585
0.024468
0.021350
0.018742
0.016135
0.015937
0.015739
0.017633
0.019527
0.022019
0.024511
0.026902
0.029292
0.031495
0.033698
0.035514
0.037330
0.038885
0.040440
0.042154
0.043867
0.045124
0.046380
0.045003
0.043627
0.038005
0.032383
0.023690
0.014998
0.006911
-0.001176
-0.005668
-0.010160
-0.011188
-0.012216
-0.012454
-0.012691
-0.014395
-0.016099
-0.019520
-0.022941
-0.027118
-0.031295
-0.035344
-0.039394
-0.042393
-0.045393
-0.046353
-0.047313
-0.046373
-0.045432
-0.044091
-0.042750
-0.041712
-0.040674
-0.038590
-0.036505
-0.032186
-0.027867
-0.022507
-0.017148
-0.012519
-0.007889
-0.003618
0.000654
0.005862
0.011069
0.016500
0.021930
0.025610
0.029289
0.030833
0.032377
0.033103
0.033829
0.034799
0.035769
0.037345
0.038922
0.041245
0.043567
0.046066
0.048565
0.049896
0.051227
0.050705
0.050182
0.048417
0.046651
0.044179
0.041706
0.038366
0.035026
0.031133
0.027240
0.023932
0.020624
0.018342
0.016060
0.013998
0.011935
0.009217
0.006499
0.003076
-0.000347
-0.003814
-0.007281
-0.009576
-0.011872
-0.011855
-0.011837
-0.009626
-0.007415
-0.004242
-0.001069
0.002382
0.005833
0.009870
0.013907
0.018444
0.022981
0.027172
0.031363
0.034999
0.038635
0.042315
0.045994
0.049576
0.053157
0.055512
0.057866
0.058697
0.059529
0.060021
0.060512
0.061630
0.062748
0.063912
0.065075
0.065168
0.065261
0.064041
0.062822
0.060569
0.058315
0.054688
0.051061
0.045541
0.040021
0.033179
0.026338
0.019740
0.013142
0.007902
0.002662
-0.001070
-0.004802
-0.007287
-0.009771
-0.011507
-0.013244
-0.015416
-0.017589
-0.021048
-0.024508
-0.028529
-0.032551
-0.035933
-0.039315
-0.042578
-0.045842
-0.050114
-0.054387
-0.059060
-0.063734
-0.067557
-0.071380
-0.075162
-0.078944
-0.084045
-0.089145
-0.093850
-0.098555
-0.099500
-0.100445
-0.097579
-0.094713
-0.091606
-0.088498
-0.087256
-0.086014
-0.085278
-0.084543
-0.082502
-0.080461
-0.077278
-0.074095
-0.070914
-0.067734
-0.065152
-0.062570
-0.060320
-0.058070
-0.055417
-0.052765
-0.049462
-0.046158
-0.043360
-0.040561
-0.039589
-0.038616
-0.039024
-0.039432
-0.039427
-0.039423
-0.038091
-0.036759
-0.033658
-0.030557
-0.025053
-0.019548
-0.012782
-0.006015
-0.001765
0.002485
0.002152
0.001820
0.000016
-0.001787
-0.000823
0.000141
0.003863
0.007585
0.011234
0.014882
0.017628
0.020374
0.022925
0.025476
0.027385
0.029294
0.030017
0.030740
0.031589
0.032437
0.034409
0.036380
0.038350
0.040320
0.041229
0.042138
0.043100
0.044062
0.046363
0.048665
0.051925
0.055185
0.058477
0.061768
0.065013
0.068258
0.071296
0.074335
0.076744
0.079153
0.081129
0.083105
0.085184
0.087264
0.088977
0.090691
0.091066
0.091442
0.090345
0.089249
0.087556
0.085863
0.084149
0.082435
0.080088
0.077741
0.072957
0.068173
0.059941
0.051708
0.042441
0.033173
0.028039
0.022906
0.024270
0.025634
0.029841
0.034049
0.035772
0.037495
0.035790
0.034085
0.031598
0.029111
0.027325
0.025538
0.023665
0.021792
0.019286
0.016779
0.014047
0.011314
0.008282
0.005249
0.001345
-0.002558
-0.006798
-0.011038
-0.013900
-0.016761
-0.017437
-0.018112
-0.017883
-0.017653
-0.018395
-0.019138
-0.021305
-0.023473
-0.026461
-0.029449
-0.033236
-0.037024
-0.041952
-0.046881
-0.051747
-0.056612
-0.059204
-0.061797
-0.062048
-0.062299
-0.062712
-0.063124
-0.064678
-0.066231
-0.066430
-0.066630
-0.063315
-0.060000
-0.054716
-0.049432
-0.045120
-0.040808
-0.038019
-0.035229
-0.032308
-0.029386
-0.025315
-0.021243
-0.016721
-0.012199
-0.008671
-0.005143
-0.003635
-0.002127
-0.002952
-0.003777
-0.006294
-0.008811
-0.011998
-0.015186
-0.018066
-0.020946
-0.022599
-0.024251
-0.023976
-0.023700
-0.021913
-0.020125
-0.018053
-0.015981
-0.014541
-0.013101
-0.012698
-0.012294
-0.013380
-0.014466
-0.017368
-0.020269
-0.024249
-0.028229
-0.031392
-0.034554
-0.034930
-0.035307
-0.032202
-0.029097
-0.023529
-0.017962
-0.012413
-0.006864
-0.003800
-0.000735
-0.000620
-0.000504
-0.001427
-0.002350
-0.002101
-0.001852
-0.000056
0.001741
0.003570
0.005399
0.005611
0.005824
0.004416
0.003008
0.001650
0.000293
0.000562
0.000832
0.002699
0.004567
0.006851
0.009136
0.010951
0.012767
0.014011
0.015256
0.016210
0.017164
0.018169
0.019175
0.020169
0.021163
0.021348
0.021532
0.020309
0.019086
0.017224
0.015363
0.013990
0.012617
0.011453
0.010290
0.008390
0.006491
0.004628
0.002765
0.003110
0.003455
0.006743
0.010031
0.014699
0.019368
0.023669
0.027970
0.031023
0.034075
0.035299
0.036522
0.035906
0.035290
0.033671
0.032052
0.029689
0.027325
0.023380
0.019436
0.014142
0.008848
0.004663
0.000478
-0.000171
-0.000819
0.001845
0.004509
0.008567
0.012626
0.016756
0.020886
0.024301
0.027716
0.029051
0.030386
0.028731
0.027075
0.023601
0.020128
0.016904
0.013680
0.011152
0.008624
0.005424
0.002224
-0.002384
-0.006992
-0.011569
-0.016147
-0.018799
-0.021452
-0.022213
-0.022974
-0.023644
-0.024314
-0.026008
-0.027702
-0.029879
-0.032056
-0.033614
-0.035171
-0.036025
-0.036880
-0.037951
-0.039022
-0.040609
-0.042196
-0.042639
-0.043081
-0.040338
-0.037595
-0.032321
-0.027047
-0.022806
-0.018565
-0.017708
-0.016852
-0.017808
-0.018763
-0.018154
-0.017544
-0.014088
-0.010632
-0.005373
-0.000113
0.004965
0.010043
0.013434
0.016824
0.018762
0.020699
0.023032
0.025364
0.028395
0.031427
0.032771
0.034116
0.032538
0.030960
0.029204
0.027449
0.028380
0.029312
0.031837
0.034362
0.035529
0.036697
0.035434
0.034172
0.030043
0.025914
0.018243
0.010573
0.002074
-0.006425
-0.010215
-0.014005
-0.012087
-0.010170
-0.008351
-0.006532
-0.008390
-0.010247
-0.012210
-0.014172
-0.011696
-0.009219
-0.003545
0.002129
0.007413
0.012697
0.017050
0.021404
0.025786
0.030169
0.033052
0.035934
0.034734
0.033533
0.028824
0.024115
0.019108
0.014101
0.011158
0.008214
0.007044
0.005874
0.005270
0.004666
0.003899
0.003131
0.001683
0.000236
-0.002776
-0.005788
-0.010305
-0.014822
-0.018698
-0.022574
-0.023440
-0.024307
-0.022497
-0.020688
-0.019087
-0.017486
-0.018357
-0.019229
-0.022457
-0.025685
-0.029840
-0.033994
-0.037226
-0.040458
-0.041607
-0.042756
-0.042476
-0.042196
-0.042527
-0.042857
-0.044077
-0.045297
-0.045857
-0.046417
-0.045635
-0.044852
-0.043920
-0.042987
-0.042443
-0.041899
-0.040557
-0.039214
-0.036136
-0.033057
-0.028820
-0.024583
-0.019854
-0.015125
-0.009928
-0.004730
0.000331
0.005391
0.009324
0.013257
0.016121
0.018985
0.021398
0.023811
0.025889
0.027966
0.029985
0.032003
0.034802
0.037600
0.040846
0.044092
0.045805
0.047519
0.046227
0.044934
0.041139
0.037344
0.032074
0.026803
0.020598
0.014393
0.008114
0.001835
-0.003372
-0.008578
-0.012657
-0.016735
-0.020556
-0.024377
-0.028233
-0.032089
-0.035586
-0.039083
-0.041517
-0.043951
-0.043786
-0.043621
-0.039277
-0.034932
-0.027510
-0.020088
-0.013037
-0.005985
-0.000952
0.004082
0.008560
0.013039
0.017346
0.021653
0.023260
0.024866
0.022017
0.019168
0.013294
0.007420
0.000272
-0.006877
-0.014788
-0.022699
-0.029669
-0.036640
-0.039446
-0.042251
-0.040220
-0.038189
-0.034735
-0.031281
-0.029291
-0.027300
-0.025694
-0.024088
-0.020581
-0.017075
-0.012099
-0.007123
-0.003118
0.000888
0.002762
0.004636
0.005673
0.006710
0.009116
0.011522
0.016151
0.020779
0.026666
0.032554
0.038004
0.043454
0.047218
0.050981
0.052338
0.053694
0.052464
0.051233
0.048840
0.046448
0.045647
0.044847
0.046850
0.048853
0.051205
0.053557
0.053235
0.052912
0.049938
0.046963
0.043651
0.040339
0.037889
0.035439
0.033794
0.032150
0.031453
0.030756
0.030870
0.030985
0.030454
0.029924
0.028210
0.026497
0.025716
0.024934
0.026942
0.028949
0.031816
0.034684
0.034791
0.034898
0.031349
0.027800
0.022969
0.018137
0.014427
0.010716
0.008773
0.006830
0.006047
0.005264
0.004777
0.004290
0.003275
0.002260
0.000546
-0.001169
-0.002980
-0.004792
-0.005601
-0.006411
-0.005350
-0.004288
-0.001822
0.000644
0.002421
0.004197
0.003362
0.002527
0.000153
-0.002220
-0.002815
-0.003410
-0.000301
0.002808
0.008263
0.013718
0.019587
0.025457
0.030890
0.036323
0.040015
0.043708
0.043037
0.042366
0.036693
0.031019
0.023908
0.016797
0.012539
0.008281
0.006709
0.005137
0.002704
0.000271
-0.004333
-0.008937
-0.013550
-0.018163
-0.021279
-0.024396
-0.026942
-0.029488
-0.031929
-0.034371
-0.035645
-0.036918
-0.036999
-0.037079
-0.037492
-0.037904
-0.039025
-0.040145
-0.040904
-0.041664
-0.042195
-0.042725
-0.044292
-0.045858
-0.048485
-0.051113
-0.054136
-0.057159
-0.061208
-0.065257
-0.070823
-0.076388
-0.081856
-0.087324
-0.091247
-0.095171
-0.098637
-0.102102
-0.105862
-0.109621
-0.111792
-0.113963
-0.113255
-0.112547
-0.110804
-0.109060
-0.107528
-0.105996
-0.103147
-0.100298
-0.095645
-0.090993
-0.087098
-0.083203
-0.081268
-0.079333
-0.077070
-0.074807
-0.070760
-0.066712
-0.062553
-0.058395
-0.055098
-0.051801
-0.047562
-0.043323
-0.036959
-0.030594
-0.023514
-0.016434
-0.009792
-0.003150
0.003296
0.009742
0.015774
0.021806
0.026572
0.031338
0.035773
0.040209
0.045729
0.051248
0.057067
0.062886
0.067465
0.072044
0.076829
0.081614
0.088517
0.095421
0.101399
0.107377
0.106160
0.104942
0.095163
0.085383
0.073463
0.061542
0.054919
0.048297
0.048803
0.049309
0.053631
0.057954
0.062861
0.067769
0.072425
0.077081
0.081892
0.086702
0.091260
0.095818
0.098770
0.101723
0.101559
0.101395
0.097122
0.092849
0.084186
0.075523
0.063965
0.052407
0.042077
0.031746
0.026816
0.021885
0.021694
0.021503
0.020944
0.020385
0.016393
0.012400
0.007049
0.001697
-0.003037
-0.007772
-0.013337
-0.018901
-0.025915
-0.032930
-0.038577
-0.044224
-0.047339
-0.050455
-0.054346
-0.058238
-0.064303
-0.070369
-0.073909
-0.077450
-0.074101
-0.070753
-0.063584
-0.056416
-0.051084
-0.045752
-0.043483
-0.041214
-0.040215
-0.039216
-0.039917
-0.040617
-0.043828
-0.047038
-0.050534
-0.054029
-0.054036
-0.054042
-0.049657
-0.045272
-0.038759
-0.032246
-0.026809
-0.021373
-0.018662
-0.015951
-0.014656
-0.013361
-0.009799
-0.006237
0.001459
0.009155
0.018568
0.027982
0.035283
0.042584
0.047146
0.051708
0.055052
0.058396
0.060409
0.062422
0.061475
0.060528
0.057051
0.053574
0.050325
0.047076
0.045832
0.044588
0.044576
0.044564
0.044003
0.043442
0.042097
0.040752
0.040044
0.039336
0.040836
0.042336
0.045767
0.049198
0.052384
0.055569
0.056265
0.056961
0.054939
0.052917
0.049252
0.045588
0.040563
0.035539
0.029116
0.022693
0.016405
0.010117
0.006092
0.002067
-0.000020
-0.002107
-0.004963
-0.007819
-0.012788
-0.017757
-0.023109
-0.028461
-0.032259
-0.036056
-0.038907
-0.041759
-0.045602
-0.049445
-0.054791
-0.060138
-0.065969
-0.071801
-0.077212
-0.082622
-0.087735
-0.092849
-0.097976
-0.103104
-0.107480
-0.111857
-0.113955
-0.116052
-0.115698
-0.115344
-0.114805
-0.114265
-0.114231
-0.114196
-0.110976
-0.107757
-0.097558
-0.087359
-0.073543
-0.059727
-0.049614
-0.039502
-0.035134
-0.030766
-0.027220
-0.023673
-0.017932
-0.012191
-0.007199
-0.002207
-0.000361
0.001484
0.002713
0.003941
0.007063
0.010185
0.014069
0.017953
0.021936
0.025919
0.031502
0.037084
0.043266
0.049448
0.052334
0.055219
0.054034
0.052849
0.051215
0.049581
0.049105
0.048629
0.047228
0.045826
0.043337
0.040848
0.040481
0.040114
0.042520
0.044927
0.046926
0.048925
0.049333
0.049741
0.050879
0.052018
0.054805
0.057591
0.060630
0.063669
0.066710
0.069751
0.073082
0.076413
0.077984
0.079556
0.077444
0.075333
0.071538
0.067743
0.064756
0.061770
0.057945
0.054120
0.047215
0.040309
0.033323
0.026336
0.023926
0.021515
0.023134
0.024754
0.026118
0.027482
0.026886
0.026291
0.024967
0.023642
0.021888
0.020135
0.017035
0.013935
0.009884
0.005833
0.002418
-0.000998
-0.003223
-0.005447
-0.007018
-0.008588
-0.009740
-0.010892
-0.011484
-0.012077
-0.012266
-0.012455
-0.012471
-0.012487
-0.012043
-0.011599
-0.010125
-0.008650
-0.005876
-0.003101
-0.000086
0.002929
0.004321
0.005714
0.005091
0.004468
0.003945
0.003421
0.004555
0.005688
0.007167
0.008645
0.008489
0.008333
0.006796
0.005260
0.003856
0.002452
0.001903
0.001353
0.002303
0.003253
0.006681
0.010108
0.015040
0.019971
0.023134
0.026296
0.026314
0.026331
0.025809
0.025287
0.026607
0.027927
0.030351
0.032774
0.035213
0.037652
0.041161
0.044669
0.049751
0.054833
0.059393
0.063952
0.065784
0.067617
0.066916
0.066215
0.064260
0.062306
0.059825
0.057345
0.055297
0.053249
0.052661
0.052072
0.051894
0.051715
0.049175
0.046634
0.040919
0.035203
0.029258
0.023312
0.020560
0.017808
0.018378
0.018947
0.020031
0.021115
0.020366
0.019616
0.016612
0.013607
0.009084
0.004560
-0.000517
-0.005594
-0.010314
-0.015033
-0.019056
-0.023079
-0.026601
-0.030122
-0.033392
-0.036661
-0.039743
-0.042825
-0.046101
-0.049377
-0.053291
-0.057204
-0.061535
-0.065866
-0.069752
-0.073638
-0.076969
-0.080299
-0.083604
-0.086910
-0.089698
-0.092486
-0.093073
-0.093660
-0.091623
-0.089586
-0.086635
-0.083685
-0.081120
-0.078556
-0.075534
-0.072513
-0.067518
-0.062523
-0.055631
-0.048739
-0.041505
-0.034270
-0.028447
-0.022623
-0.018966
-0.015309
-0.013324
-0.011339
-0.009779
-0.008218
-0.006618
-0.005018
-0.004370
-0.003722
-0.004841
-0.005960
-0.007757
-0.009555
-0.010268
-0.010981
-0.010125
-0.009268
-0.007184
-0.005100
-0.001527
0.002046
0.007128
0.012211
0.017040
0.021868
0.023983
0.026099
0.025135
0.024171
0.021872
0.019573
0.017112
0.014651
0.011777
0.008902
0.005692
0.002482
-0.000159
-0.002800
-0.004919
-0.007037
-0.009972
-0.012907
-0.016781
-0.020655
-0.023655
-0.026655
-0.028000
-0.029346
-0.030996
-0.032646
-0.035880
-0.039114
-0.041646
-0.044179
-0.043224
-0.042269
-0.038844
-0.035419
-0.032797
-0.030174
-0.029013
-0.027851
-0.026202
-0.024554
-0.022118
-0.019682
-0.018960
-0.018238
-0.021005
-0.023772
-0.028739
-0.033707
-0.038036
-0.042365
-0.044311
-0.046256
-0.046344
-0.046431
-0.046738
-0.047044
-0.048815
-0.050587
-0.052662
-0.054737
-0.054974
-0.055211
-0.053455
-0.051700
-0.049824
-0.047949
-0.046817
-0.045685
-0.044214
-0.042744
-0.040560
-0.038376
-0.037241
-0.036106
-0.037183
-0.038260
-0.040056
-0.041853
-0.042092
-0.042331
-0.040684
-0.039038
-0.036693
-0.034348
-0.031738
-0.029128
-0.025673
-0.022219
-0.017916
-0.013614
-0.009650
-0.005686
-0.002940
-0.000194
0.001536
0.003266
0.004653
0.006040
0.007308
0.008576
0.009726
0.010876
0.012215
0.013554
0.015981
0.018409
0.022902
0.027394
0.033979
0.040563
0.047811
0.055058
0.061238
0.067418
0.072189
0.076960
0.081085
0.085209
0.088459
0.091709
0.092521
0.093332
0.091023
0.088714
0.084924
0.081135
0.078159
0.075183
0.073751
0.072319
0.071429
0.070539
0.068703
0.066867
0.063072
0.059276
0.053698
0.048121
0.042586
0.037051
0.033672
0.030292
0.029028
0.027763
0.026198
0.024634
0.020872
0.017111
0.011821
0.006530
0.001382
-0.003766
-0.008702
-0.013637
-0.019392
-0.025147
-0.031291
-0.037436
-0.042176
-0.046917
-0.049839
-0.052761
-0.055298
-0.057834
-0.060926
-0.064018
-0.067324
-0.070631
-0.074114
-0.077598
-0.081609
-0.085620
-0.089351
-0.093082
-0.095313
-0.097545
-0.098589
-0.099634
-0.099854
-0.100074
-0.097277
-0.094480
-0.086668
-0.078856
-0.068210
-0.057564
-0.047779
-0.037994
-0.029185
-0.020376
-0.011841
-0.003306
0.001135
0.005575
0.001478
-0.002619
-0.011662
-0.020704
-0.025612
-0.030519
-0.027889
-0.025258
-0.019843
-0.014428
-0.010103
-0.005779
-0.001303
0.003172
0.008691
0.014209
0.018295
0.022381
0.023740
0.025098
0.026068
0.027037
0.029581
0.032126
0.035111
0.038096
0.039989
0.041882
0.043030
0.044177
0.045119
0.046060
0.046481
0.046903
0.047228
0.047553
0.048976
0.050399
0.052656
0.054912
0.056203
0.057494
0.056756
0.056018
0.053666
0.051314
0.047948
0.044582
0.040708
0.036835
0.033654
0.030473
0.029296
0.028119
0.028843
0.029566
0.031085
0.032604
0.034563
0.036522
0.039419
0.042316
0.045969
0.049621
0.052720
0.055820
0.057242
0.058665
0.058541
0.058418
0.057715
0.057013
0.056663
0.056314
0.056979
0.057645
0.059685
0.061726
0.064737
0.067749
0.070321
0.072894
0.073530
0.074165
0.072454
0.070742
0.067056
0.063370
0.057915
0.052459
0.045816
0.039173
0.033151
0.027129
0.023245
0.019361
0.016916
0.014471
0.011847
0.009224
0.006698
0.004172
0.003086
0.002000
0.001825
0.001650
0.000566
-0.000518
-0.002395
-0.004273
-0.005490
-0.006706
-0.007671
-0.008637
-0.010965
-0.013293
-0.016010
-0.018727
-0.018841
-0.018956
-0.016009
-0.013062
-0.010250
-0.007438
-0.007377
-0.007317
-0.009520
-0.011723
-0.014284
-0.016845
-0.018571
-0.020296
-0.020795
-0.021293
-0.021285
-0.021277
-0.022542
-0.023808
-0.026735
-0.029663
-0.031359
-0.033056
-0.030093
-0.027131
-0.020060
-0.012989
-0.005482
0.002024
0.007492
0.012960
0.016457
0.019953
0.021525
0.023097
0.022373
0.021649
0.019796
0.017943
0.016942
0.015940
0.015594
0.015248
0.013810
0.012372
0.010474
0.008575
0.008779
0.008983
0.011032
0.013080
0.013165
0.013251
0.009745
0.006240
0.002273
-0.001695
-0.003313
-0.004932
-0.005949
-0.006966
-0.010005
-0.013045
-0.016973
-0.020901
-0.023051
-0.025200
-0.025716
-0.026232
-0.026788
-0.027344
-0.027574
-0.027804
-0.026406
-0.025008
-0.023039
-0.021070
-0.020797
-0.020524
-0.021742
-0.022960
-0.023297
-0.023634
-0.021993
-0.020351
-0.017821
-0.015291
-0.013020
-0.010749
-0.009161
-0.007574
-0.006836
-0.006098
-0.006029
-0.005959
-0.005992
-0.006025
-0.006286
-0.006548
-0.007725
-0.008902
-0.010843
-0.012784
-0.014625
-0.016466
-0.018092
-0.019719
-0.021391
-0.023063
-0.023819
-0.024576
-0.023138
-0.021700
-0.019064
-0.016428
-0.015211
-0.013994
-0.015054
-0.016114
-0.017878
-0.019643
-0.020938
-0.022233
-0.023358
-0.024484
-0.025472
-0.026460
-0.026536
-0.026611
-0.025675
-0.024738
-0.023567
-0.022395
-0.021283
-0.020172
-0.018792
-0.017411
-0.015784
-0.014156
-0.012433
-0.010710
-0.008420
-0.006131
-0.003137
-0.000144
0.002096
0.004335
0.004080
0.003825
0.001357
-0.001111
-0.003873
-0.006636
-0.008414
-0.010192
-0.011007
-0.011821
-0.011893
-0.011965
-0.011154
-0.010343
-0.008608
-0.006873
-0.004544
-0.002216
0.000278
0.002772
0.004822
0.006872
0.007317
0.007761
0.005295
0.002828
-0.002625
-0.008078
-0.014504
-0.020930
-0.025390
-0.029850
-0.030888
-0.031926
-0.030489
-0.029052
-0.026562
-0.024072
-0.020909
-0.017746
-0.014275
-0.010803
-0.008632
-0.006461
-0.006526
-0.006590
-0.007395
-0.008201
-0.007511
-0.006821
-0.004575
-0.002329
-0.000177
0.001975
0.002804
0.003633
0.003175
0.002718
0.001776
0.000834
0.000182
-0.000470
-0.000946
-0.001422
-0.002786
-0.004150
-0.006542
-0.008934
-0.010492
-0.012051
-0.011179
-0.010307
-0.008551
-0.006794
-0.006756
-0.006718
-0.008086
-0.009453
-0.009616
-0.009779
-0.008195
-0.006612
-0.005355
-0.004098
-0.004385
-0.004671
-0.005388
-0.006104
-0.006410
-0.006716
-0.007508
-0.008300
-0.010067
-0.011834
-0.012973
-0.014112
-0.012948
-0.011783
-0.009126
-0.006469
-0.004535
-0.002600
-0.002032
-0.001465
-0.000973
-0.000481
0.000878
0.002236
0.003975
0.005714
0.007290
0.008866
0.010684
0.012501
0.014948
0.017394
0.019666
0.021939
0.022661
0.023382
0.022235
0.021089
0.019493
0.017898
0.017612
0.017326
0.018519
0.019713
0.020862
0.022011
0.021940
0.021869
0.020920
0.019971
0.018757
0.017543
0.015858
0.014173
0.011985
0.009797
0.007916
0.006036
0.004521
0.003006
0.000589
-0.001828
-0.005434
-0.009040
-0.011840
-0.014640
-0.014846
-0.015052
-0.013471
-0.011889
-0.010693
-0.009497
-0.009904
-0.010310
-0.011996
-0.013682
-0.015451
-0.017221
-0.018061
-0.018902
-0.019352
-0.019802
-0.021597
-0.023392
-0.026412
-0.029432
-0.030072
-0.030713
-0.025709
-0.020705
-0.011712
-0.002720
0.005597
0.013913
0.019434
0.024955
0.029081
0.033207
0.037240
0.041273
0.044764
0.048255
0.050685
0.053115
0.054958
0.056801
0.058493
0.060185
0.061692
0.063199
0.064975
0.066752
0.069577
0.072402
0.075959
0.079516
0.082529
0.085542
0.087512
0.089482
0.090699
0.091916
0.092102
0.092288
0.090915
0.089542
0.087368
0.085194
0.083635
0.082077
0.081087
0.080096
0.078212
0.076327
0.073086
0.069844
0.066425
0.063006
0.059974
0.056943
0.053353
0.049762
0.045145
0.040528
0.036199
0.031870
0.029084
0.026297
0.024418
0.022538
0.019818
0.017097
0.012808
0.008519
0.003672
-0.001175
-0.004892
-0.008610
-0.010452
-0.012294
-0.012925
-0.013555
-0.014131
-0.014707
-0.015763
-0.016818
-0.018262
-0.019707
-0.021487
-0.023268
-0.025462
-0.027655
-0.029881
-0.032106
-0.033640
-0.035173
-0.035849
-0.036526
-0.037062
-0.037599
-0.038683
-0.039768
-0.041280
-0.042792
-0.044214
-0.045635
-0.046957
-0.048279
-0.050048
-0.051816
-0.054199
-0.056583
-0.058926
-0.061268
-0.062566
-0.063864
-0.063602
-0.063340
-0.061643
-0.059947
-0.057537
-0.055127
-0.053072
-0.051018
-0.049960
-0.048902
-0.048211
-0.047520
-0.046028
-0.044536
-0.042239
-0.039941
-0.038047
-0.036152
-0.035227
-0.034301
-0.033513
-0.032725
-0.031500
-0.030275
-0.029501
-0.028726
-0.029291
-0.029856
-0.031001
-0.032146
-0.032634
-0.033122
-0.033202
-0.033283
-0.034103
-0.034923
-0.036619
-0.038315
-0.040090
-0.041864
-0.043473
-0.045081
-0.047081
-0.049080
-0.051668
-0.054255
-0.056779
-0.059303
-0.061125
-0.062947
-0.063865
-0.064783
-0.064530
-0.064278
-0.062258
-0.060238
-0.056504
-0.052770
-0.048480
-0.044190
-0.040787
-0.037384
-0.035314
-0.033245
-0.032280
-0.031315
-0.031402
-0.031490
-0.032456
-0.033422
-0.034173
-0.034924
-0.034469
-0.034013
-0.032726
-0.031439
-0.030238
-0.029038
-0.027739
-0.026441
-0.024176
-0.021911
-0.018548
-0.015185
-0.011536
-0.007887
-0.005059
-0.002231
-0.001575
-0.000919
-0.003015
-0.005111
-0.007950
-0.010789
-0.010970
-0.011150
-0.008160
-0.005170
-0.001962
0.001247
0.002738
0.004230
0.005340
0.006449
0.008974
0.011499
0.015138
0.018777
0.022537
0.026297
0.029960
0.033623
0.037076
0.040530
0.043154
0.045778
0.047659
0.049541
0.051406
0.053272
0.055268
0.057263
0.058834
0.060405
0.061319
0.062233
0.062329
0.062425
0.061647
0.060870
0.060088
0.059307
0.060021
0.060734
0.062788
0.064842
0.066235
0.067629
0.067175
0.066721
0.065362
0.064003
0.062266
0.060529
0.057124
0.053719
0.048251
0.042783
0.037460
0.032136
0.028685
0.025234
0.022338
0.019442
0.015482
0.011523
0.007712
0.003900
0.002240
0.000581
0.000383
0.000185
-0.000559
-0.001304
-0.002614
-0.003924
-0.004680
-0.005435
-0.006049
-0.006663
-0.008252
-0.009842
-0.011994
-0.014147
-0.015597
-0.017047
-0.017315
-0.017582
-0.016854
-0.016127
-0.014576
-0.013025
-0.011334
-0.009642
-0.008397
-0.007152
-0.005948
-0.004743
-0.003082
-0.001421
0.000064
0.001549
0.002905
0.004260
0.007224
0.010189
0.014907
0.019625
0.022865
0.026106
0.025876
0.025646
0.024798
0.023951
0.025362
0.026774
0.028438
0.030102
0.028969
0.027836
0.025167
0.022497
0.021113
0.019729
0.019302
0.018875
0.017936
0.016996
0.016550
0.016104
0.017359
0.018614
0.019761
0.020909
0.019852
0.018794
0.016460
0.014127
0.012289
0.010452
0.008781
0.007110
0.004945
0.002781
0.000982
-0.000816
-0.001747
-0.002678
-0.003951
-0.005223
-0.007244
-0.009266
-0.010316
-0.011366
-0.010221
-0.009075
-0.006864
-0.004652
-0.002787
-0.000922
0.000655
0.002232
0.003841
0.005451
0.006771
0.008092
0.009155
0.010218
0.011411
0.012603
0.013193
0.013782
0.012497
0.011212
0.008641
0.006070
0.004371
0.002673
0.002539
0.002406
0.002389
0.002372
0.001423
0.000475
-0.000682
-0.001840
-0.002418
-0.002996
-0.003387
-0.003778
-0.004752
-0.005725
-0.007253
-0.008781
-0.010329
-0.011876
-0.013056
-0.014236
-0.015303
-0.016369
-0.017985
-0.019600
-0.021907
-0.024213
-0.026357
-0.028502
-0.029964
-0.031427
-0.032962
-0.034497
-0.036539
-0.038581
-0.039855
-0.041128
-0.040641
-0.040153
-0.039383
-0.038612
-0.039538
-0.040465
-0.042343
-0.044221
-0.044588
-0.044955
-0.043067
-0.041178
-0.038338
-0.035498
-0.032519
-0.029540
-0.026126
-0.022711
-0.018989
-0.015266
-0.012251
-0.009237
-0.007746
-0.006256
-0.006333
-0.006410
-0.007458
-0.008506
-0.009461
-0.010416
-0.010414
-0.010411
-0.009638
-0.008865
-0.008131
-0.007398
-0.006716
-0.006035
-0.004632
-0.003228
-0.001040
0.001149
0.003081
0.005014
0.006100
0.007186
0.008196
0.009207
0.010940
0.012673
0.014778
0.016882
0.018680
0.020477
0.021929
0.023380
0.024310
0.025241
0.024815
0.024389
0.022388
0.020388
0.018287
0.016186
0.015776
0.015365
0.016675
0.017985
0.019690
0.021394
0.022723
0.024051
0.025031
0.026010
0.026380
0.026751
0.026118
0.025485
0.024206
0.022926
0.021707
0.020487
0.019283
0.018079
0.016330
0.014581
0.012600
0.010619
0.009836
0.009053
0.010303
0.011553
0.013796
0.016040
0.017312
0.018584
0.018187
0.017790
0.016905
0.016021
0.016062
0.016104
0.016763
0.017421
0.017321
0.017221
0.015993
0.014765
0.013255
0.011745
0.010382
0.009019
0.007379
0.005740
0.003837
0.001934
0.000358
-0.001218
-0.002315
-0.003412
-0.004149
-0.004886
-0.004400
-0.003914
-0.001432
0.001050
0.003884
0.006719
0.007068
0.007417
0.005247
0.003078
0.001204
-0.000669
-0.001008
-0.001347
-0.001879
-0.002411
-0.004173
-0.005935
-0.007653
-0.009370
-0.010226
-0.011082
-0.012160
-0.013238
-0.014843
-0.016449
-0.017067
-0.017685
-0.016468
-0.015251
-0.013501
-0.011751
-0.010600
-0.009450
-0.008602
-0.007754
-0.006974
-0.006194
-0.006160
-0.006126
-0.006949
-0.007773
-0.008743
-0.009713
-0.010547
-0.011381
-0.012310
-0.013240
-0.013914
-0.014588
-0.014569
-0.014550
-0.014518
-0.014486
-0.015306
-0.016127
-0.017154
-0.018182
-0.018129
-0.018075
-0.017363
-0.016652
-0.016848
-0.017044
-0.018075
-0.019106
-0.019134
-0.019163
-0.017623
-0.016084
-0.014756
-0.013427
-0.013704
-0.013981
-0.014920
-0.015858
-0.016034
-0.016209
-0.015991
-0.015774
-0.016387
-0.017000
-0.018445
-0.019890
-0.021244
-0.022597
-0.023322
-0.024047
-0.023961
-0.023876
-0.022721
-0.021566
-0.019710
-0.017853
-0.016429
-0.015005
-0.014430
-0.013855
-0.012928
-0.012001
-0.009506
-0.007011
-0.003385
0.000240
0.003634
0.007028
0.009543
0.012058
0.013815
0.015572
0.016839
0.018106
0.019335
0.020564
0.022329
0.024094
0.026284
0.028474
0.030247
0.032021
0.032972
0.033924
0.034565
0.035207
0.035921
0.036636
0.037111
0.037585
0.037451
0.037316
0.036600
0.035884
0.034766
0.033647
0.032697
0.031747
0.031857
0.031968
0.033095
0.034223
0.034868
0.035514
0.034518
0.033523
0.031687
0.029851
0.028615
0.027378
0.026937
0.026497
0.026138
0.025779
0.025269
0.024759
0.024142
0.023526
0.022687
0.021848
0.020887
0.019926
0.019010
0.018094
0.016729
0.015365
0.013147
0.010929
0.008555
0.006180
0.004267
0.002354
0.000031
-0.002292
-0.005789
-0.009287
-0.012622
-0.015957
-0.017172
-0.018387
-0.017714
-0.017042
-0.016213
-0.015384
-0.015027
-0.014671
-0.014180
-0.013689
-0.012960
-0.012232
-0.011885
-0.011539
-0.011914
-0.012290
-0.013241
-0.014191
-0.015490
-0.016788
-0.018289
-0.019790
-0.021496
-0.023201
-0.025169
-0.027137
-0.029029
-0.030921
-0.031897
-0.032873
-0.032337
-0.031802
-0.029896
-0.027989
-0.025301
-0.022613
-0.019849
-0.017085
-0.015144
-0.013204
-0.012958
-0.012713
-0.014392
-0.016071
-0.018704
-0.021337
-0.023108
-0.024878
-0.024649
-0.024419
-0.023022
-0.021626
-0.020711
-0.019796
-0.019349
-0.018902
-0.017292
-0.015681
-0.012396
-0.009110
-0.005536
-0.001963
0.000822
0.003608
0.005993
0.008378
0.010413
0.012449
0.013308
0.014166
0.013838
0.013509
0.013184
0.012859
0.012753
0.012647
0.011515
0.010382
0.007470
0.004557
0.000551
-0.003455
-0.007541
-0.011628
-0.015363
-0.019098
-0.022165
-0.025232
-0.026914
-0.028596
-0.028223
-0.027849
-0.026013
-0.024177
-0.022763
-0.021348
-0.021460
-0.021571
-0.022134
-0.022696
-0.022319
-0.021941
-0.021450
-0.020958
-0.021740
-0.022522
-0.023585
-0.024648
-0.023913
-0.023178
-0.021209
-0.019239
-0.018549
-0.017858
-0.019176
-0.020493
-0.022295
-0.024096
-0.025586
-0.027077
-0.028597
-0.030116
-0.031212
-0.032307
-0.031693
-0.031080
-0.028715
-0.026351
-0.023482
-0.020613
-0.018351
-0.016090
-0.014399
-0.012709
-0.010710
-0.008712
-0.005606
-0.002500
0.001243
0.004986
0.008029
0.011072
0.012906
0.014740
0.016198
0.017656
0.019272
0.020888
0.022210
0.023532
0.024583
0.025634
0.027432
0.029230
0.032012
0.034794
0.037558
0.040321
0.042600
0.044879
0.047172
0.049465
0.051418
0.053370
0.053691
0.054013
0.052727
0.051441
0.050465
0.049488
0.049941
0.050394
0.050854
0.051313
0.049744
0.048175
0.044758
0.041342
0.037993
0.034645
0.032256
0.029867
0.027389
0.024911
0.021664
0.018416
0.015837
0.013258
0.013204
0.013150
0.015006
0.016863
0.017935
0.019007
0.017730
0.016453
0.013743
0.011034
0.008297
0.005560
0.002958
0.000356
-0.002446
-0.005248
-0.007902
-0.010556
-0.012253
-0.013951
-0.014299
-0.014647
-0.014039
-0.013430
-0.012769
-0.012108
-0.012188
-0.012268
-0.013091
-0.013913
-0.014604
-0.015295
-0.014974
-0.014654
-0.013308
-0.011962
-0.010292
-0.008623
-0.007415
-0.006208
-0.005976
-0.005745
-0.006659
-0.007574
-0.009296
-0.011017
-0.012806
-0.014595
-0.015558
-0.016520
-0.016227
-0.015933
-0.014647
-0.013361
-0.011665
-0.009969
-0.007984
-0.006000
-0.003395
-0.000789
0.002596
0.005980
0.009704
0.013427
0.016604
0.019781
0.021491
0.023201
0.023092
0.022983
0.021621
0.020260
0.018551
0.016842
0.014843
0.012844
0.010104
0.007363
0.004472
0.001581
0.000197
-0.001188
-0.000570
0.000048
0.001121
0.002194
0.002065
0.001936
0.000469
-0.000998
-0.003107
-0.005217
-0.007488
-0.009758
-0.011749
-0.013741
-0.015085
-0.016430
-0.017357
-0.018285
-0.019066
-0.019846
-0.019920
-0.019993
-0.018882
-0.017770
-0.016416
-0.015062
-0.014618
-0.014173
-0.014164
-0.014154
-0.013576
-0.012998
-0.012489
-0.011980
-0.012839
-0.013699
-0.015470
-0.017242
-0.018441
-0.019639
-0.020402
-0.021165
-0.022926
-0.024687
-0.027360
-0.030033
-0.031652
-0.033272
-0.032489
-0.031705
-0.028953
-0.026200
-0.022437
-0.018675
-0.014616
-0.010557
-0.007010
-0.003463
-0.001098
0.001268
0.002750
0.004232
0.005755
0.007278
0.009241
0.011205
0.013260
0.015315
0.017039
0.018764
0.020002
0.021241
0.021950
0.022660
0.022849
0.023038
0.022662
0.022287
0.021356
0.020426
0.019385
0.018344
0.018075
0.017806
0.018609
0.019413
0.020509
0.021606
0.022131
0.022657
0.022855
0.023053
0.023685
0.024317
0.025526
0.026734
0.027996
0.029257
0.030148
0.031038
0.031368
0.031698
0.031324
0.030951
0.029791
0.028631
0.026705
0.024779
0.022221
0.019663
0.016945
0.014228
0.012048
0.009869
0.008427
0.006984
0.005838
0.004691
0.003556
0.002420
0.001451
0.000482
-0.000437
-0.001357
-0.002647
-0.003937
-0.005304
-0.006671
-0.007272
-0.007873
-0.007895
-0.007918
-0.008674
-0.009431
-0.011234
-0.013038
-0.014463
-0.015889
-0.015685
-0.015482
-0.014144
-0.012805
-0.011651
-0.010497
-0.010373
-0.010249
-0.011364
-0.012478
-0.014425
-0.016371
-0.018090
-0.019808
-0.020673
-0.021537
-0.022353
-0.023169
-0.024847
-0.026524
-0.028354
-0.030184
-0.030798
-0.031413
-0.030774
-0.030135
-0.028912
-0.027690
-0.025587
-0.023484
-0.020166
-0.016848
-0.013920
-0.010992
-0.010683
-0.010374
-0.012612
-0.014849
-0.017575
-0.020301
-0.022142
-0.023982
-0.024738
-0.025495
-0.024977
-0.024459
-0.022798
-0.021138
-0.019453
-0.017769
-0.016835
-0.015901
-0.014798
-0.013694
-0.011136
-0.008578
-0.004806
-0.001034
0.002770
0.006574
0.009875
0.013175
0.016050
0.018925
0.021332
0.023740
0.025667
0.027594
0.029129
0.030664
0.031569
0.032475
0.032569
0.032663
0.032440
0.032216
0.032306
0.032396
0.032560
0.032724
0.032476
0.032229
0.031896
0.031564
0.031776
0.031988
0.032319
0.032650
0.032023
0.031396
0.029704
0.028012
0.026334
0.024657
0.023726
0.022794
0.022046
0.021298
0.019975
0.018653
0.017125
0.015597
0.014661
0.013725
0.012989
0.012252
0.010424
0.008595
0.005589
0.002583
0.000066
-0.002452
-0.003217
-0.003983
-0.003788
-0.003594
-0.003998
-0.004402
-0.005814
-0.007226
-0.009052
-0.010878
-0.012479
-0.014079
-0.015062
-0.016045
-0.016346
-0.016647
-0.016596
-0.016545
-0.016352
-0.016158
-0.015602
-0.015045
-0.014203
-0.013361
-0.012874
-0.012387
-0.012456
-0.012525
-0.012489
-0.012453
-0.012127
-0.011800
-0.012022
-0.012244
-0.013484
-0.014724
-0.016295
-0.017865
-0.019133
-0.020401
-0.021390
-0.022379
-0.022719
-0.023059
-0.022150
-0.021240
-0.019717
-0.018193
-0.017441
-0.016688
-0.016496
-0.016305
-0.015354
-0.014404
-0.012944
-0.011484
-0.011327
-0.011171
-0.012426
-0.013680
-0.014147
-0.014613
-0.013137
-0.011660
-0.009990
-0.008320
-0.008172
-0.008024
-0.008406
-0.008788
-0.007800
-0.006812
-0.004827
-0.002842
-0.001881
-0.000920
-0.001632
-0.002344
-0.003413
-0.004483
-0.004959
-0.005436
-0.005897
-0.006359
-0.007250
-0.008142
-0.008504
-0.008865
-0.007601
-0.006337
-0.003886
-0.001435
0.001042
0.003519
0.005733
0.007946
0.010307
0.012667
0.014902
0.017138
0.018620
0.020102
0.021009
0.021916
0.022767
0.023617
0.023888
0.024158
0.023031
0.021904
0.020072
0.018240
0.017290
0.016341
0.016485
0.016629
0.016568
0.016507
0.015519
0.014531
0.012964
0.011396
0.009278
0.007159
0.004271
0.001382
-0.001170
-0.003723
-0.004242
-0.004761
-0.003295
-0.001830
0.000014
0.001857
0.003411
0.004965
0.006468
0.007972
0.008778
0.009584
0.008734
0.007883
0.006209
0.004534
0.003358
0.002181
0.000951
-0.000279
-0.002381
-0.004484
-0.005782
-0.007081
-0.005655
-0.004230
-0.001876
0.000478
0.000664
0.000850
-0.000310
-0.001470
-0.000628
0.000215
0.002580
0.004946
0.004923
0.004900
0.001353
-0.002193
-0.005973
-0.009753
-0.011076
-0.012399
-0.011666
-0.010933
-0.009543
-0.008154
-0.007257
-0.006361
-0.007026
-0.007692
-0.009346
-0.011000
-0.010772
-0.010544
-0.007362
-0.004180
-0.001164
0.001851
0.001849
0.001846
0.000660
-0.000527
-0.000078
0.000371
0.001277
0.002184
0.001188
0.000192
-0.001447
-0.003086
-0.002703
-0.002320
-0.000472
0.001377
0.002570
0.003764
0.004465
0.005166
0.006742
0.008317
0.010433
0.012550
0.014196
0.015843
0.017400
0.018957
0.020940
0.022923
0.024477
0.026031
0.026202
0.026372
0.025396
0.024420
0.022688
0.020956
0.018445
0.015934
0.013170
0.010405
0.008552
0.006698
0.005995
0.005291
0.004686
0.004082
0.002537
0.000992
-0.001516
-0.004025
-0.006758
-0.009492
-0.011783
-0.014075
-0.016118
-0.018161
-0.020715
-0.023270
-0.026214
-0.029157
-0.031205
-0.033252
-0.033759
-0.034266
-0.034207
-0.034148
-0.034541
-0.034933
-0.035193
-0.035453
-0.034495
-0.033537
-0.031521
-0.029505
-0.027596
-0.025687
-0.024522
-0.023356
-0.022340
-0.021324
-0.019351
-0.017378
-0.014298
-0.011218
-0.008613
-0.006008
-0.005386
-0.004764
-0.005341
-0.005917
-0.005491
-0.005064
-0.003064
-0.001064
0.001148
0.003360
0.004905
0.006450
0.007708
0.008966
0.010037
0.011107
0.011541
0.011976
0.012022
0.012068
0.012506
0.012945
0.013783
0.014620
0.015327
0.016034
0.016707
0.017379
0.018497
0.019615
0.021109
0.022604
0.024041
0.025479
0.026683
0.027887
0.028594
0.029302
0.028721
0.028139
0.025654
0.023169
0.019523
0.015877
0.012938
0.009999
0.009084
0.008169
0.008735
0.009302
0.009857
0.010411
0.010488
0.010564
0.010764
0.010965
0.011180
0.011395
0.010706
0.010017
0.008871
0.007724
0.007707
0.007690
0.008876
0.010062
0.010449
0.010836
0.009251
0.007667
0.004952
0.002238
-0.000567
-0.003372
-0.006132
-0.008891
-0.011321
-0.013751
-0.015183
-0.016615
-0.017155
-0.017694
-0.018024
-0.018353
-0.018591
-0.018829
-0.018687
-0.018546
-0.018178
-0.017810
-0.017404
-0.016999
-0.016290
-0.015582
-0.014611
-0.013641
-0.013206
-0.012771
-0.013468
-0.014165
-0.015689
-0.017214
-0.018822
-0.020431
-0.021365
-0.022300
-0.021936
-0.021573
-0.020112
-0.018651
-0.017171
-0.015692
-0.014856
-0.014021
-0.013306
-0.012592
-0.011489
-0.010386
-0.009308
-0.008230
-0.007618
-0.007006
-0.006517
-0.006027
-0.005226
-0.004426
-0.003339
-0.002252
-0.000817
0.000617
0.002566
0.004516
0.006581
0.008646
0.010161
0.011677
0.012699
0.013721
0.014746
0.015770
0.016760
0.017749
0.018419
0.019089
0.019745
0.020401
0.021437
0.022472
0.023609
0.024746
0.025647
0.026548
0.027608
0.028669
0.030095
0.031522
0.032523
0.033525
0.033365
0.033206
0.032339
0.031472
0.030409
0.029346
0.027582
0.025818
0.022788
0.019758
0.016099
0.012441
0.009269
0.006097
0.003922
0.001748
0.000499
-0.000751
-0.001153
-0.001555
-0.001463
-0.001371
-0.001482
-0.001592
-0.002457
-0.003321
-0.004662
-0.006002
-0.007129
-0.008256
-0.008764
-0.009272
-0.009577
-0.009881
-0.010583
-0.011285
-0.012290
-0.013295
-0.013952
-0.014609
-0.015068
-0.015527
-0.016718
-0.017908
-0.019726
-0.021544
-0.022365
-0.023185
-0.022267
-0.021348
-0.020206
-0.019064
-0.019079
-0.019095
-0.019212
-0.019329
-0.018293
-0.017258
-0.016210
-0.015161
-0.015872
-0.016583
-0.018150
-0.019717
-0.019876
-0.020035
-0.018634
-0.017233
-0.016116
-0.014998
-0.014657
-0.014317
-0.013396
-0.012474
-0.010403
-0.008332
-0.006145
-0.003959
-0.002176
-0.000392
0.001560
0.003512
0.005444
0.007376
0.008120
0.008864
0.008270
0.007675
0.006832
0.005989
0.005290
0.004591
0.003508
0.002426
0.001173
-0.000080
-0.000571
-0.001062
-0.000696
-0.000330
0.000044
0.000418
0.000306
0.000195
-0.000565
-0.001325
-0.002898
-0.004470
-0.006129
-0.007788
-0.007897
-0.008006
-0.006494
-0.004982
-0.004037
-0.003092
-0.004038
-0.004984
-0.006345
-0.007706
-0.008034
-0.008363
-0.008515
-0.008667
-0.009681
-0.010695
-0.011507
-0.012319
-0.011891
-0.011462
-0.010751
-0.010040
-0.010189
-0.010337
-0.010448
-0.010558
-0.009266
-0.007973
-0.005558
-0.003144
-0.000938
0.001268
0.002886
0.004504
0.006077
0.007649
0.009433
0.011217
0.012807
0.014398
0.015475
0.016552
0.017240
0.017928
0.018663
0.019398
0.020436
0.021474
0.022694
0.023914
0.025054
0.026195
0.027103
0.028011
0.028388
0.028764
0.028176
0.027588
0.026309
0.025030
0.024324
0.023619
0.024451
0.025284
0.027082
0.028880
0.030334
0.031788
0.032334
0.032879
0.032611
0.032342
0.031030
0.029717
0.027199
0.024681
0.021876
0.019071
0.017246
0.015422
0.014312
0.013202
0.011332
0.009463
0.006339
0.003215
0.000083
-0.003049
-0.005045
-0.007040
-0.008252
-0.009464
-0.010884
-0.012304
-0.013978
-0.015651
-0.016722
-0.017793
-0.017838
-0.017883
-0.017605
-0.017328
-0.017765
-0.018203
-0.019452
-0.020700
-0.021740
-0.022780
-0.022783
-0.022786
-0.022074
-0.021362
-0.020741
-0.020120
-0.019702
-0.019284
-0.018806
-0.018329
-0.017766
-0.017202
-0.016577
-0.015952
-0.015059
-0.014166
-0.013138
-0.012110
-0.011259
-0.010408
-0.009454
-0.008501
-0.006873
-0.005244
-0.003436
-0.001628
-0.000678
0.000272
0.000543
0.000814
0.001479
0.002143
0.002770
0.003396
0.002499
0.001603
-0.000648
-0.002899
-0.004391
-0.005882
-0.005616
-0.005351
-0.004327
-0.003303
-0.002449
-0.001595
-0.000634
0.000328
0.001317
0.002306
0.002527
0.002747
0.002079
0.001412
0.000637
-0.000138
-0.000732
-0.001325
-0.002093
-0.002861
-0.003610
-0.004360
-0.004458
-0.004557
-0.003973
-0.003389
-0.002679
-0.001970
-0.001230
-0.000490
0.000296
0.001081
0.001358
0.001635
0.001042
0.000448
-0.000085
-0.000619
0.000041
0.000701
0.002256
0.003811
0.005090
0.006370
0.007175
0.007981
0.009052
0.010124
0.011532
0.012941
0.013966
0.014991
0.015558
0.016124
0.016947
0.017770
0.018777
0.019784
0.019911
0.020038
0.018913
0.017788
0.016336
0.014885
0.013668
0.012452
0.010882
0.009312
0.007333
0.005354
0.004332
0.003309
0.004129
0.004948
0.006425
0.007902
0.008538
0.009174
0.009145
0.009115
0.009281
0.009446
0.009516
0.009586
0.008817
0.008048
0.006795
0.005543
0.004677
0.003810
0.003410
0.003010
0.002646
0.002282
0.001913
0.001543
0.001139
0.000735
0.000069
-0.000597
-0.001226
-0.001856
-0.001775
-0.001695
-0.001222
-0.000748
-0.001029
-0.001310
-0.002467
-0.003624
-0.004500
-0.005377
-0.005465
-0.005554
-0.005768
-0.005982
-0.007178
-0.008374
-0.010228
-0.012083
-0.013748
-0.015414
-0.016315
-0.017216
-0.017215
-0.017214
-0.016543
-0.015871
-0.014978
-0.014084
-0.013170
-0.012255
-0.011394
-0.010532
-0.010132
-0.009732
-0.010212
-0.010691
-0.011562
-0.012434
-0.012608
-0.012782
-0.011843
-0.010904
-0.009499
-0.008094
-0.007216
-0.006337
-0.006556
-0.006776
-0.007911
-0.009047
-0.010184
-0.011322
-0.011669
-0.012016
-0.011774
-0.011532
-0.011377
-0.011223
-0.011016
-0.010810
-0.009912
-0.009015
-0.007651
-0.006286
-0.005285
-0.004283
-0.003865
-0.003446
-0.003341
-0.003237
-0.003763
-0.004290
-0.005590
-0.006890
-0.007627
-0.008364
-0.006867
-0.005371
-0.002365
0.000641
0.002617
0.004594
0.004420
0.004247
0.003365
0.002484
0.002616
0.002748
0.004066
0.005383
0.007192
0.009001
0.010919
0.012838
0.014585
0.016331
0.017383
0.018435
0.018597
0.018759
0.018253
0.017748
0.016564
0.015381
0.013583
0.011786
0.010395
0.009003
0.009041
0.009078
0.009667
0.010256
0.009330
0.008404
0.005755
0.003105
0.000826
-0.001453
-0.002064
-0.002676
-0.002905
-0.003134
-0.004573
-0.006012
-0.007987
-0.009961
-0.010661
-0.011362
-0.010243
-0.009125
-0.007489
-0.005852
-0.005282
-0.004712
-0.005960
-0.007208
-0.009295
-0.011383
-0.012098
-0.012813
-0.010827
-0.008842
-0.005822
-0.002801
-0.001475
-0.000149
-0.000588
-0.001028
-0.000673
-0.000318
0.001636
0.003591
0.004794
0.005997
0.004606
0.003216
0.000977
-0.001263
-0.001696
-0.002129
-0.000641
0.000846
0.002460
0.004074
0.005154
0.006234
0.007382
0.008530
0.009871
0.011212
0.011902
0.012592
0.011913
0.011235
0.009231
0.007227
0.004737
0.002247
0.000404
-0.001440
-0.002335
-0.003230
-0.004121
-0.005013
-0.006394
-0.007775
-0.008625
-0.009476
-0.009046
-0.008617
-0.008154
-0.007690
-0.008502
-0.009314
-0.010508
-0.011703
-0.011574
-0.011446
-0.010120
-0.008795
-0.007614
-0.006434
-0.005733
-0.005033
-0.004231
-0.003429
-0.002425
-0.001421
-0.000446
0.000528
0.001474
0.002419
0.002928
0.003436
0.002645
0.001853
-0.000045
-0.001942
-0.003343
-0.004744
-0.004470
-0.004197
-0.002644
-0.001091
0.000775
0.002641
0.004480
0.006318
0.008133
0.009949
0.011458
0.012967
0.013705
0.014444
0.014540
0.014637
0.015023
0.015409
0.016842
0.018275
0.019913
0.021550
0.021542
0.021533
0.019753
0.017972
0.016646
0.015319
0.015843
0.016368
0.017263
0.018158
0.017763
0.017369
0.016449
0.015529
0.015545
0.015560
0.016070
0.016581
0.016315
0.016050
0.015141
0.014233
0.013359
0.012486
0.011163
0.009840
0.007377
0.004914
0.002172
-0.000571
-0.002149
-0.003728
-0.003954
-0.004180
-0.003953
-0.003727
-0.003864
-0.004001
-0.004944
-0.005887
-0.007840
-0.009793
-0.012232
-0.014671
-0.016430
-0.018189
-0.018789
-0.019390
-0.019805
-0.020221
-0.021495
-0.022768
-0.024272
-0.025775
-0.026011
-0.026247
-0.025052
-0.023856
-0.022679
-0.021502
-0.021249
-0.020995
-0.021021
-0.021047
-0.020599
-0.020150
-0.019515
-0.018880
-0.018379
-0.017877
-0.017069
-0.016261
-0.014860
-0.013459
-0.012016
-0.010574
-0.009503
-0.008432
-0.007444
-0.006457
-0.005302
-0.004146
-0.003117
-0.002087
-0.001404
-0.000722
-0.000286
0.000149
0.000360
0.000571
0.000473
0.000375
0.000233
0.000092
0.000332
0.000571
0.001421
0.002271
0.003768
0.005265
0.007275
0.009284
0.010989
0.012694
0.013160
0.013627
0.012771
0.011914
0.010421
0.008927
0.007354
0.005780
0.004573
0.003365
0.002943
0.002521
0.002462
0.002404
0.001566
0.000728
-0.001117
-0.002961
-0.004308
-0.005655
-0.005241
-0.004827
-0.003219
-0.001612
-0.000043
0.001526
0.002966
0.004406
0.005913
0.007420
0.008329
0.009239
0.008916
0.008594
0.007606
0.006618
0.005782
0.004946
0.004174
0.003402
0.002279
0.001157
-0.000042
-0.001240
-0.001866
-0.002491
-0.002516
-0.002541
-0.002354
-0.002168
-0.001763
-0.001357
-0.000188
0.000981
0.003101
0.005222
0.007598
0.009974
0.011353
0.012732
0.012359
0.011986
0.010223
0.008460
0.006649
0.004837
0.004301
0.003764
0.004700
0.005636
0.006743
0.007849
0.007674
0.007499
0.005864
0.004228
0.002499
0.000771
0.000366
-0.000039
0.001073
0.002184
0.003438
0.004691
0.004581
0.004471
0.002705
0.000939
-0.001213
-0.003365
-0.004661
-0.005956
-0.006649
-0.007342
-0.008484
-0.009626
-0.011090
-0.012555
-0.013245
-0.013936
-0.013697
-0.013458
-0.013060
-0.012663
-0.012087
-0.011511
-0.010070
-0.008628
-0.006832
-0.005036
-0.004421
-0.003806
-0.004560
-0.005314
-0.005811
-0.006309
-0.005450
-0.004591
-0.003000
-0.001409
-0.000062
0.001285
0.002284
0.003283
0.004282
0.005281
0.006554
0.007827
0.009469
0.011111
0.012923
0.014735
0.016075
0.017415
0.017617
0.017820
0.016767
0.015715
0.014124
0.012532
0.011581
0.010631
0.010854
0.011077
0.011518
0.011959
0.011259
0.010559
0.009196
0.007832
0.007621
0.007410
0.008710
0.010010
0.010906
0.011802
0.011036
0.010271
0.009008
0.007745
0.007715
0.007684
0.008753
0.009823
0.010561
0.011299
0.010867
0.010436
0.009013
0.007591
0.005661
0.003732
0.001638
-0.000456
-0.002338
-0.004220
-0.005666
-0.007111
-0.008382
-0.009653
-0.011356
-0.013058
-0.015214
-0.017370
-0.019111
-0.020852
-0.021304
-0.021757
-0.021079
-0.020401
-0.019340
-0.018280
-0.017218
-0.016156
-0.015280
-0.014405
-0.014324
-0.014242
-0.015148
-0.016054
-0.016894
-0.017734
-0.017197
-0.016659
-0.014988
-0.013316
-0.012135
-0.010953
-0.011256
-0.011559
-0.012300
-0.013041
-0.012393
-0.011746
-0.009488
-0.007229
-0.005260
-0.003290
-0.003068
-0.002847
-0.003321
-0.003794
-0.002939
-0.002083
-0.000184
0.001714
0.002660
0.003606
0.002927
0.002247
0.001316
0.000386
0.000246
0.000106
0.000712
0.001318
0.002505
0.003693
0.005254
0.006815
0.007715
0.008616
0.008052
0.007488
0.006252
0.005016
0.004265
0.003513
0.003029
0.002544
0.001700
0.000856
0.000271
-0.000314
0.000225
0.000764
0.001899
0.003033
0.003592
0.004150
0.003978
0.003806
0.003526
0.003246
0.003066
0.002886
0.002540
0.002193
0.001603
0.001013
0.000129
-0.000755
-0.001959
-0.003162
-0.004127
-0.005091
-0.004764
-0.004437
-0.002824
-0.001212
0.000236
0.001685
0.001635
0.001584
0.000387
-0.000810
-0.001688
-0.002566
-0.002216
-0.001867
-0.000638
0.000592
0.001816
0.003039
0.003740
0.004441
0.004638
0.004835
0.004817
0.004799
0.004642
0.004486
0.004030
0.003573
0.002712
0.001851
0.000923
-0.000006
-0.000461
-0.000915
-0.000369
0.000177
0.001768
0.003358
0.005233
0.007107
0.007822
0.008536
0.007348
0.006159
0.004120
0.002081
0.001086
0.000091
0.000699
0.001307
0.002368
0.003430
0.004013
0.004596
0.005086
0.005575
0.006317
0.007058
0.007167
0.007276
0.005919
0.004562
0.002622
0.000682
-0.000247
-0.001175
-0.000906
-0.000637
-0.000283
0.000072
0.000110
0.000148
0.000526
0.000903
0.001654
0.002404
0.002482
0.002560
0.001465
0.000370
-0.001115
-0.002600
-0.003746
-0.004892
-0.005903
-0.006914
-0.008004
-0.009094
-0.009699
-0.010304
-0.009908
-0.009511
-0.008650
-0.007789
-0.007519
-0.007249
-0.007933
-0.008617
-0.009743
-0.010868
-0.011759
-0.012651
-0.012923
-0.013194
-0.012787
-0.012380
-0.011577
-0.010774
-0.010065
-0.009356
-0.009027
-0.008698
-0.008566
-0.008435
-0.008160
-0.007885
-0.007375
-0.006864
-0.006176
-0.005487
-0.004560
-0.003633
-0.002487
-0.001342
-0.000329
0.000684
0.001362
0.002040
0.002852
0.003663
0.005286
0.006909
0.009301
0.011692
0.014178
0.016663
0.018580
0.020497
0.021417
0.022337
0.021929
0.021522
0.020060
0.018598
0.017131
0.015664
0.015225
0.014785
0.015092
0.015399
0.015197
0.014994
0.013752
0.012511
0.011351
0.010192
0.010320
0.010448
0.011338
0.012228
0.012181
0.012133
0.010510
0.008888
0.006766
0.004644
0.003209
0.001773
0.001153
0.000534
0.000318
0.000102
-0.000085
-0.000271
-0.000820
-0.001368
-0.002096
-0.002824
-0.002618
-0.002413
-0.000887
0.000639
0.001767
0.002896
0.002009
0.001121
-0.000562
-0.002246
-0.002326
-0.002406
-0.001031
0.000344
0.000886
0.001429
0.000391
-0.000646
-0.001430
-0.002214
-0.001272
-0.000330
0.001634
0.003597
0.005131
0.006665
0.007249
0.007832
0.007852
0.007872
0.007957
0.008043
0.008635
0.009228
0.010093
0.010958
0.011457
0.011957
0.011725
0.011494
0.010715
0.009937
0.008840
0.007744
0.006365
0.004985
0.003409
0.001834
0.000479
-0.000876
-0.001708
-0.002540
-0.003129
-0.003717
-0.004716
-0.005714
-0.007283
-0.008852
-0.010264
-0.011675
-0.012080
-0.012485
-0.011964
-0.011444
-0.010927
-0.010411
-0.010520
-0.010630
-0.011289
-0.011948
-0.012765
-0.013583
-0.014309
-0.015036
-0.015419
-0.015801
-0.015539
-0.015277
-0.014215
-0.013152
-0.011521
-0.009890
-0.008412
-0.006934
-0.006295
-0.005656
-0.005601
-0.005546
-0.004811
-0.004075
-0.002098
-0.000121
0.001970
0.004061
0.004822
0.005583
0.005038
0.004492
0.003650
0.002807
0.002289
0.001771
0.001689
0.001608
0.001961
0.002315
0.002621
0.002928
0.002449
0.001970
0.001061
0.000153
0.000129
0.000105
0.001289
0.002472
0.003896
0.005321
0.006521
0.007720
0.008816
0.009912
0.010030
0.010147
0.008252
0.006357
0.003835
0.001313
0.000775
0.000237
0.001561
0.002884
0.003310
0.003735
0.002376
0.001018
-0.000204
-0.001426
-0.001454
-0.001482
-0.001572
-0.001663
-0.002642
-0.003621
-0.004725
-0.005830
-0.006289
-0.006748
-0.006466
-0.006184
-0.005103
-0.004021
-0.002468
-0.000916
0.000110
0.001137
0.001360
0.001584
0.002103
0.002622
0.003900
0.005179
0.006151
0.007124
0.007271
0.007418
0.007973
0.008528
0.010112
0.011696
0.013005
0.014314
0.013835
0.013356
0.011307
0.009258
0.007154
0.005049
0.004217
0.003385
0.003749
0.004113
0.004156
0.004199
0.002899
0.001600
0.000062
-0.001476
-0.001561
-0.001645
-0.000898
-0.000151
-0.000578
-0.001006
-0.002643
-0.004281
-0.005336
-0.006391
-0.006573
-0.006754
-0.007693
-0.008631
-0.010938
-0.013244
-0.015561
-0.017878
-0.018931
-0.019983
-0.019705
-0.019427
-0.018198
-0.016968
-0.015337
-0.013706
-0.012660
-0.011613
-0.011760
-0.011907
-0.012748
-0.013589
-0.014422
-0.015255
-0.016044
-0.016834
-0.017446
-0.018059
-0.017877
-0.017694
-0.016688
-0.015682
-0.014661
-0.013639
-0.012827
-0.012015
-0.010670
-0.009325
-0.007214
-0.005102
-0.003043
-0.000985
0.000507
0.001999
0.003084
0.004170
0.004513
0.004855
0.003797
0.002739
0.001211
-0.000316
-0.000294
-0.000273
0.001653
0.003579
0.005482
0.007385
0.007920
0.008455
0.007899
0.007342
0.005945
0.004548
0.001967
-0.000614
-0.003293
-0.005972
-0.006537
-0.007103
-0.005024
-0.002945
-0.000368
0.002209
0.003220
0.004231
0.003520
0.002808
0.001231
-0.000346
-0.002004
-0.003663
-0.004578
-0.005494
-0.005157
-0.004821
-0.003646
-0.002471
-0.001065
0.000342
0.001936
0.003531
0.005181
0.006832
0.007754
0.008676
0.008303
0.007930
0.006610
0.005289
0.003617
0.001945
0.000310
-0.001326
-0.002307
-0.003289
-0.002958
-0.002626
-0.001163
0.000300
0.002019
0.003738
0.005189
0.006641
0.007785
0.008930
0.009597
0.010265
0.010225
0.010186
0.009449
0.008713
0.007336
0.005959
0.004354
0.002749
0.002187
0.001625
0.003128
0.004631
0.006897
0.009162
0.009796
0.010430
0.009240
0.008050
0.007357
0.006665
0.007460
0.008256
0.008756
0.009257
0.007900
0.006543
0.004235
0.001928
0.000344
-0.001241
-0.001620
-0.001999
-0.001354
-0.000709
0.000566
0.001842
0.002703
0.003565
0.003153
0.002741
0.002042
0.001344
0.001936
0.002529
0.003827
0.005126
0.005018
0.004910
0.003026
0.001142
-0.000828
-0.002798
-0.003661
-0.004525
-0.004672
-0.004818
-0.005010
-0.005201
-0.005912
-0.006623
-0.008072
-0.009521
-0.011169
-0.012816
-0.013413
-0.014010
-0.012964
-0.011918
-0.009928
-0.007938
-0.005816
-0.003695
-0.001869
-0.000044
0.000925
0.001894
0.001727
0.001561
0.001178
0.000795
0.001141
0.001486
0.001860
0.002233
0.001378
0.000524
-0.000979
-0.002482
-0.002713
-0.002944
-0.001319
0.000306
0.002389
0.004471
0.005515
0.006560
0.006299
0.006037
0.004942
0.003848
0.002323
0.000799
-0.000883
-0.002565
-0.003978
-0.005391
-0.006154
-0.006917
-0.007263
-0.007609
-0.008175
-0.008741
-0.009435
-0.010129
-0.009900
-0.009671
-0.008024
-0.006378
-0.004665
-0.002952
-0.002929
-0.002906
-0.004693
-0.006480
-0.008657
-0.010833
-0.012140
-0.013446
-0.013228
-0.013011
-0.011146
-0.009281
-0.006493
-0.003705
-0.001481
0.000744
0.001320
0.001897
0.000962
0.000026
-0.001769
-0.003564
-0.005668
-0.007771
-0.009585
-0.011399
-0.012311
-0.013223
-0.013419
-0.013615
-0.013443
-0.013270
-0.012304
-0.011338
-0.009199
-0.007060
-0.004877
-0.002693
-0.001795
-0.000897
-0.000637
-0.000377
0.000768
0.001912
0.003389
0.004865
0.004473
0.004081
0.001891
-0.000300
-0.001480
-0.002659
-0.001457
-0.000254
0.001213
0.002679
0.002417
0.002154
0.001073
-0.000008
-0.000184
-0.000361
0.000403
0.001167
0.002095
0.003024
0.004077
0.005130
0.006429
0.007729
0.008965
0.010202
0.011313
0.012424
0.013539
0.014654
0.015067
0.015480
0.014394
0.013308
0.011730
0.010152
0.009909
0.009666
0.010742
0.011818
0.012449
0.013080
0.012462
0.011843
0.010716
0.009588
0.008497
0.007406
0.006271
0.005135
0.004301
0.003467
0.003458
0.003449
0.003696
0.003944
0.003348
0.002753
0.001372
-0.000009
-0.001050
-0.002092
-0.002409
-0.002727
-0.003223
-0.003719
-0.005105
-0.006492
-0.008088
-0.009685
-0.010030
-0.010376
-0.008720
-0.007064
-0.004256
-0.001449
0.000612
0.002674
0.002626
0.002577
0.000974
-0.000629
-0.002068
-0.003508
-0.003810
-0.004112
-0.003712
-0.003312
-0.002536
-0.001760
-0.000060
0.001640
0.004486
0.007332
0.009956
0.012580
0.013226
0.013873
0.012626
0.011378
0.010045
0.008712
0.008700
0.008689
0.009457
0.010225
0.010470
0.010714
0.009939
0.009163
0.008427
0.007690
0.008097
0.008503
0.009801
0.011099
0.011638
0.012176
0.011204
0.010232
0.009134
0.000000
