2.019512006752295641e-01
3.151388107821086887e-02
5.075552715284391975e-02
5.515943847104996800e-02
1.842909600032106576e-01
1.102277815948183026e-01
1.174549382973727740e-01
7.777689985247955573e-02
1.429827412158900524e-01
3.795930959702990132e-02
3.779199965727721849e-02
1.357623939447534789e-01
1.015200793292418691e-01
1.076258785368459786e-01
1.878400034639077232e-01
1.925171486748337157e-01
5.447254490659241000e-02
2.083744164175303504e-01
9.603374247687709864e-02
7.420213060215961887e-02
3.268355533587118944e-01
7.681655315723175115e-02
3.620288451929363216e-01
9.973239472409282935e-02
6.382178261562043708e-02
1.542298733503230657e-01
1.538412985462565274e-01
5.938838083148265112e-02
1.276566143470609926e-01
2.361899695749140327e-01
2.032525223245812140e-01
1.487593105367364943e-01
5.634954374093273377e-02
2.092031454373425303e-01
2.222136799344049396e-01
1.232386733501154991e-01
1.132623874225185678e-01
5.405203062511066553e-02
1.255168925032946192e-01
5.976161457667503174e-02
3.636665964923367356e-01
1.238899014673892629e-01
2.000585840757543865e-01
4.119311758744994001e-01
1.326151537250956358e-01
5.364683440087403277e-02
2.947008724952067116e-01
1.701547368598585741e-01
1.016004013953836632e-01
1.502235083928105952e-01
7.003171567345221893e-02
1.760088898519664435e-01
3.281939098152402146e-01
1.360498480511407315e-01
6.698621452389792730e-02
5.978152473634474467e-02
2.744685169273389236e-01
1.209101301630404468e-01
2.040240120269596891e-01
1.975370489247587624e-01
3.636295196940014240e-01
1.463181828634228798e-01
2.204900496256319009e-01
6.786080269436937928e-02
7.121013510580302963e-01
1.433642494457568473e-01
8.644370621572904090e-02
1.251056157449646766e-01
1.787052732202091265e-01
2.797856481185915234e-01
4.514831936111670108e-01
2.801678059539417509e-01
1.599248780333354936e-01
9.291537332558114093e-02
5.461429595833809658e-02
1.852582137672923734e-01
2.595750279505631974e-01
3.330729626303535196e-01
1.503560256308036358e-01
1.874090072016694475e-01
4.204019661115448447e-01
3.151085540292257181e-01
2.532880261376983522e-01
1.731853752923727119e-01
1.205317162739140135e-01
3.353552237429957561e-01
3.116880911602630810e-01
4.736725822833312005e-01
9.268049755190434225e-02
2.513971732453860741e-01
2.438902043692700583e-01
3.324793590676550226e-01
3.282261096490438068e-01
3.739487633361646135e-01
4.257451338692559428e-01
2.300804315872782280e-01
3.332362304427934907e-01
1.633040084799450564e-01
7.425417670116001012e-02
4.663897154684551460e-02
7.564043993992434212e-01
1.710865671235587415e-01
6.527300237629998225e-01
2.223179444141352157e-01
2.966839884799993277e-01
4.197587963895034746e-01
1.266595602908069662e-01
7.274393619357473473e-02
1.464037383584676222e-01
4.581882420304269066e-01
2.365733628535745814e-01
1.708941629776953852e-01
2.036002514010886444e-01
3.695729714978003289e-01
3.117379108215007633e-01
5.576139442120916501e-01
3.075372181775072877e-01
3.534882748076663694e-01
4.482198879540834624e-01
1.117929647979917507e-01
6.789741942865312740e-01
3.688082095999674626e-01
3.877815327105384458e-01
6.858887974254435083e-01
3.639021301867613190e-01
6.130859330702991272e-01
1.610848194364083164e-01
3.535538045850362132e-01
3.806666672949382546e-01
1.709412143557629271e-01
9.611788390154922535e-02
4.828727848012124291e-01
3.094158397987785136e-01
7.547816892008368805e-01
3.168772537012505830e-01
3.332122372457491100e-01
5.471443006309810730e-01
4.693223611774798298e-01
1.281281928134833104e-01
1.378931935490744776e-01
