1.037120391770707112e-01
1.593440565378149293e-02
6.062259670507125914e-02
1.718009249245236111e-02
2.783280163017583242e-02
1.364016366386641144e-01
4.009727974022223029e-02
4.005570933825720881e-02
3.196363176313372217e-02
3.578106226788883154e-02
4.491723892601329204e-02
5.360647738327177503e-02
1.432726312511942504e-02
1.781280833737173414e-02
7.644733874736209245e-02
1.034453972188311560e-01
3.207098841576050408e-02
3.774304968881424249e-02
8.448967209734171979e-02
6.083100716419904963e-02
1.835451748306461683e-01
3.128525976332126313e-02
3.119924525218616129e-02
1.202446567751691703e-01
2.178389064605184416e-02
6.288220272258880639e-02
6.632932772803565302e-02
5.093071832093392509e-02
1.648760341517018294e-02
8.049864745496154717e-02
1.039655605580285247e-01
4.205133444832263867e-02
2.141709320693883228e-02
6.628115521597784110e-02
1.410565260680089472e-01
2.359998319970478195e-02
5.147015256664130151e-02
4.539400981014000969e-02
8.807752478766088522e-02
7.212795587139415876e-02
3.180070332484411511e-01
7.373874104818434194e-02
1.194979375986875147e-01
2.161151882658797208e-01
3.751913898313325585e-02
4.504718161203867532e-02
2.539704777817976961e-02
6.936635102615633375e-02
8.590454998739123493e-02
1.495875027580589045e-01
6.605044669552574688e-02
4.245354867470969851e-02
9.016949711618811591e-02
1.064637917119210797e-01
1.146792015346246620e-02
7.215199933326918447e-02
4.004243664868955416e-02
1.069763157448921642e-01
4.792848225145616287e-02
1.724304861184441096e-01
3.179742019187382085e-01
4.963294396074672404e-02
9.745572210317998696e-02
9.079684072995820865e-02
4.029609862779384710e-01
9.267541858642880381e-02
1.106208656908251042e-01
1.436545002293746487e-01
6.981732963558741345e-02
2.199374858925680076e-01
3.226185938891297789e-01
8.850619834013180587e-02
1.404411394045630701e-01
7.991903589309524991e-02
3.215444884821379301e-02
2.901061129197718760e-02
9.590090072854004499e-02
1.939294894590460616e-01
4.332302402029768879e-02
9.134698535688705323e-02
3.865749124622729349e-01
1.173919081977761181e-01
1.725513999278197597e-01
1.131247250372919566e-01
2.116803786689410161e-01
1.648038424678540392e-01
3.095572996054749559e-01
3.070068345559261447e-01
7.981226218733385169e-02
1.495018364452399828e-01
1.742780393235555392e-01
1.937428736525976525e-01
1.570561852326538277e-01
8.790361557978185192e-02
5.248134729225082395e-01
1.196993958650677953e-01
1.847716531145545404e-01
5.700066946519278394e-02
3.024167729027001095e-02
3.343919366123392078e-02
6.899588942298691130e-01
6.382808036021569986e-02
6.002084314803639575e-01
1.191857707726983739e-01
1.922935933474003434e-01
1.460643250941120186e-01
2.184970507496771241e-01
9.740798664251655581e-02
7.516037070254279195e-02
6.226871440131216406e-01
8.081081104228284018e-02
2.449345163628160460e-01
1.575867027001024989e-01
8.038890383959883257e-02
2.338156933985021391e-01
4.829643590386705210e-01
1.950634155274023340e-01
3.131334564807494170e-01
1.839918331680991948e-01
1.240266210352900661e-01
1.476896053480077076e-01
2.867558216802400528e-01
2.194366779929510236e-01
1.242861090639140187e+00
2.875849039740101531e-01
3.399417098736907117e-01
2.316905324513252318e-01
3.126562024794882211e-01
7.047715458455094950e-02
6.390087905531297019e-02
2.327588126030177007e-01
3.129707755889937215e-01
1.916515154468696747e-01
6.884786427109100826e-01
4.354773770982820480e-01
1.942802785556304035e-01
2.061893725051755222e-01
5.817543046165415399e-01
1.715701309561670773e-01
9.949486300466324484e-02
