1.040532580373017962e-01
1.599021706244960553e-02
5.599875147155894406e-02
1.791214517256006777e-02
2.791504997907583163e-02
1.012539008343641550e-01
3.822820098366017799e-02
5.243239673867374634e-02
3.878966766186490306e-02
3.025981247880473943e-02
3.915387572119086862e-02
4.845469524093674873e-02
0.010000000000000000e+00
2.235359229710520701e-02
1.031960921680113025e-01
1.242274878773949875e-01
2.852576072773247914e-02
4.456009393217782999e-02
6.355236670900367424e-02
5.004971897557956850e-02
1.910484143648106259e-01
3.480912359686708091e-02
3.725145016244160029e-02
9.161518857451222964e-02
2.077252875291693557e-02
8.487780611221516780e-02
5.955526887054274354e-02
4.378935023932846449e-02
2.203520412522114516e-02
1.024579915913350209e-01
1.042982311358887776e-01
4.299356074859472104e-02
2.694325681379516543e-02
5.207758331516874201e-02
1.531887799133248573e-01
2.171875067200756612e-02
4.694980158762215861e-02
5.099431617882281553e-02
6.954958837801426819e-02
6.061804893017467416e-02
2.428417005902056836e-01
6.646140022245418388e-02
8.619529197176477309e-02
2.325089322512149115e-01
4.369628618600669701e-02
5.059088911678105704e-02
3.032367496561783754e-02
9.363470071436903741e-02
9.641781711368868635e-02
1.383687124323989270e-01
5.587179413613387741e-02
5.297626824417819846e-02
9.340392141944398041e-02
1.106559214403411290e-01
1.737387231493304693e-02
6.063825475940756715e-02
5.604303483760604554e-02
7.939621668905740004e-02
4.311366462909126118e-02
1.427300364686604206e-01
2.428166429971875262e-01
4.207582846606601479e-02
1.135145603837313250e-01
8.718045322222291171e-02
3.652286399390538008e-01
7.832906592847151128e-02
1.049494139633486839e-01
1.134611126004798909e-01
6.693717219526361395e-02
1.847393043130617918e-01
2.938113479255650140e-01
1.138443164229876875e-01
1.042401380841295050e-01
8.282897733372601712e-02
2.859999539828454729e-02
4.597794351535628571e-02
8.561066204615577768e-02
2.071400097459674960e-01
5.860730726371479737e-02
9.316743504735056081e-02
2.315558143144695047e-01
1.057120177055528298e-01
1.594289396276216686e-01
1.121640852741514899e-01
1.944390820151886690e-01
2.072498128907175885e-01
3.704469603892933116e-01
3.408935817101130250e-01
8.270122683116076789e-02
1.347360404478936402e-01
1.587163596971951918e-01
2.069220411559198058e-01
1.552741869314720469e-01
7.908072404382686382e-02
3.632900973096420127e-01
1.121623844713329765e-01
1.360476898443677696e-01
8.381215864062130372e-02
3.364798895480548835e-02
4.728118582134479414e-02
7.232659325642438741e-01
5.744932706301279779e-02
3.595207856125684498e-01
1.676250126644679705e-01
2.135184923805019119e-01
2.021683360094642667e-01
1.240587988931345920e-01
1.165006749474639253e-01
7.537090891326783670e-02
3.717155212282904353e-01
1.027689859320291832e-01
1.660641775799623632e-01
1.749111817916866041e-01
7.704196121680456644e-02
1.947943085614201875e-01
5.326376438695860083e-01
2.118275913578783753e-01
3.581638188836981929e-01
1.501271183307213153e-01
1.244767583359439878e-01
1.415406614794997298e-01
2.433817704007271709e-01
1.988891933727348627e-01
8.579794405756483444e-01
3.139946884196946897e-01
2.502996987407504204e-01
2.130498114863882131e-01
3.577077217358093919e-01
7.515296375766342130e-02
5.750402910244603594e-02
1.933552835282355276e-01
3.475157643119631268e-01
2.284899042705497707e-01
7.217142621695785687e-01
3.702324999505947623e-01
2.074604170224647326e-01
1.745841059958309904e-01
4.162566475166564750e-01
2.051991390873635357e-01
1.085733063991109054e-01
