0.0243702738689008
0.00287681328511833
0.00826020525000818
0.00166577186569290
0.00327113706694866
0.0172439648941904
0.00712996212404111
0.00857251740022128
0.00625923490959731
0.00433790261355425
0.00596181675247108
0.00500858408340786
0.00181855239016740
0.00309752963245249
0.0150300934992747
0.0176345019315401
0.00600594177436142
0.00328641570905364
0.00943523472430208
0.00851061400741823
0.0143610072472430
0.00648953389497932
0.00324939217984522
0.0278997970107417
0.00387777500262072
0.0123621620167791
0.00750783353698486
0.00507405367751033
0.00184984142287159
0.0102969855061075
0.0244321964857951
0.00743359477200263
0.00482654386773109
0.00872654369914330
0.0276184178385475
0.00215326294028566
0.00773775226570735
0.00713454374088262
0.00818816006247849
0.00935974893130283
0.0399858922232139
0.00851992662760862
0.0139973995110591
0.0221555369378504
0.00372503096283122
0.00707846267649844
0.00264508939172874
0.0136305277654255
0.0178801160818014
0.0144389579143276
0.00800675739998747
0.00442981934091030
0.0179893741791864
0.0111780224858691
0.00172677956036743
0.00936286855935454
0.00397359150898493
0.0146472676693531
0.00406005027635876
0.0214741491545594
0.0399817677335226
0.00628683678006505
0.0194727001532382
0.0335145535597515
0.0365350210684123
0.0187063249121231
0.0403950785879589
0.0369492779274106
0.00633657047090408
0.0252848377578503
0.0432397380642308
0.0105024369781983
0.0192274677479932
0.0201377172985163
0.00602157103610456
0.00402179025179006
0.0140845022344932
0.0362765745319893
0.00552361928542547
0.00832250903889915
0.0545454365109024
0.0200744539849391
0.0236145873168801
0.0119699298945193
0.0473825026139742
0.0163172524232632
0.0578412157637693
0.0407657195702683
0.0201054751271689
0.0311644070998767
0.0233580315256935
0.0362371144472895
0.0167779748720160
0.00744639358703453
0.0455961290375995
0.0313286473451977
0.0191866808795100
0.00541351105405317
0.00627306122545588
0.00453271230885298
0.0802088206838068
0.0109111799109191
0.0846889770154826
0.0277728267798997
0.0255335761626620
0.0152897980817932
0.0415131262235502
0.0389706254740245
0.0176625024547106
0.0779920467395836
0.0103348857056313
0.0384399813219326
0.0442731272479278
0.00811955871934788
0.0210447257950124
0.0500531386374625
0.0381903000256995
0.0695515624625038
0.0194043112468332
0.0224016982355505
0.0149171759553428
0.0706780917516821
0.0198955342162617
0.109728967534932
0.0492708530444097
0.0352995339709184
0.0257033102417749
0.0694773790540660
0.00733502177130090
0.0109213413890117
0.0384006695915858
0.0415576176510047
0.0265513438852075
0.0800367862044034
0.0661554234678427
0.0363432737446392
0.0331380109938228
0.0646007251253474
0.0686411512839915
0.0161294151145626