0.00797895289929439
0.00228255237778576
0.00935531665541874
0.00130009180955267
0.00343095453157131
0.0128630038224660
0.00437667057883785
0.00477243870010254
0.00718777114542502
0.00414872397270126
0.00410992039877534
0.00371287324919969
0.000788792231478021
0.00340661273644786
0.00777512559168126
0.0194334140306587
0.00232421893404826
0.00215437359532994
0.00701183266835633
0.00430534828608361
0.0260583967033456
0.00543289016209811
0.00238593611338607
0.00989471397185992
0.00238071019330947
0.00639800335761788
0.00576106669856339
0.00342428605837467
0.00199968461770129
0.00933004721871191
0.00798543934619474
0.00659028161876993
0.00434317485354210
0.00314386610326945
0.0236980829914945
0.00139291779958944
0.00290091600403769
0.00870458842879986
0.00462600613133645
0.0109065042484408
0.0173895425694176
0.00633943526588434
0.00655495994058568
0.0209973178337256
0.00367636283799159
0.00863852318784700
0.00194221834566026
0.00706393564479424
0.00933188795051410
0.0143987216208253
0.00766295450264570
0.00370758181583291
0.0108597103383880
0.0245100598290393
0.00272664970163944
0.0109101377766589
0.00427942009591854
0.00903567228084341
0.00230598121071116
0.0153360089660496
0.0173877497311851
0.00510333628151934
0.0117879284060498
0.0122382915408870
0.0372206161735728
0.0183739115168174
0.0235244242707685
0.0150148041602453
0.00433331593721222
0.0285705230810331
0.0254279637982154
0.00667588915624346
0.0118574042555400
0.0170075067020341
0.00233026815601944
0.00536157238147206
0.0104749503835800
0.0216490386509665
0.00919405673799902
0.00726794879752671
0.0174162229012466
0.00869878839731053
0.0139285103824415
0.00726752696473840
0.0440546956635379
0.0145020562369053
0.0554081467920416
0.0484009762552264
0.0169822617051190
0.0129134585660387
0.0137361316293399
0.0216252285239644
0.0194195671490935
0.00423155884000247
0.0290988776826625
0.0107135413344312
0.0105730848608757
0.0133387664406503
0.00525165841579040
0.0112824066375455
0.0710683500098137
0.00472632477693530
0.0270409695246005
0.0290009063747656
0.0303159110644392
0.0145938795270870
0.0235636268756306
0.0271061272629588
0.00576463247691753
0.0466476763259215
0.00935347947490753
0.0413890737214309
0.0204002315100115
0.00519066649124263
0.00982918372895052
0.0540737093653508
0.0327638462754738
0.0520202926019576
0.00843459727494711
0.0168634468011247
0.00953625348931439
0.0292795323819965
0.0202688882820605
0.0920522748738685
0.0321655308890902
0.0194522996661978
0.0323095821231770
0.0519488821376957
0.00809568789536364
0.00473076270926423
0.0508818301569483
0.0493412040861566
0.0163673695154210
0.0709159036515440
0.0536256085649588
0.0216847930942361
0.0153653958622278
0.0586734217729278
0.0477435333947685
0.0129288313774939